282.8546054363251
281.6272556781769
282.0082013607025
281.55085945129395
282.0209083557129
281.83051896095276
281.7865264415741
282.01180720329285
281.68376207351685
281.8830871582031
281.9870972633362
281.73059844970703
281.5696668624878
281.92982816696167
281.93482637405396
287.17803740501404
282.3303818702698
281.85908365249634
281.71140480041504
281.9285497665405
282.0898771286011
283.31174755096436
281.9835875034332
282.66673398017883
300.1749196052551
323.3609821796417
288.38670897483826
288.9786124229431
324.40117263793945
308.1864867210388
316.3776578903198
604.0113351345062
283.52912878990173
282.6682069301605
281.85729789733887
281.8677010536194
281.9034757614136
281.75915455818176
281.96383810043335
281.58185935020447
281.78003001213074
281.67217087745667
281.63345313072205
281.8097834587097
281.6285569667816
281.7336413860321
300.4518141746521
282.746702671051
293.74141359329224
313.77812576293945
312.60047340393066
287.87735867500305
335.52833890914917
335.62521171569824
331.25133514404297
333.90580654144287
334.1540787220001
333.2952926158905
335.6587257385254
335.3539206981659
314.85712122917175
284.12626814842224
283.589501619339
281.7320730686188
281.73094749450684
281.76874685287476
281.7516212463379
281.85180163383484
281.68778228759766
281.9301528930664
281.68144726753235
281.66086769104004
281.72592210769653
281.6757116317749
281.9590766429901
281.6054151058197
281.6407127380371
281.68708062171936
281.5269124507904
281.63035917282104
281.69408226013184
281.5600628852844
281.88811111450195
281.64228439331055
281.7281482219696
281.9702625274658
281.53308367729187
281.81476163864136
281.7423379421234
281.65926861763
281.76404666900635
281.5687189102173
320.14993953704834
338.346116065979
338.0093836784363
336.5461826324463
334.9383203983307
337.85569953918457
339.01716446876526
337.4356882572174
334.8612267971039
339.8029580116272
338.7783672809601
335.65965008735657
338.08690762519836
339.1058976650238
340.3696811199188
335.157452583313
337.2750241756439
337.55662846565247
339.4047739505768
335.507554769516
336.5376191139221
339.1718075275421
337.67955899238586
335.2519199848175
336.14324831962585
338.3922965526581
337.6086459159851
335.10004329681396
337.218466758728
339.40392661094666
337.0798635482788
336.735671043396
337.39693665504456
339.12638998031616
338.8721432685852
336.7462465763092
337.9641635417938
338.61756110191345
333.0252265930176
307.3789393901825
282.14459323883057
281.8609070777893
281.8691773414612
282.0024218559265
281.87284111976624
281.8506863117218
282.0606598854065
282.002965927124
282.0237150192261
281.9532878398895
281.85546374320984
281.8793694972992
282.1312303543091
281.66407108306885
281.9499418735504
281.9806663990021
281.8101680278778
282.022412776947
290.93285179138184
333.90118193626404
337.2384877204895
334.5357437133789
336.37268805503845
335.2064914703369
335.0312132835388
337.56103229522705
337.1299548149109
333.33161759376526
333.8900430202484
336.12795090675354
337.1025023460388
334.08150339126587
336.9739327430725
338.6469295024872
299.72717118263245
282.4521815776825
282.3255252838135
282.0799527168274
282.41607785224915
281.92784905433655
282.3847584724426
282.0427956581116
282.2521126270294
282.11371302604675
281.802045583725
281.97782468795776
281.89228224754333
281.93831872940063
281.97383642196655
281.66503286361694
281.95525193214417
281.85802125930786
281.89823603630066
281.94157791137695
282.0223591327667
282.133398771286
281.8238482475281
281.82794857025146
281.96794962882996
281.77337646484375
281.83438086509705
281.9204421043396
281.7658910751343
282.4331350326538
281.86590814590454
281.9732472896576
281.87830805778503
281.82405519485474
282.1496331691742
281.80053758621216
281.84428691864014
281.9746091365814
281.6951072216034
282.0742139816284
281.9367890357971
282.048574924469
282.08578753471375
281.7147572040558
281.92666149139404
281.9056673049927
281.8408715724945
281.9913504123688
281.86220717430115
281.7901635169983
281.9744770526886
281.7710008621216
281.9826571941376
281.7835509777069
290.1673684120178
282.0480194091797
281.6705639362335
282.08841371536255
281.84976959228516
281.91721749305725
282.02137088775635
281.8089027404785
282.02574157714844
282.01195669174194
281.9231495857239
281.8956141471863
281.79093408584595
281.9845404624939
281.932368516922
282.2883975505829
282.0456783771515
281.76765489578247
282.00855827331543
281.81897377967834
281.890442609787
282.00077176094055
281.77969884872437
281.92426776885986
281.8929674625397
281.863911151886
282.01666378974915
281.8747630119324
281.88431429862976
281.90051436424255
281.8781464099884
281.9819300174713
281.8764636516571
281.8583400249481
281.9188380241394
281.8349070549011
281.9518005847931
281.9296090602875
281.87273836135864
281.9562509059906
282.03408098220825
282.9241499900818
281.92815041542053
281.7088668346405
282.10503792762756
281.84322142601013
281.8536202907562
281.90060234069824
281.824161529541
281.97256112098694
281.9921832084656
281.96846985816956
281.9450352191925
281.9227669239044
282.4713399410248
281.849173784256
281.8696291446686
319.0534942150116
339.8970437049866
338.068972826004
336.2820830345154
336.7302370071411
339.5604338645935
283.032390832901
281.96475744247437
281.7685260772705
281.8337552547455
281.97256541252136
281.8542408943176
282.08744597435
281.92048501968384
282.009925365448
281.95005798339844
281.8797936439514
281.9966971874237
281.90360379219055
281.88126826286316
282.024897813797
281.8971643447876
282.0013813972473
