4.5794291496276855
4.521862983703613
4.4686079025268555
4.507504463195801
4.430942535400391
4.477759838104248
4.452975273132324
4.381580352783203
4.395934581756592
4.415772914886475
4.339722156524658
4.371757984161377
4.476673603057861
4.360259056091309
4.472815990447998
4.437538146972656
4.327115058898926
4.3546142578125
4.3845014572143555
4.228470802307129
4.278890609741211
4.357807636260986
4.344953536987305
4.285302639007568
4.421655178070068
4.471186637878418
4.284869194030762
4.334866523742676
4.246920108795166
4.469405651092529
4.211248874664307
4.381908893585205
4.304518222808838
4.3148980140686035
4.433816432952881
4.271792888641357
4.284781455993652
4.2603936195373535
4.279489517211914
4.406212329864502
4.214179515838623
4.218677997589111
4.191784858703613
4.325024127960205
4.2949934005737305
4.185632228851318
4.063282012939453
4.166009902954102
4.209603309631348
4.340819835662842
4.341899394989014
4.263643741607666
4.283754825592041
4.115872383117676
4.115684509277344
4.305514812469482
4.089202404022217
4.191213607788086
4.084599018096924
3.9445688724517822
4.046658039093018
4.165678977966309
4.26118803024292
4.13049840927124
4.074723720550537
4.090879917144775
4.098730087280273
4.092864990234375
4.079065799713135
4.133095741271973
4.0251593589782715
4.222512722015381
4.216852188110352
4.002756595611572
4.311395168304443
4.082363605499268
3.975977897644043
4.1879777908325195
4.248270034790039
3.9236648082733154
4.12046480178833
3.9879510402679443
4.346941947937012
3.826014757156372
3.9756503105163574
3.9791269302368164
4.148693084716797
3.9861130714416504
3.9273228645324707
4.069320201873779
4.016647815704346
4.020751953125
3.924063205718994
4.026276588439941
4.00560188293457
4.190606594085693
3.9215595722198486
3.87397837638855
4.069496154785156
4.184678077697754
3.8826773166656494
4.0451531410217285
3.970670223236084
3.887722969055176
4.000235557556152
4.018752574920654
3.664057493209839
3.9508767127990723
3.870558738708496
3.9076828956604004
3.960221529006958
3.8126392364501953
3.9529566764831543
3.948556423187256
3.748518943786621
4.01560640335083
3.7391982078552246
3.714604139328003
3.922973155975342
3.854137897491455
3.9617743492126465
3.7916901111602783
3.8661065101623535
3.869858741760254
3.9039158821105957
3.833517074584961
3.72481369972229
3.6306142807006836
3.9047858715057373
3.6944401264190674
3.6337552070617676
4.116890907287598
3.832050323486328
3.6687393188476562
3.7189714908599854
3.7002642154693604
4.105751991271973
3.619830846786499
3.8810408115386963
3.783057928085327
3.92378830909729
3.703731060028076
3.7796566486358643
4.002305030822754
3.7636663913726807
3.802241086959839
3.492372751235962
3.6159539222717285
3.646974802017212
4.039804458618164
3.8918495178222656
3.7270748615264893
3.576221466064453
3.809544086456299
3.6739296913146973
3.808786153793335
3.6353085041046143
3.6410584449768066
3.5938031673431396
3.9108784198760986
3.824774742126465
3.5910093784332275
3.726513385772705
3.465451240539551
3.4599833488464355
3.6768743991851807
3.834052801132202
3.572077989578247
3.9885239601135254
3.4855973720550537
3.634936571121216
4.163402557373047
3.742990255355835
3.708742618560791
3.588308811187744
3.564201831817627
3.4128968715667725
3.6172614097595215
3.5164315700531006
3.726428985595703
3.5409882068634033
3.8606274127960205
3.531470775604248
3.692074775695801
3.4666812419891357
3.3313770294189453
3.397392511367798
3.3434033393859863
3.765596866607666
3.3958182334899902
3.768829345703125
3.4539151191711426
3.4648590087890625
3.5476839542388916
3.5205020904541016
3.7676196098327637
3.4073197841644287
3.416569709777832
3.659928560256958
3.7250254154205322
3.5861151218414307
3.562528371810913
3.2424662113189697
3.463899612426758
3.563345432281494
3.3946914672851562
3.3303873538970947
3.474301815032959
3.470405340194702
3.7057735919952393
3.5036568641662598
3.4079103469848633
3.6282379627227783
3.5539357662200928
3.8613150119781494
3.355133533477783
3.546316146850586
3.363241672515869
3.492767810821533
3.294961929321289
3.5612831115722656
3.570399522781372
3.7012791633605957
3.3559370040893555
3.643314838409424
3.5644028186798096
3.561931610107422
3.5772578716278076
3.3932042121887207
3.238450050354004
3.6801600456237793
3.6614887714385986
3.4847593307495117
3.400088310241699
3.3988826274871826
3.479773759841919
3.649407148361206
3.2979307174682617
3.452563524246216
3.2166218757629395
3.407942056655884
3.415449380874634
3.3411991596221924
3.6902921199798584
3.0889410972595215
3.195505380630493
3.2825450897216797
3.645443916320801
3.330435276031494
3.266989231109619
3.2968297004699707
3.1176459789276123
3.401320219039917
3.5024447441101074
3.3566126823425293
3.1174612045288086
3.535367488861084
3.178779125213623
3.199690580368042
3.4501168727874756
3.362137794494629
3.548133373260498
3.3494443893432617
3.6368350982666016
3.298597812652588
3.1479830741882324
3.350184202194214
3.276095151901245
3.217435359954834
3.3474538326263428
3.5745689868927
3.1188738346099854
3.2322847843170166
3.30403733253479
3.028526544570923
3.345390796661377
3.3471508026123047
3.3185272216796875
3.4193780422210693
3.3765854835510254
3.2802422046661377
3.0549275875091553
3.1187543869018555
3.4493682384490967
3.2745509147644043
3.1327266693115234
2.925114393234253
3.2107582092285156
3.4280126094818115
3.0091726779937744
3.4066519737243652
3.015869140625
3.5114428997039795
3.372860908508301
3.2042624950408936
3.0676848888397217
3.252591371536255
3.5278098583221436
3.4655003547668457
3.1184568405151367
3.04559588432312
3.3873987197875977
3.4173219203948975
3.14473819732666
2.8936102390289307
3.0838699340820312
3.074256420135498
3.344717264175415
3.1338231563568115
3.171661615371704
3.0003318786621094
3.3954577445983887
3.1679069995880127
3.1628313064575195
3.03730845451355
2.826439619064331
3.3404369354248047
3.409684181213379
3.201911211013794
2.989480972290039
3.0163023471832275
3.434296131134033
3.119894504547119
3.1529228687286377
3.2773959636688232
3.338831901550293
3.2290327548980713
3.0817489624023438
3.1337640285491943
2.951925039291382
3.079069137573242
3.3189313411712646
3.068784236907959
3.0645594596862793
2.9244601726531982
3.0105435848236084
3.0796258449554443
3.04760479927063
3.306042194366455
3.4602441787719727
3.0157182216644287
2.8094046115875244
3.10925555229187
3.060981512069702
2.908046007156372
3.333138942718506
3.334808588027954
3.079704999923706
3.1357529163360596
3.207979202270508
2.999009370803833
3.292865037918091
3.154745101928711
2.7930407524108887
2.7942211627960205
3.255650758743286
3.1874330043792725
3.076939105987549
3.273789644241333
2.8435885906219482
3.0814404487609863
3.1635844707489014
3.289156913757324
2.629998207092285
3.062150001525879
3.355309247970581
2.9674980640411377
2.724022626876831
3.003260374069214
3.1099367141723633
3.040607213973999
3.3560996055603027
2.7436327934265137
2.9935317039489746
2.870312213897705
3.1100046634674072
3.1958670616149902
2.938375234603882
3.1120450496673584
3.025977849960327
3.1546785831451416
2.8246042728424072
3.0769572257995605
2.9260098934173584
3.3002870082855225
3.00256085395813
3.0197300910949707
3.2789297103881836
3.0592267513275146
3.2063779830932617
3.1163361072540283
3.2133946418762207
2.5569911003112793
2.845728874206543
3.0168192386627197
2.982611656188965
3.2696266174316406
2.962925672531128
3.0984556674957275
2.9769630432128906
2.893264055252075
3.2308194637298584
2.8733441829681396
3.0538501739501953
3.4807252883911133
2.7678327560424805
3.139023780822754
2.461549997329712
2.697322368621826
2.939263105392456
2.830474853515625
2.812053680419922
3.067233085632324
2.8515539169311523
2.6945042610168457
2.5934860706329346
3.3159453868865967
2.843095302581787
3.0429012775421143
2.815828800201416
2.7246253490448
2.792983293533325
2.7033393383026123
2.962813138961792
2.815228223800659
3.2005176544189453
3.0353894233703613
3.0517771244049072
2.6359009742736816
2.5745604038238525
2.8894102573394775
2.8436484336853027
3.044182777404785
2.6517646312713623
2.7991480827331543
3.123516321182251
2.8906948566436768
3.1181888580322266
2.995589017868042
2.7264411449432373
3.0194191932678223
2.912651300430298
3.00321626663208
2.7518389225006104
2.981501817703247
2.966801404953003
2.5264904499053955
2.5474965572357178
2.9712066650390625
3.0646629333496094
2.419882297515869
3.0304524898529053
3.2931900024414062
3.040060043334961
2.904829263687134
2.691007614135742
2.630239725112915
3.0475552082061768
2.590850353240967
2.6317338943481445
3.2471683025360107
2.670889139175415
2.557750701904297
2.42738676071167
3.123654365539551
2.572057008743286
3.1200499534606934
2.827953338623047
2.8163037300109863
2.6375813484191895
2.5556886196136475
3.4769856929779053
2.6587092876434326
2.500091791152954
2.8756637573242188
2.699714183807373
2.8345093727111816
2.922562837600708
2.8731741905212402
3.0028672218322754
3.1128647327423096
2.869663953781128
2.5071985721588135
2.656055212020874
2.894561529159546
2.423253059387207
2.8294098377227783
2.5107555389404297
2.791628837585449
2.9979050159454346
2.5648601055145264
2.754517078399658
2.802128791809082
2.9735262393951416
2.709876298904419
2.458181858062744
2.6382782459259033
2.5841336250305176
2.381242275238037
2.503772258758545
2.701852560043335
2.784459352493286
2.9936916828155518
2.84122371673584
2.947256088256836
2.8328473567962646
2.589324474334717
2.229114532470703
3.025512456893921
2.5125718116760254
3.0225958824157715
2.6017229557037354
2.7346651554107666
2.2003870010375977
2.7000088691711426
2.670720338821411
2.8270487785339355
2.3771910667419434
2.558976650238037
2.662583589553833
2.21694278717041
2.679206609725952
2.820493221282959
2.544156074523926
2.67972469329834
2.904426336288452
2.4138336181640625
2.4863314628601074
2.666609048843384
2.5459206104278564
2.619628429412842
2.7472429275512695
2.8320906162261963
2.229231357574463
2.794424295425415
2.5620806217193604
2.725855827331543
2.382053852081299
3.0312066078186035
2.4785425662994385
2.477208375930786
2.4779298305511475
2.8532462120056152
2.299808979034424
2.340623617172241
2.577070951461792
2.577327251434326
2.4839978218078613
2.687912940979004
2.9212374687194824
3.142493486404419
2.4990768432617188
2.658264636993408
2.599836826324463
2.748922824859619
2.2962241172790527
2.4252638816833496
2.3649518489837646
2.3116376399993896
2.7273669242858887
2.5531444549560547
2.8117454051971436
2.291666030883789
2.5231337547302246
2.366309404373169
2.5478806495666504
2.792637586593628
2.3570964336395264
2.535818099975586
2.5254197120666504
2.5634658336639404
2.6401443481445312
2.482700824737549
2.6845884323120117
2.855771780014038
2.6910243034362793
2.432591199874878
2.414167881011963
2.3630614280700684
2.4381935596466064
2.672250986099243
2.5484113693237305
2.5010743141174316
2.459726095199585
2.3792037963867188
2.517664670944214
2.7446727752685547
2.4129016399383545
2.7150063514709473
2.603489398956299
2.4800808429718018
2.223623037338257
2.3015379905700684
2.2283120155334473
2.924826145172119
2.6465189456939697
2.441652774810791
2.1492767333984375
2.3399405479431152
2.27882981300354
2.5990960597991943
2.1881444454193115
2.400677442550659
2.5759737491607666
2.5415892601013184
2.254664182662964
2.253837823867798
2.5077342987060547
2.7784321308135986
2.6590688228607178
2.0378623008728027
2.4164743423461914
2.866570472717285
2.407916784286499
2.355048656463623
2.366187334060669
2.3636295795440674
2.508810520172119
2.62032151222229
2.4443976879119873
2.2370924949645996
2.2893826961517334
2.4814343452453613
2.292851686477661
2.583529472351074
2.496311664581299
2.0543105602264404
2.321929693222046
2.340982437133789
2.6223902702331543
2.834122657775879
2.2803030014038086
2.164518356323242
2.2293572425842285
2.2783987522125244
2.338968515396118
2.5543055534362793
2.315375804901123
2.691943883895874
2.227466344833374
2.195347547531128
2.502068281173706
2.4609274864196777
2.427781105041504
2.471886396408081
2.7625088691711426
2.452806234359741
2.392573356628418
2.480353355407715
2.3386616706848145
2.3628549575805664
2.5992014408111572
2.337782621383667
2.5421717166900635
2.538658380508423
2.2602784633636475
2.310650587081909
2.1383376121520996
2.2216973304748535
2.842587471008301
2.2536098957061768
2.2583935260772705
2.102376699447632
2.122279167175293
2.10068678855896
2.1865267753601074
2.271414279937744
2.136474132537842
2.4982175827026367
2.126403331756592
2.3577373027801514
2.4506518840789795
2.371506929397583
2.238410234451294
2.568385362625122
2.5189480781555176
2.1738975048065186
2.3567724227905273
2.6462275981903076
2.2416939735412598
2.01228928565979
2.434419870376587
2.440152883529663
2.4771740436553955
2.3307580947875977
2.2579429149627686
2.36938738822937
2.4767816066741943
2.2466065883636475
2.358654737472534
2.579763174057007
2.200221061706543
2.5282769203186035
1.9293310642242432
2.4130160808563232
2.5492489337921143
2.356368064880371
2.4778122901916504
2.208648443222046
2.1448183059692383
2.1808390617370605
2.103606939315796
2.101067066192627
2.3446309566497803
2.414224147796631
2.536799907684326
2.407853126525879
2.0637595653533936
2.0961480140686035
2.082444429397583
2.1752817630767822
2.2510602474212646
2.394068479537964
2.1001689434051514
2.29373836517334
2.224393367767334
2.3738181591033936
2.543633222579956
1.9100518226623535
1.6773771047592163
1.9858492612838745
2.184938669204712
2.0567715167999268
2.4108738899230957
2.242746591567993
2.1700732707977295
2.0755860805511475
1.9203060865402222
2.323932647705078
2.2654552459716797
1.88450026512146
1.8021754026412964
2.2953054904937744
2.36336612701416
2.3313779830932617
1.8882662057876587
2.2558398246765137
2.299612045288086
2.7177183628082275
2.149350166320801
1.9367064237594604
1.9987913370132446
2.2569336891174316
2.2295591831207275
2.0765182971954346
2.323068380355835
2.3433268070220947
2.007836103439331
2.0687992572784424
2.075225353240967
2.3091697692871094
2.1431384086608887
2.0567829608917236
1.841238021850586
2.284588098526001
2.3619329929351807
2.1935040950775146
1.8934831619262695
2.188732624053955
2.143409252166748
2.3438353538513184
1.8716853857040405
2.2875709533691406
2.1264214515686035
2.227987289428711
2.353501319885254
1.9478838443756104
2.407477378845215
2.0858283042907715
2.2432780265808105
2.363853693008423
2.2153127193450928
1.9666141271591187
1.9857401847839355
2.106388568878174
2.012167453765869
2.226778745651245
2.118783473968506
2.2030539512634277
2.011054039001465
1.8633841276168823
2.123788356781006
2.177673816680908
2.4993398189544678
1.9009785652160645
2.172410011291504
2.004185676574707
2.151186466217041
2.327780246734619
2.2603631019592285
2.5229077339172363
2.23647403717041
2.029909372329712
2.1987876892089844
1.97611665725708
2.3854336738586426
1.7126903533935547
2.0369300842285156
2.0002591609954834
2.1239497661590576
1.9305148124694824
2.419771909713745
2.088644027709961
2.1685218811035156
2.258103609085083
2.2320871353149414
2.2179572582244873
1.9388200044631958
2.459357500076294
2.106416702270508
2.0154762268066406
1.8886934518814087
2.088965892791748
2.041900634765625
2.4127490520477295
2.408095598220825
1.9677320718765259
2.529944658279419
1.891761064529419
2.246490955352783
2.3012490272521973
2.1225497722625732
2.1360743045806885
2.361776351928711
2.0582635402679443
1.9086945056915283
1.8560596704483032
1.6578935384750366
2.590071678161621
1.7261500358581543
2.179692268371582
1.9720560312271118
2.156801223754883
2.2301602363586426
2.2312750816345215
2.0300471782684326
1.8837114572525024
1.829343557357788
1.7635502815246582
2.457376718521118
2.244816780090332
2.0000407695770264
2.114396572113037
1.738608479499817
1.7549666166305542
1.9177350997924805
1.8206381797790527
2.0487449169158936
2.4432907104492188
2.1439788341522217
1.6888853311538696
1.717270016670227
2.057878017425537
2.124295949935913
2.1442768573760986
1.7178884744644165
2.186488628387451
1.7649492025375366
2.110309600830078
1.917943000793457
2.3913767337799072
2.258669137954712
2.2536215782165527
2.0525600910186768
1.7396190166473389
2.031892776489258
1.8645884990692139
2.021331310272217
1.9151638746261597
2.1075870990753174
1.7806179523468018
1.9163780212402344
1.7859281301498413
1.892737865447998
1.9373762607574463
1.9347906112670898
1.9646618366241455
2.0579710006713867
1.8186891078948975
1.9584338665008545
2.010982036590576
2.2365946769714355
2.060237169265747
2.0440726280212402
1.9761096239089966
2.3424646854400635
2.094679117202759
2.191220998764038
1.9404733180999756
1.9024062156677246
2.0708980560302734
1.7854396104812622
2.21026873588562
2.036868095397949
2.0101335048675537
1.8944973945617676
2.0721728801727295
2.012629270553589
2.2719879150390625
1.9754066467285156
2.3488147258758545
1.9924193620681763
1.8096565008163452
1.9079138040542603
2.109186887741089
1.9535459280014038
1.8318073749542236
1.8460010290145874
2.410120725631714
1.783202052116394
1.7679023742675781
1.6877644062042236
1.924156665802002
1.9096726179122925
1.9735031127929688
1.6565983295440674
1.9858516454696655
1.8594173192977905
2.05007004737854
1.9352154731750488
1.8303289413452148
1.9026999473571777
1.9529712200164795
2.081277370452881
1.8430423736572266
2.1517465114593506
2.0987229347229004
1.9318873882293701
1.7141613960266113
2.193230628967285
2.004488468170166
1.7890865802764893
1.9617222547531128
1.805256962776184
2.18601131439209
1.9764418601989746
2.324334144592285
1.9076136350631714
1.7348581552505493
1.8965301513671875
2.0349035263061523
1.9417500495910645
1.8714978694915771
2.080037832260132
1.7103949785232544
1.4819374084472656
1.7953356504440308
2.204008102416992
1.8983021974563599
2.1450140476226807
1.7291066646575928
1.5996599197387695
1.8489162921905518
1.6691834926605225
1.755502462387085
1.9518027305603027
1.883415699005127
1.7078280448913574
1.9953703880310059
1.9376184940338135
2.081841468811035
1.6217620372772217
1.670810341835022
1.5775845050811768
2.2999355792999268
2.155876874923706
1.5642963647842407
1.6890732049942017
1.3508667945861816
1.8105367422103882
1.6032698154449463
1.7112603187561035
1.9102413654327393
1.5651081800460815
1.7562612295150757
1.9374381303787231
2.08832049369812
1.8460255861282349
1.6878314018249512
1.6981408596038818
1.9266701936721802
1.8116135597229004
1.8879501819610596
1.7454744577407837
2.01244854927063
1.8437085151672363
2.1258840560913086
1.4301972389221191
1.9901278018951416
1.9742735624313354
1.6910111904144287
1.782039761543274
2.1386303901672363
1.7770578861236572
1.667214035987854
1.6081658601760864
1.5554279088974
1.8023643493652344
1.5502792596817017
1.7256017923355103
1.8788491487503052
1.4024776220321655
1.7484245300292969
1.7975988388061523
1.294468641281128
1.9332655668258667
1.86121666431427
1.9043004512786865
1.737299919128418
1.750176191329956
1.6941877603530884
1.9407832622528076
1.9015926122665405
1.694299340248108
1.773306131362915
1.3885213136672974
1.9077218770980835
1.748383641242981
1.6590702533721924
1.9014265537261963
1.811977505683899
1.7471234798431396
1.6546090841293335
1.3490159511566162
1.9709739685058594
1.7423838376998901
1.499922275543213
1.752177119255066
1.703208327293396
1.649586796760559
1.6728788614273071
1.5828499794006348
1.9794377088546753
1.80445396900177
1.8794431686401367
1.463831901550293
1.5354970693588257
1.5453988313674927
1.3509602546691895
1.822989583015442
2.1367528438568115
1.8328776359558105
1.9033459424972534
1.7732150554656982
1.7379212379455566
1.6576076745986938
1.7321592569351196
1.4962676763534546
1.8275513648986816
1.5143866539001465
1.5475693941116333
1.6684411764144897
1.7168517112731934
1.3790603876113892
1.608088493347168
1.844183325767517
1.4614144563674927
2.031768321990967
1.6553772687911987
2.042149543762207
1.7157102823257446
1.560683012008667
1.9271291494369507
1.8134660720825195
1.5543969869613647
1.5549285411834717
1.5585942268371582
1.5972492694854736
1.6193420886993408
1.6909042596817017
1.5638865232467651
1.1564104557037354
1.5127570629119873
1.17350435256958
1.7033677101135254
1.5270390510559082
1.645862102508545
1.7561676502227783
1.576261043548584
1.7340372800827026
1.6658235788345337
1.6598130464553833
1.2442963123321533
1.4295001029968262
1.438610315322876
1.6695297956466675
1.5923306941986084
1.8328492641448975
1.8791042566299438
1.6011220216751099
1.3180092573165894
1.4649631977081299
1.5513110160827637
2.0668540000915527
1.457505702972412
1.5800786018371582
1.6753371953964233
1.2701587677001953
1.7602870464324951
1.412558674812317
1.5613402128219604
1.5769586563110352
1.3963719606399536
1.6993359327316284
1.7372227907180786
1.6379063129425049
1.840641736984253
1.3809620141983032
1.556301474571228
1.7984546422958374
1.557178258895874
1.383092999458313
2.101005792617798
1.508291482925415
1.3526464700698853
1.4459500312805176
1.6650550365447998
1.464648962020874
1.5986404418945312
1.606719732284546
1.6035749912261963
1.652224063873291
1.5333269834518433
1.6325490474700928
1.424333930015564
1.5797313451766968
1.4707750082015991
1.7534054517745972
1.5838881731033325
1.7148226499557495
1.315914273262024
1.6253465414047241
1.314206838607788
1.5019872188568115
1.5092144012451172
1.6555455923080444
1.7420475482940674
1.6391091346740723
1.4186547994613647
1.7100664377212524
1.5976642370224
1.9181782007217407
1.430414080619812
1.738282322883606
1.599780559539795
1.812983751296997
1.4330968856811523
1.4457951784133911
1.6652086973190308
1.4536075592041016
1.1008957624435425
1.5105360746383667
1.737884521484375
1.8564479351043701
1.8181300163269043
1.8266232013702393
1.4608556032180786
1.3961466550827026
1.365710973739624
1.6367392539978027
1.6056368350982666
1.590876817703247
1.7303342819213867
1.4280999898910522
1.496523380279541
1.297864556312561
2.0068695545196533
1.6648894548416138
1.7690134048461914
1.2567399740219116
1.7151795625686646
1.6839722394943237
1.8350043296813965
1.4660661220550537
1.3163766860961914
1.6672625541687012
1.4647254943847656
1.3720934391021729
1.1743754148483276
1.4763109683990479
1.317566156387329
1.2965482473373413
1.7151474952697754
1.383351445198059
1.6439270973205566
1.8539375066757202
1.9226328134536743
1.3794834613800049
1.371126413345337
1.426936149597168
1.384316086769104
1.509144902229309
1.292375087738037
1.321968674659729
1.4509690999984741
1.2785179615020752
1.3587113618850708
1.3427410125732422
1.5254327058792114
1.3365187644958496
1.7113313674926758
1.7724614143371582
1.3989800214767456
1.6511471271514893
1.0603148937225342
1.4015697240829468
1.3653117418289185
1.646432638168335
1.4678484201431274
1.247772455215454
1.2692461013793945
1.4408925771713257
1.5211306810379028
1.4717004299163818
1.4478518962860107
1.1678493022918701
1.775032877922058
1.2183787822723389
1.5287504196166992
1.3669835329055786
1.5557831525802612
1.3873791694641113
1.6002399921417236
1.6032888889312744
1.4748108386993408
1.3414113521575928
1.5507928133010864
1.6044427156448364
1.3235048055648804
1.1441594362258911
1.1456327438354492
1.318834662437439
1.45490300655365
1.2747642993927002
1.4476743936538696
1.3545901775360107
1.2484824657440186
1.9090408086776733
1.5141149759292603
1.2823468446731567
1.3220449686050415
0.9736770391464233
1.226321816444397
1.5442150831222534
1.3798627853393555
1.3454660177230835
1.680660605430603
1.3703482151031494
1.196743369102478
1.430694818496704
1.4735207557678223
1.3749080896377563
1.3440722227096558
1.023465871810913
1.156362771987915
1.2642086744308472
1.5279899835586548
1.7641059160232544
1.3461908102035522
1.581642985343933
1.7196440696716309
1.2583540678024292
1.382216453552246
1.5534911155700684
1.3102959394454956
1.5295947790145874
1.425679087638855
1.0752116441726685
1.4620722532272339
1.3088278770446777
1.6563478708267212
1.5615593194961548
1.5088564157485962
1.3773620128631592
1.2332618236541748
1.7297723293304443
1.4148272275924683
0.9789737462997437
1.23372220993042
1.5231326818466187
1.3944787979125977
1.50657057762146
1.070313572883606
1.3420265913009644
1.6206905841827393
1.035479187965393
1.4775714874267578
1.2114510536193848
1.0116662979125977
1.3275938034057617
1.2751108407974243
0.9605852365493774
1.3711198568344116
1.3067771196365356
1.2658096551895142
1.136366367340088
1.2615926265716553
1.1982132196426392
1.4059375524520874
1.5450620651245117
1.5962315797805786
1.6158428192138672
1.589296817779541
1.3640552759170532
1.5496398210525513
0.9849517941474915
1.365764856338501
1.6950397491455078
1.1527307033538818
1.1165188550949097
1.3599677085876465
1.2104369401931763
1.1472325325012207
1.1993796825408936
1.2404865026474
1.480280876159668
1.1534650325775146
1.0354737043380737
1.291035532951355
1.4549565315246582
1.271033525466919
1.0996918678283691
1.2814347743988037
1.2853777408599854
1.1310577392578125
1.2061315774917603
1.3537358045578003
1.4828453063964844
1.6943625211715698
1.2241177558898926
1.107163667678833
1.6441185474395752
1.3676714897155762
1.3163039684295654
1.2888097763061523
1.1490861177444458
1.1835647821426392
1.611499547958374
1.1787045001983643
1.2777986526489258
1.3091038465499878
1.2968207597732544
1.235343098640442
1.0643645524978638
1.1483948230743408
1.0048528909683228
1.0023852586746216
1.2824296951293945
1.454237937927246
1.6091814041137695
1.3320688009262085
1.095211386680603
1.0528966188430786
1.1806193590164185
1.512380838394165
1.2720519304275513
1.1575840711593628
1.2661455869674683
1.4710004329681396
1.0575778484344482
1.0294162034988403
1.334065318107605
1.3267470598220825
1.295395016670227
1.2877845764160156
1.2355802059173584
1.2647823095321655
1.1894335746765137
1.295493721961975
1.3457140922546387
1.2340333461761475
0.9733132123947144
1.3679560422897339
1.223576307296753
1.390599250793457
1.2393349409103394
1.0009605884552002
1.3286843299865723
1.1507991552352905
0.9493777751922607
1.2098373174667358
1.1508417129516602
1.047760009765625
1.4038785696029663
1.4124398231506348
1.1209213733673096
1.2134162187576294
1.180256724357605
1.2391685247421265
1.1898512840270996
1.1301708221435547
1.1991652250289917
1.1315627098083496
1.1769481897354126
1.197338581085205
1.0805540084838867
0.9959098100662231
1.0922093391418457
1.0913971662521362
1.1138676404953003
0.9735022783279419
1.2381055355072021
1.094741940498352
1.1051689386367798
1.2444941997528076
1.3834350109100342
1.1453564167022705
1.1894917488098145
1.3324754238128662
1.2029383182525635
1.229131817817688
1.3243266344070435
0.997431218624115
1.1173142194747925
1.0294404029846191
1.1430727243423462
1.8194760084152222
1.078427791595459
0.9364709854125977
1.2873011827468872
0.9418055415153503
1.210115909576416
1.0088863372802734
0.9796745777130127
1.2152221202850342
1.4329807758331299
1.141791582107544
1.2761112451553345
1.1683893203735352
1.405104398727417
1.278828501701355
0.7086084485054016
0.8793063759803772
1.305213451385498
1.4387918710708618
1.0768468379974365
1.3154405355453491
1.1700661182403564
1.4362705945968628
1.3426322937011719
1.5465041399002075
0.8799535036087036
1.139529824256897
1.0397533178329468
1.0481929779052734
1.2790311574935913
1.4748691320419312
1.0911509990692139
1.125271201133728
0.8756014704704285
1.2672401666641235
1.355617880821228
0.9469045400619507
1.0922893285751343
1.3463846445083618
0.9159700274467468
1.303277611732483
0.9698708653450012
0.9845194220542908
1.1163036823272705
1.206533432006836
0.8812655210494995
1.0700886249542236
0.906106173992157
1.1855549812316895
1.155853271484375
0.846780002117157
0.5992543697357178
1.8703160285949707
1.009838581085205
1.1746253967285156
1.054770827293396
1.1804808378219604
0.82448410987854
1.3248670101165771
1.1356064081192017
1.289918303489685
1.1177998781204224
0.898361086845398
1.140807867050171
1.1666334867477417
1.4344538450241089
1.454444408416748
1.0829734802246094
0.8397172093391418
1.1350723505020142
1.2834532260894775
1.16267728805542
1.311631202697754
0.6881611347198486
0.9787774682044983
0.9666615128517151
0.9475269913673401
1.170861840248108
1.0308291912078857
1.133698582649231
1.3351155519485474
1.143126368522644
0.8878416419029236
1.322609782218933
1.1061389446258545
1.0872464179992676
1.1358122825622559
1.0636215209960938
0.9508143067359924
0.8892838954925537
1.1526854038238525
0.6904563903808594
1.045170783996582
1.525190830230713
1.159773826599121
0.9457565546035767
1.0716243982315063
0.9323152303695679
0.9484220147132874
1.0841515064239502
1.320683240890503
0.962091326713562
1.323368787765503
0.9324571490287781
0.9878340363502502
0.6076081991195679
0.6195687055587769
1.3914839029312134
1.213485836982727
1.1732107400894165
1.0802419185638428
0.9980948567390442
1.2692971229553223
1.1420350074768066
1.3049753904342651
0.960954487323761
1.247230052947998
0.7669081687927246
1.0513842105865479
1.1103134155273438
1.0366990566253662
0.8638319373130798
1.1548720598220825
0.8182670474052429
1.2047029733657837
0.770950198173523
0.9157080054283142
1.111920714378357
0.7469261884689331
1.0274194478988647
1.3604011535644531
0.9824169278144836
0.9507273435592651
1.2246681451797485
1.0302075147628784
0.9532126784324646
1.1689822673797607
1.09243905544281
1.1379228830337524
0.9112573862075806
1.0640666484832764
0.8247475028038025
0.9185539484024048
0.9026208519935608
1.0581599473953247
0.7054883241653442
0.889438271522522
0.8587218523025513
0.7284495830535889
1.1866592168807983
0.9580879211425781
1.02005136013031
0.7848411798477173
1.1853305101394653
1.16185462474823
0.7896401882171631
0.7037932276725769
0.9946669340133667
1.0354859828948975
0.977415144443512
0.7866997122764587
0.8892201781272888
0.6217411756515503
0.9666733145713806
0.7670767307281494
1.0096886157989502
1.0697884559631348
0.7771456837654114
1.3105549812316895
0.744736909866333
1.010050654411316
1.1590495109558105
0.8818851709365845
0.8582491874694824
0.6494047045707703
0.8892109394073486
0.5907349586486816
1.3380985260009766
1.221543550491333
1.0351334810256958
1.1332920789718628
0.8132474422454834
0.9250749945640564
0.8920934200286865
0.8572692275047302
1.3552495241165161
0.9044542908668518
0.7988502383232117
0.8086357116699219
0.825401782989502
0.877191960811615
0.8235810399055481
0.798096239566803
1.2580053806304932
0.6526376605033875
0.7562207579612732
0.6328834295272827
1.039918303489685
0.7753143906593323
0.8817504048347473
1.042316198348999
0.8323143124580383
0.825425386428833
0.8884747624397278
0.7669846415519714
1.009129524230957
0.7680400013923645
0.8489313721656799
0.970885694026947
0.6537151336669922
0.9571513533592224
0.9130509495735168
0.9166243672370911
0.5593405365943909
1.1250749826431274
1.01591956615448
0.7814816236495972
0.8302886486053467
0.8578110337257385
0.7830120325088501
0.8447588682174683
0.9635998010635376
0.6855206489562988
0.8866036534309387
1.156752586364746
0.9068270921707153
0.8908599615097046
0.9082070589065552
0.8362876772880554
1.1211832761764526
1.0587481260299683
0.949064314365387
0.8767135739326477
0.6371676325798035
0.7102013230323792
0.8422983884811401
0.5612988471984863
0.8740553855895996
1.1760958433151245
0.8432018160820007
0.9931180477142334
1.0486608743667603
0.6585893034934998
0.6281813979148865
0.7224717140197754
0.9071248173713684
1.0174223184585571
0.6478360891342163
0.8363423943519592
0.6776763200759888
0.6890524625778198
0.7102949619293213
0.7445162534713745
0.7903704643249512
1.0694011449813843
0.8268213272094727
0.9497484564781189
0.7423872351646423
0.9391606450080872
0.999595582485199
0.7928456664085388
0.8227303624153137
0.8740037083625793
0.6537207961082458
0.9253984689712524
0.7678824067115784
0.5556564331054688
0.5865480303764343
0.9179621934890747
0.7442485690116882
0.7207586169242859
0.6985606551170349
0.792953610420227
0.7872344255447388
0.5523940324783325
1.0790526866912842
0.6575771570205688
0.8603302240371704
0.8998507261276245
0.870559573173523
0.7916728258132935
0.8688642382621765
1.0434139966964722
0.9814794063568115
0.9722859859466553
0.9493705034255981
0.9333202242851257
0.6850354671478271
0.8930352330207825
0.6347081065177917
0.9553938508033752
0.8560245037078857
0.7274421453475952
1.0795214176177979
0.5602352619171143
0.5002763271331787
0.7117481827735901
0.8164175748825073
0.7912462949752808
0.6874261498451233
0.8616637587547302
1.2592194080352783
1.0492479801177979
0.9536466002464294
0.8047673106193542
0.694934070110321
0.5460584759712219
1.1576796770095825
0.7772509455680847
0.8722947239875793
0.7100866436958313
0.7841504216194153
0.8559191823005676
0.82350093126297
0.8276134729385376
0.6446118354797363
0.677969753742218
0.7403306365013123
0.8103597164154053
0.7734832167625427
0.6808719038963318
0.7020781636238098
1.1209652423858643
0.6093738079071045
0.6937107443809509
0.8176028728485107
0.9122481346130371
0.6412634253501892
0.8316921591758728
1.0796780586242676
0.5953405499458313
0.7274184226989746
0.8749912977218628
0.8355029225349426
0.8614643216133118
0.7165764570236206
1.1240766048431396
0.8058561086654663
0.7707709670066833
0.8573983311653137
0.7779165506362915
0.6966169476509094
0.7886517643928528
0.6184554696083069
0.5307343006134033
0.45388510823249817
0.6223538517951965
0.6032163500785828
0.6746563911437988
0.7519992589950562
0.7796397805213928
0.5633653998374939
0.7562028765678406
1.179435133934021
0.6284126043319702
0.6596450209617615
0.513900637626648
1.1028952598571777
0.8695176243782043
0.7140672206878662
0.7123429775238037
0.9474472403526306
0.46515485644340515
0.7597516775131226
0.9626137018203735
0.8863574266433716
0.704663872718811
0.5688890218734741
0.5916252732276917
0.7062958478927612
0.7909714579582214
0.5237032771110535
0.7831398248672485
0.7987824082374573
0.7355591058731079
0.968943178653717
0.7910415530204773
0.8547115921974182
0.6552422046661377
0.7012253403663635
0.8591118454933167
0.6290233731269836
0.7394651770591736
0.46979451179504395
0.6949592232704163
0.6851540207862854
0.8607714772224426
0.4872240126132965
0.6708709001541138
0.6996748447418213
0.6706822514533997
0.643751859664917
1.017866611480713
0.8499706983566284
0.6184833645820618
0.41138917207717896
1.1310336589813232
0.5265318155288696
0.6980904340744019
0.6729728579521179
0.832105815410614
0.8711789846420288
0.55879145860672
0.7816060185432434
0.5670375227928162
0.643717885017395
0.7040935158729553
0.5412689447402954
0.7988836765289307
0.7056005001068115
0.5335695743560791
0.5716135501861572
0.7796804904937744
0.6406621932983398
0.6136221885681152
0.5833619832992554
0.8240659832954407
0.6148905754089355
0.6646994352340698
0.33551862835884094
0.617358922958374
0.5837602615356445
0.8748122453689575
0.7846126556396484
0.6885376572608948
0.7704033255577087
0.8937965631484985
0.9647492170333862
0.7247442603111267
0.652793288230896
0.6660069227218628
0.6401743292808533
0.9708961844444275
0.5225788950920105
0.6673386693000793
0.9162168502807617
0.7838679552078247
0.42789024114608765
0.6464489698410034
0.7299131155014038
0.6323708891868591
1.0042353868484497
0.9391294717788696
0.6250489354133606
0.7340627908706665
0.7574225664138794
0.4383276700973511
0.593957781791687
0.6515166759490967
0.495347261428833
0.6287564039230347
0.534705400466919
0.7043882012367249
0.6687378883361816
0.8381847143173218
0.600882351398468
0.5070741176605225
0.5331324934959412
0.6936390399932861
0.4229585826396942
0.561460018157959
0.7663129568099976
0.6064873933792114
0.6143847703933716
0.4363870620727539
0.4899503290653229
0.603166401386261
0.5405368208885193
0.6643248200416565
0.8089918494224548
0.6371012330055237
0.6721109747886658
0.5573466420173645
0.43974176049232483
0.5680144429206848
0.6980648636817932
0.594756543636322
0.6491565704345703
0.7223855257034302
0.46564358472824097
0.5124600529670715
0.3253205120563507
0.6421681046485901
0.6943138241767883
0.5178481936454773
0.5963598489761353
0.5045415759086609
0.5852718353271484
0.5318796038627625
0.690921425819397
0.7217949628829956
0.5951153039932251
0.4626496136188507
0.5610151886940002
0.5207183957099915
0.6206960082054138
0.9304008483886719
0.5989099144935608
0.9046850204467773
0.47798749804496765
0.6284253597259521
0.8835004568099976
0.6463477611541748
0.598640501499176
0.7531255483627319
0.42959070205688477
0.47621023654937744
0.597907543182373
0.7372949123382568
0.5324707627296448
0.492413192987442
0.6124609112739563
0.7577808499336243
0.5333641767501831
0.7688969373703003
0.5100622773170471
0.5439860224723816
0.5334947109222412
0.5984036922454834
0.5233563780784607
0.7091156244277954
0.6567517518997192
0.556007444858551
0.49114224314689636
0.6388627290725708
0.3729698359966278
0.8596141934394836
0.7828211188316345
0.9604054689407349
0.6886431574821472
0.47695794701576233
0.7043570876121521
0.7130262851715088
0.6747038960456848
0.5892940759658813
0.5337453484535217
0.5534491539001465
0.5756377577781677
0.6525362133979797
1.0036702156066895
0.37909969687461853
0.5528814792633057
0.538570761680603
0.6626781225204468
0.6645163297653198
0.5694501399993896
0.564056932926178
0.4582453668117523
0.6897976398468018
0.40135714411735535
0.6319627165794373
0.8297209739685059
0.620290219783783
0.5084645748138428
0.5278122425079346
0.8452686667442322
0.3731333911418915
0.5723152756690979
0.671760618686676
0.6274057626724243
0.5837194919586182
0.5801544785499573
0.5094135999679565
0.688153862953186
0.5541757941246033
0.46648773550987244
0.7431181073188782
0.5986201763153076
0.7804617881774902
0.5182415246963501
0.5678170919418335
0.4285290241241455
0.6312624216079712
0.4027242958545685
0.9176949262619019
0.5746309757232666
0.4986954629421234
0.4787166714668274
0.44663625955581665
0.5110934972763062
0.5100927948951721
0.582399845123291
0.40682995319366455
0.5739952325820923
0.6911500096321106
0.6166694760322571
0.4476622939109802
0.4253025949001312
0.7212051749229431
0.41949307918548584
0.50433748960495
0.4216417074203491
0.4690764546394348
0.5167689919471741
0.326122522354126
0.616777777671814
0.5912314653396606
0.4602281153202057
0.6730303764343262
0.3978308141231537
0.42633533477783203
0.6630911231040955
0.41941189765930176
0.6668521165847778
0.5141381621360779
0.5117436647415161
0.505303144454956
0.48729434609413147
0.505933403968811
0.6532564163208008
0.5902708768844604
0.6749213933944702
0.5865015387535095
0.4390316307544708
0.4512125253677368
0.7540380358695984
0.5818837881088257
0.6954587697982788
0.46253702044487
0.6033737063407898
0.3631092607975006
0.5948939919471741
0.541509211063385
0.6451521515846252
0.41697028279304504
0.5675042271614075
0.386200875043869
0.4983319640159607
0.41101378202438354
0.5745136141777039
0.6458131074905396
0.3978641629219055
0.6675176620483398
0.7717469334602356
0.8030498623847961
0.3097899556159973
0.4258021116256714
0.3989717364311218
0.6748843789100647
0.6446617245674133
0.5517166256904602
0.6900933980941772
0.6488936543464661
0.43089422583580017
0.6558283567428589
0.32931825518608093
0.7162032127380371
0.3772027790546417
0.5179769992828369
0.5539453625679016
0.39341628551483154
0.29286637902259827
0.507840096950531
0.41265571117401123
0.5002593994140625
0.4838730990886688
0.5189910531044006
0.5764312148094177
0.34612220525741577
0.49654126167297363
0.4157954156398773
0.9569429755210876
0.5928022265434265
0.3532736301422119
0.27582496404647827
0.5397700071334839
0.5469603538513184
0.4280083477497101
0.43229275941848755
0.4945954978466034
0.5040265321731567
0.7326026558876038
0.3669903576374054
0.36654406785964966
0.412878155708313
0.4378510117530823
0.5094184875488281
0.4373023211956024
0.33896270394325256
0.6782456040382385
0.4532976448535919
0.3913578689098358
0.5007103085517883
0.8172006011009216
