2.002
2.916
3.3160000000000003
3.8739999999999997
4.077999999999999
4.5280000000000005
5.07
5.668
6.136
6.6739999999999995
7.03
7.706
8.196
8.59
9.098
9.568
9.896
10.258000000000001
10.616
11.29
11.55
12.113999999999999
12.652
13.046
13.328000000000001
14.069999999999999
14.292
14.828
15.459999999999999
15.804000000000002
16.09
16.580000000000002
17.036
17.556
17.512
18.412
18.614
18.701999999999998
19.108
19.602
19.830000000000002
20.214
20.698
21.227999999999998
21.148
21.752
22.214
22.538
22.896
23.276
23.268
24.064
24.34
24.651999999999997
24.748
25.128
25.758
26.082
26.3
26.734
26.932000000000002
27.486
27.966
28.296
28.449999999999996
28.996
29.115999999999996
29.256
29.612
30.142000000000003
30.56
30.956
31.296000000000003
31.684
31.55
32.28
32.734
32.896
33.154
33.294000000000004
33.764
34.068
34.705999999999996
34.486
35.022
35.352
35.796
35.892
36.348
36.571999999999996
36.548
37.34
37.54
37.818000000000005
38.57
38.356
38.786
38.852
39.458
39.696
39.757999999999996
40.298
40.534
40.82
41.006
41.208
41.446
41.77
42.181999999999995
42.542
42.897999999999996
43.07
43.288
43.758
43.86
44.230000000000004
44.440000000000005
44.476
45.004
45.001999999999995
45.438
45.576
46.129999999999995
46.392
46.410000000000004
46.745999999999995
47.204
47.244
47.83
47.848
48.274
48.502
48.358000000000004
48.809999999999995
49.525999999999996
49.596000000000004
49.842
50.048
50.22
50.674
50.970000000000006
51.215999999999994
51.49
51.798
52.217999999999996
52.044000000000004
52.308
52.52
53.008
53.176
53.188
54.04600000000001
54.252
54.274
54.532000000000004
54.730000000000004
55.089999999999996
55.466
55.7
55.74
55.964000000000006
56.742000000000004
56.794
56.733999999999995
57.02199999999999
57.34
57.558
57.996
58.472
58.464000000000006
58.756
58.904
59.209999999999994
59.138000000000005
59.922
59.862
60.172000000000004
60.596000000000004
60.754
60.862
61.196
61.61600000000001
61.812
61.839999999999996
62.166
62.31
62.804
63.032
63.242
63.486
63.746
63.849999999999994
64.18199999999999
64.076
64.802
65.054
65.09
65.384
65.644
65.84400000000001
66.098
66.56800000000001
66.7
66.52799999999999
66.866
67.4
67.45400000000001
67.606
68.024
68.108
68.338
68.746
69.02000000000001
69.384
69.84
69.784
69.988
70.274
70.396
70.556
71.04
71.004
71.5
71.866
71.49
71.97
72.18599999999999
72.324
72.92
72.854
73.31800000000001
73.28
73.758
73.676
74.2
74.532
74.548
74.98
74.792
75.126
75.47
75.466
76.02600000000001
76.30799999999999
76.158
76.372
76.586
77.044
77.10000000000001
77.036
77.27000000000001
77.534
77.682
77.898
78.488
78.25
78.73400000000001
78.904
79.094
79.21000000000001
79.334
79.376
79.784
79.972
80.05799999999999
80.528
80.39
80.728
80.916
81.34599999999999
81.206
81.45400000000001
81.45400000000001
81.644
81.738
82.288
82.32199999999999
82.53399999999999
82.57
82.76400000000001
82.982
83.09
83.276
83.584
83.44200000000001
83.71
83.88799999999999
83.87599999999999
83.91999999999999
84.36
84.7
84.406
84.75399999999999
84.924
85.078
85.00999999999999
85.19200000000001
85.50999999999999
85.276
85.98400000000001
