4.514381111125507
4.43765242081469
4.392417121726229
4.350107771051509
4.317956354307092
4.276041991875299
4.236458718624261
4.195590518624582
4.160866459007458
4.1233068744239905
4.085802225200721
4.049059739807987
4.014672506800698
3.9885365462973903
3.9569972674255176
3.920572045818924
3.891058168752724
3.866110323335204
3.8356306516300993
3.806720668092713
3.7812463429272936
3.7562344327302237
3.7296901307142605
3.7006726075926095
3.67633352407714
3.6461769068027703
3.6189274208624953
3.5885348996847792
3.5701661564200124
3.5357534245151996
3.5173312831107917
3.4921054425446885
3.4679859199792222
3.4388079847521182
3.4217011742579664
3.3924480039445335
3.374821378751789
3.3505086813436447
3.3318462387070324
3.311450380803374
3.289601176900937
3.2647219990830285
3.2400055416404743
3.2205719706957296
3.2080386157535834
3.180956639292295
3.1575712133246614
3.140349180802055
3.121851452171345
3.1101492649453983
3.0892211140878976
3.0662829638137232
3.049540652033618
3.032891918631161
3.018316179285269
2.99499080339661
2.970820220535064
2.961531382387556
2.943244665784909
2.9189102994206615
2.902064017322667
2.8837528780598163
2.8586067534468667
2.8511901252409992
2.8319899548045204
2.8066247387615313
2.800735886749404
2.7832607503437323
2.7670464381537476
2.7500844806661386
2.727759385047971
2.713417127004365
2.699192250781047
2.6771910297291357
2.6723357466480615
2.6481211804368003
2.6304986263480026
2.620821805256407
2.607217877722152
2.590995225150262
2.5703257395483345
2.5528349022731147
2.5348621609875615
2.5306882894862337
2.5154119726946895
2.4945307660590657
2.4809669170843063
2.4731869534458344
2.458248131567865
2.437555063715981
2.431360991866997
2.408714996884241
2.399931149714438
2.38266792032115
2.360145523115192
2.3537771785655597
2.3398802190485513
2.333654493322153
2.3163758792230844
2.3022610885103036
2.2929597722599877
2.269027797614827
2.256983241766615
2.2523447936758054
2.239289777663053
2.2258150048572998
2.216215326048224
2.1958482218215534
2.183434706667195
2.17255911726476
2.157970357733919
2.142553051109509
2.1336712995758447
2.116529827227678
2.10757656856571
2.095484313605082
2.091014434919333
2.0761468404394283
2.059795569733281
2.0507677352946736
2.039648355120588
2.028418617632688
2.0082736358313302
2.001209482055186
1.9929480871276173
1.9759067400642063
1.9677110661935928
1.958763033380289
1.9415347698094594
1.927789810368472
1.9140205942761257
1.9005022533714313
1.899092700170434
1.8878262791487261
1.8601808775111537
1.8567435441114712
1.850542800810636
1.8381276232812105
1.8250993375887956
1.8104992475351105
1.8042817821588053
1.7897391607389426
1.78412267542861
1.7649738134630502
1.757834630396665
1.7500930085511464
1.728475820835289
1.7238826012367483
1.712396915154079
1.696418038567009
1.694158280139689
1.6777394555718697
1.664650052252328
1.6514561984240246
1.6495896590030408
1.6377208798437777
1.6232610070491995
1.6130699408633629
1.60243683657073
1.5920910062387472
1.5864296482347162
1.5693970339377519
1.5575399664052003
1.5548691965277543
1.5440435712904577
1.533641161668636
1.5243130470328319
1.5060228048383122
1.4939090964739279
1.4898383687524235
1.4767852531522132
1.4700054918103815
1.4637761031422774
1.4525657559904601
1.4298757313919799
1.4241213137688844
1.419202316828701
1.396602736333447
1.401165004810104
1.384589208361438
1.3781293850878011
1.3630822188104206
1.3515774118321022
1.351556126647593
1.3305149060838364
1.3259267150745977
1.3143278183534628
1.3074964259743995
1.2893263829486143
1.2888368554889698
1.2819962832324034
1.265729522003847
1.256020141227166
1.2591897806395655
1.239016489223446
1.2271921219270858
1.2129476487331683
1.2072240739984585
1.203619335084925
1.1893787591353706
1.177202730989822
1.1697239346821289
1.1601122610861687
1.1593057599366474
1.142232123009689
1.1348541769987481
1.1323627180912916
1.1186381719453866
1.1132299279617837
1.1027583671195427
1.0914269105705154
1.0862137241589138
1.070328556744339
1.0627420699352499
1.0468435979560209
1.0452498186884633
1.038683976968536
1.0277274799773761
1.0230851602523834
1.0193635556094176
1.0056023234144196
1.002431655936229
0.9838384607868731
0.9711566859346521
0.9745897634712326
0.9560050858408594
0.9544579095547766
0.9491639284374159
0.9347966955141034
0.9292186170892642
0.9134848630031966
0.9124766979223627
0.8990085002254037
0.9009824968741068
0.8867584328974605
0.877434597562646
0.8699276320007451
0.8603457097354752
0.8562260018209057
0.8493422797650022
0.8337551549343807
0.8401770355832546
0.8225972006464248
0.8079021315440498
0.8098897457199024
0.8030603682369832
0.7970235037148151
0.7883116543064337
0.7802297519829572
0.7762304283773808
0.7714161314927709
0.7663486475301216
0.754380290503697
0.7515983398994217
0.7379940142259573
0.7353928027784123
0.7301069801420812
0.7214909797281865
0.7168753694390397
0.709186571180973
0.701405116054408
0.6996928927538645
0.6904627419722354
0.6747464944639474
0.6749969347358664
0.6647181921374158
0.666793169763387
0.655514168464924
0.6509576004255763
0.6416478500418041
0.6378551561128148
0.6278500936525252
0.6311443941596219
0.6207877821705835
0.6149150729560486
0.6029470628865844
0.6048406138444495
0.5961700378705168
0.5905158023928743
0.5829837541179279
0.5783859026020445
0.5755077548267896
0.5680790725723862
0.5599071025429174
0.5587015560520884
0.5531278075769429
0.5441915685944545
0.5471550659526645
0.543214730975573
0.5327772960219237
0.5234965789501015
0.5320827355965629
0.5187368629609838
0.5157532116107624
0.5081689678837576
0.5086188734035053
0.5054605635230803
0.4950717138436139
0.4979589820822791
0.4821203477928401
