4.569221140478578
4.5456863510639165
4.552243541878507
4.567320479151538
4.55581652965692
4.533804641660217
4.512930134678131
4.5105773695289635
4.459189475954646
4.40525007064995
4.367439803564944
4.33705459348381
4.290701163699255
4.275526805302066
4.242667907339228
4.225390293714031
4.2039027759791034
4.176823203216124
4.170025433725713
4.161752716354702
4.147946132723328
4.098843164151282
4.078364524085199
4.061012182089374
4.031041852653484
3.995218238257386
3.9651206274471624
3.94391383508892
3.915252218770859
3.884318141986037
3.86538282501728
3.84104947056002
3.82080472643723
3.806155044709325
3.7877096928598935
3.7618267514821513
3.7438952730744695
3.721099568754816
3.694882514836538
3.6745135281092067
3.659857230723057
3.6376645461372705
3.6216124716927025
3.6055222984470063
3.588135127216349
3.571857520076625
3.561078453612754
3.542473639063823
3.5292528821989095
3.5115401571059164
3.492798644258543
3.486125452744077
3.4706176793788703
3.4619758696202427
3.447177408601317
3.4370526383295084
3.4208412563709345
3.405681030219778
3.388862860782067
3.3768199209666925
3.3660980865473635
3.3541109135083835
3.337142738234966
3.3251038027541413
3.31632681331976
3.2984265927463543
3.2871702327142898
3.2700635396001285
3.2598334431953138
3.249939334057176
3.235551875265663
3.2159947108124833
3.2090624576944218
3.2024842281170818
3.187415158962045
3.177558571176456
3.1616729482665393
3.147901884125322
3.135636812585699
3.125275347238916
3.111593426036103
3.10233541980119
3.0845658867560384
3.072277220008928
3.0603339964776395
3.0535942206297384
3.0403936217203165
3.026754020729943
3.016940067491263
2.999951397366536
2.997775377215022
2.9860905607033263
2.9700987500607816
2.9639721502123586
2.946084591128942
2.9403892660994666
2.9214521219663303
2.9058738468248215
2.89933961279252
2.891816881306641
2.8801049893469455
2.8648373995290695
2.8538321817622467
2.8493113755570043
2.830434522055604
2.825770988183863
2.820185836623697
2.803620783569258
2.7917903865999576
2.7868375278189967
2.77467934158452
2.7539546383006495
2.7495487983269458
2.738383076379976
2.7314477436377875
2.721821838937452
2.7039465648134042
2.7003426182910304
2.6885471641255156
2.68286698035267
2.6700749253982776
2.668920616664545
2.657038176151188
2.641913460648578
2.6341986360452365
2.6237727391445422
2.612885857786974
2.6068362860423524
2.597706300523275
2.586280293476856
2.5781194602741913
2.5732897358477267
2.5581862798432256
2.5528683381922104
2.546935209380391
2.526383673443514
2.5244343425611704
2.5135586373031598
2.5094764708253123
2.5002126242498606
2.486381396460716
2.4799964775514725
2.462679528519321
2.4596952495672513
2.462992824709324
2.442093613659939
2.4389609130447174
2.4326864791953047
2.423984855337216
2.4121093166148877
2.3991880762912428
2.402378640821218
2.3897965053463226
2.386336595048685
2.3725889198615424
2.3677416055098823
2.357002300679531
2.354000185304286
2.3394543696242525
2.3303721367245744
2.3253408905185395
2.323157510641591
2.3086997464184873
2.305555251705677
2.288533442313104
2.295711185926062
2.278707601377726
2.272733925401097
2.2668150611545728
2.2573798247005628
2.2513479691027376
2.2413329427199598
2.2393959780483295
2.227624387997191
2.225884501586485
2.2100782499593845
2.210963361555963
2.1970312339265634
2.184800598322583
2.1789699692250517
2.1713947368704756
2.1718273371686716
2.166826995284966
2.1498573646521018
2.1442709804495887
2.1389930097343366
2.131957554146457
2.1293266199129013
2.121718834275785
2.115068407314818
2.1006810741351387
2.0975405929033712
2.093395240166608
2.082027878297869
2.0844096347803958
2.0709669187550657
2.062313148280239
2.0602499289280924
2.0481266033314074
2.033442736129322
2.0301633830875385
2.027893377539447
2.0205371253325812
2.018882805581593
2.0083437665649084
1.998927757105864
1.9976903988272332
1.9884752457404076
1.9763089508351768
1.9713527394072783
1.966841632143006
1.9606170648199213
1.952581311583214
1.9481559147310379
1.9356400484929
1.9345546372406317
1.9316355759835304
1.9171033163204827
1.9180351977458086
1.902233782631662
1.8963058359177827
1.8898843935383556
1.8844926156046446
1.8804316010011737
1.8794123441971782
1.8727851819504253
1.8647884119806997
1.8543643648057337
1.8500677316694918
1.8516123374099926
1.8328784865796413
1.8295505554474834
1.81671120108241
1.8239303749540579
1.8084597124163146
1.8021116663732797
1.7947835615833703
1.7924963745009868
1.7786287377252603
1.7745342782086424
1.7756647325842583
1.7579825121118589
1.758518918395957
1.7527352214774208
1.7449064178539968
1.7357145122554907
1.7259464902646096
1.7163946848086384
1.7140502829076079
1.7146734465723452
1.7046558279210648
1.6936978344112406
1.690410024369769
1.688963324212662
1.6897353055836903
1.6690396405851748
1.6736678924706891
1.660057520470046
1.6599939761259366
1.6458753565388262
1.6422705639658681
1.6345229712898468
1.6267570725182439
1.6266791332713173
1.6228886684188453
1.614556373461433
1.6058710318087313
1.6104432353583138
1.5879800654280827
1.588237462751091
1.5838381196836682
1.5726906573376083
1.567657865526731
1.5667919117166562
1.5549873372782832
1.551309790757611
1.546838047559304
1.542415768060538
1.5340157929436324
1.5297661838324175
1.5187680213652608
1.5214820314398811
1.5095774697525728
1.509784164407369
1.5009320657271559
1.4945627277921838
1.4892535323986922
1.4849112648183427
1.4856343443893716
1.4649209735338644
1.4575435770746996
1.461474343486454
1.4535961051273834
1.452849084916322
1.4381276524585227
1.432675220929753
1.421724684936616
1.427751835197439
1.4094132005101274
1.411242529635539
