1.66
2.054
1.9220000000000002
1.822
1.812
2.106
2.258
2.368
3.034
3.4459999999999997
3.7220000000000004
4.034
4.218
4.186
4.232
4.526
4.95
5.303999999999999
5.4719999999999995
5.712
5.976
6.718
6.998
7.356
7.574
8.224
8.512
8.73
9.298
9.956
10.156
10.65
10.735999999999999
11.214
11.428
11.777999999999999
12.26
12.454
12.943999999999999
13.342
13.459999999999999
13.963999999999999
14.206
14.521999999999998
14.927999999999999
15.062000000000001
15.246
15.764
15.790000000000001
16.158
16.474
16.522000000000002
16.872
16.944
17.304
17.304
17.562
17.832
18.398
18.529999999999998
18.744
18.974
19.214000000000002
19.516
19.77
19.938
20.082
20.436
20.87
20.896
20.976
21.462
21.894
21.622
22.096
22.134
22.37
22.612
23.0
23.189999999999998
23.686
23.558
23.836
24.132
24.326
24.382
24.798000000000002
25.046000000000003
25.366
25.874000000000002
25.619999999999997
25.807999999999996
25.96
26.576
26.69
26.523999999999997
27.217999999999996
27.389999999999997
27.57
27.614
28.138
28.278
28.51
28.701999999999998
29.012
29.002
29.204
29.474
29.762
29.768
29.956
30.432
30.444
30.902
31.09
31.169999999999998
31.363999999999997
31.832
31.685999999999996
31.938
31.898
32.05
32.606
32.922000000000004
32.976
33.056000000000004
33.342
33.566
33.69
33.756
34.176
34.028000000000006
34.38
34.382000000000005
34.638000000000005
35.089999999999996
35.172
35.506
35.32
35.63
35.931999999999995
35.994
36.298
36.693999999999996
36.54
36.838
37.006
37.216
37.18
37.538
38.05
37.692
38.216
37.922
38.406
38.472
38.848
38.736
38.958
39.216
39.672000000000004
39.35
39.704
39.83
40.244
40.012
40.366
40.542
40.652
41.162
40.94
41.124
41.304
41.432
41.622
41.762
41.814
42.144
42.272
42.618
42.512
42.792
42.684
42.982
43.218
43.296
43.528
43.616
43.652
43.762
44.358
44.312000000000005
44.422
44.696000000000005
44.924
45.06
45.086
45.076
45.422000000000004
45.844
45.839999999999996
46.142
45.982
46.23
46.398
46.47
46.583999999999996
46.542
46.949999999999996
47.17
47.274
47.454
47.542
47.912
48.038
48.198
48.29
48.534
48.480000000000004
48.846000000000004
49.056
49.114000000000004
49.164
49.18
49.368
49.348
49.57
49.832
49.897999999999996
50.054
50.492000000000004
50.612
50.8
50.564
51.06
51.23
51.318
51.55
51.544000000000004
51.918
51.714000000000006
52.0
52.112
52.376
52.303999999999995
52.400000000000006
52.896
53.308
53.217999999999996
53.174
53.418
53.476
53.559999999999995
53.94
53.652
54.252
54.15
54.54
54.604
54.772
54.688
55.016
55.41199999999999
55.36600000000001
55.228
55.398
55.718
55.582
56.16799999999999
55.97
56.196
56.346
56.812
56.908
56.87799999999999
57.013999999999996
57.152
57.45
57.467999999999996
57.416
58.02
57.75
57.93000000000001
58.142
58.152
58.314
58.638
58.711999999999996
58.8
59.001999999999995
59.376
59.022
59.624
59.62
59.594
60.01800000000001
60.29
59.994
60.402
60.612
