246.31812477111816
253.56356978416443
263.5099127292633
258.75685262680054
243.9354248046875
244.12177848815918
243.93884563446045
243.96698331832886
243.84090161323547
243.9272072315216
243.95584225654602
243.8519310951233
243.94313025474548
243.91565036773682
253.16287803649902
258.7733404636383
244.1728401184082
243.7752411365509
244.18129181861877
243.81200790405273
262.02263140678406
294.84495639801025
292.25423669815063
292.04890513420105
293.6353075504303
292.5742483139038
293.1362977027893
294.43555879592896
292.8917214870453
292.69292855262756
294.39260244369507
293.21813702583313
295.59767293930054
294.79029607772827
292.2323124408722
292.8220052719116
293.7470314502716
291.531453371048
294.0551600456238
294.1056909561157
291.2186508178711
292.4782946109772
293.15487480163574
292.69729256629944
296.555287361145
293.5356550216675
252.98233342170715
243.85672211647034
244.1030671596527
243.89116382598877
244.06307744979858
243.96515035629272
278.6688234806061
293.9333391189575
292.76558685302734
264.15954518318176
244.02501225471497
244.05104517936707
244.07385396957397
244.14656782150269
244.05211234092712
276.36416935920715
294.7515776157379
295.5748128890991
293.42916202545166
295.3074839115143
294.8829686641693
292.56086444854736
295.50323271751404
295.00512290000916
291.8664917945862
293.72502303123474
294.49818754196167
294.5525920391083
295.874130487442
294.08330059051514
295.0619125366211
294.52461981773376
291.32776927948
293.22212290763855
293.8599274158478
292.07990884780884
294.2967963218689
294.4208483695984
292.8308074474335
294.3856933116913
295.6228246688843
293.5136709213257
296.18328404426575
294.40585231781006
292.57021832466125
294.3401710987091
293.21045303344727
293.0956451892853
294.85494470596313
293.013605594635
293.8610725402832
296.16528272628784
249.5458061695099
243.96141123771667
243.98000979423523
243.93630123138428
243.49329662322998
243.77191376686096
243.41255974769592
243.650799036026
245.9745316505432
243.9587631225586
243.73891830444336
270.8435354232788
292.2311840057373
290.557124376297
289.64012598991394
292.67094445228577
289.8624131679535
292.45138716697693
291.6570839881897
289.9946835041046
290.62872409820557
267.4729061126709
243.8734188079834
243.97019481658936
243.9198715686798
243.7036440372467
282.2691786289215
290.3823595046997
292.0047769546509
289.1103563308716
291.794061422348
291.7693750858307
287.62656831741333
292.92273139953613
288.30815958976746
290.2915976047516
292.10535311698914
289.9341037273407
252.01252722740173
243.88175344467163
243.9580135345459
243.8976616859436
243.9031434059143
243.77448987960815
244.14745593070984
243.8204047679901
244.02170181274414
243.88156461715698
244.09847784042358
243.87939524650574
244.01319551467896
243.8632755279541
243.9163053035736
243.92971086502075
243.8553924560547
243.8735375404358
243.92467379570007
243.93809270858765
243.82310271263123
244.08391070365906
243.73730182647705
243.98049759864807
243.87542986869812
244.05273509025574
243.83632063865662
243.97190356254578
243.73528146743774
243.97764015197754
243.85643100738525
243.99209594726562
243.8707594871521
243.8221995830536
243.9435133934021
243.892320394516
243.98808908462524
243.8360788822174
244.3790385723114
243.8062686920166
244.17258286476135
243.74434065818787
244.16575980186462
243.79379653930664
244.0352029800415
243.89904141426086
243.9767620563507
243.83078455924988
244.0123221874237
243.9083445072174
243.81260776519775
243.95087003707886
243.9469449520111
244.10545134544373
243.94248723983765
244.07204937934875
243.854234457016
244.06290340423584
243.81514954566956
244.03522968292236
243.81996393203735
243.96939086914062
243.77455639839172
243.94090867042542
243.82219314575195
243.96805810928345
243.8624267578125
243.82304906845093
243.98628401756287
243.94525527954102
243.93851280212402
243.8405363559723
244.072993516922
243.92334842681885
244.03180074691772
244.0169997215271
244.0388321876526
243.81354069709778
244.07560420036316
243.82726383209229
243.96741795539856
243.83681440353394
243.93710446357727
243.77183485031128
244.0146222114563
243.8511438369751
244.02574753761292
244.17027950286865
244.05432558059692
244.00427079200745
243.99416732788086
243.9738278388977
243.84053826332092
244.05839800834656
243.80506110191345
243.97099804878235
243.80474615097046
244.05132484436035
243.7741940021515
244.24352288246155
243.75340700149536
243.9933876991272
243.8878619670868
243.96349596977234
243.7915825843811
243.97270345687866
243.8716652393341
243.89939761161804
244.03951406478882
243.91313433647156
244.01956725120544
243.80568408966064
244.07841753959656
243.72815227508545
244.0600278377533
243.83180284500122
244.12863540649414
243.85944294929504
243.9795925617218
243.84423995018005
244.09318947792053
243.78732895851135
244.00203132629395
243.9176630973816
243.88774967193604
243.89415287971497
243.96220564842224
243.9082305431366
243.98400402069092
244.0928771495819
243.86296772956848
244.02771949768066
243.82244658470154
244.06116342544556
243.70527958869934
246.35921382904053
244.1088502407074
244.29639172554016
244.23369026184082
244.3091835975647
243.92809414863586
244.09358143806458
243.96416640281677
243.9046413898468
244.09715604782104
244.07316136360168
252.69291973114014
294.8827474117279
291.9113562107086
295.02369570732117
293.1890707015991
292.14671874046326
295.3871862888336
294.6096456050873
294.18176436424255
295.57186698913574
292.7479612827301
294.5013482570648
285.9248547554016
293.81579422950745
297.46628499031067
296.70711612701416
295.52021741867065
295.2741174697876
