4.671518802642822
4.688275337219238
4.531896114349365
4.590114116668701
4.504764080047607
4.5854926109313965
4.5810136795043945
4.586728096008301
4.530959129333496
4.593245983123779
4.57625675201416
4.470263957977295
4.524003505706787
4.481695652008057
4.5323004722595215
4.565017223358154
4.557468414306641
4.548191070556641
4.5277838706970215
4.548641204833984
4.661580562591553
4.56411600112915
4.582731246948242
4.6112565994262695
4.602758407592773
4.635867595672607
4.635634899139404
4.567555904388428
4.567894458770752
4.517753601074219
4.510274410247803
4.5646820068359375
4.555672645568848
4.586235046386719
4.5476298332214355
4.528955936431885
4.615060806274414
4.5792107582092285
4.564857006072998
4.486268043518066
4.554966449737549
4.522872447967529
4.514267444610596
4.524683952331543
4.507574558258057
4.493531227111816
4.464907646179199
4.5205912590026855
4.466940879821777
4.473456859588623
4.531292915344238
4.492481231689453
4.473173141479492
4.4715375900268555
4.520908355712891
4.430051803588867
4.454068660736084
4.389657020568848
4.424699783325195
4.373002529144287
4.403313636779785
4.466894149780273
4.50846529006958
4.415194511413574
4.481576919555664
4.407572269439697
4.466821193695068
4.4371771812438965
4.426039218902588
4.421057224273682
4.270061016082764
4.4838480949401855
4.384910583496094
4.348636150360107
4.397006034851074
4.375967979431152
4.288421630859375
4.153255462646484
4.364205360412598
4.288801193237305
4.2137274742126465
4.349486351013184
4.462690353393555
4.3474345207214355
4.1936492919921875
4.403268814086914
4.38261604309082
4.267942905426025
4.243834972381592
4.160146713256836
4.124446868896484
4.148445129394531
4.254584789276123
4.186087131500244
4.266425609588623
4.3469133377075195
4.4190754890441895
4.314078330993652
4.248328685760498
4.238993167877197
4.310318946838379
4.190854072570801
4.12637996673584
4.3037190437316895
4.130807876586914
4.007798671722412
4.231512546539307
4.251661777496338
4.190178394317627
4.371694087982178
4.155887126922607
4.267352104187012
4.176504135131836
4.012524604797363
4.186622619628906
4.2114996910095215
4.22308874130249
4.288983345031738
4.27872896194458
4.234172344207764
4.4112229347229
4.138923645019531
4.122003078460693
4.1973652839660645
4.110307216644287
4.148678779602051
3.978714942932129
4.197657585144043
4.309627532958984
3.9575130939483643
4.002674102783203
4.160613536834717
4.212302207946777
4.241405010223389
4.394939422607422
4.165403842926025
4.285782814025879
3.9110052585601807
4.080726146697998
4.065102577209473
4.131214141845703
4.118500232696533
4.359612464904785
4.13146448135376
4.319501876831055
4.129143238067627
4.093930244445801
4.23744010925293
4.103268146514893
4.0229902267456055
4.227662086486816
4.0417585372924805
4.181115627288818
3.967867136001587
3.9647316932678223
4.092965602874756
4.021368980407715
4.153802871704102
4.0706467628479
4.029871940612793
4.092209339141846
4.084829807281494
3.7913858890533447
4.117531776428223
4.139260768890381
4.118578910827637
4.0356574058532715
3.896010398864746
4.051515102386475
4.135652542114258
3.9286975860595703
4.075053691864014
4.15820837020874
3.8846001625061035
4.158727169036865
4.142717361450195
4.055046081542969
4.111828804016113
3.9551892280578613
4.229990482330322
4.0341081619262695
3.970609426498413
3.832181692123413
4.116068363189697
3.9298086166381836
3.966107130050659
3.9102041721343994
3.952136516571045
3.9413113594055176
3.8355183601379395
3.8749759197235107
3.9959354400634766
3.8895750045776367
3.92826509475708
3.8725149631500244
3.9360275268554688
4.035654067993164
3.7638208866119385
4.026236534118652
4.115781784057617
4.104854106903076
3.8148703575134277
3.823059320449829
4.095742702484131
3.853545665740967
3.824453353881836
3.8567402362823486
3.805356740951538
3.9902913570404053
3.713801145553589
4.005435943603516
3.7631442546844482
3.8672914505004883
3.8303656578063965
3.9873578548431396
3.9223382472991943
3.847411870956421
3.8449506759643555
3.819678783416748
3.7781121730804443
4.11537504196167
3.9843945503234863
3.7547240257263184
3.8353984355926514
3.687094211578369
4.065731525421143
3.6884164810180664
3.989018201828003
3.8708503246307373
3.6848418712615967
3.8658556938171387
3.764697551727295
3.7853307723999023
3.997612476348877
3.6412622928619385
3.770322561264038
3.9857020378112793
3.9342219829559326
3.850801944732666
3.871880292892456
3.483919382095337
3.5109074115753174
3.6543304920196533
3.575955390930176
3.7463080883026123
3.7903013229370117
3.5966429710388184
3.752100706100464
3.829341173171997
3.2672481536865234
3.7747654914855957
3.570641040802002
3.6651530265808105
3.684591054916382
3.567643880844116
3.684976100921631
3.5145697593688965
3.7914278507232666
3.5228078365325928
3.608919143676758
3.8719098567962646
3.8022851943969727
3.762749671936035
3.6817808151245117
3.6779913902282715
3.8139028549194336
3.9781248569488525
3.766321897506714
3.776852607727051
3.8718454837799072
3.8665578365325928
3.8293402194976807
3.8111515045166016
3.722104549407959
3.8248612880706787
3.805311918258667
3.4825453758239746
3.6403753757476807
3.503638744354248
3.617201566696167
3.7320170402526855
3.588498592376709
3.463571071624756
3.5186703205108643
3.732438564300537
3.5631864070892334
3.54402494430542
3.361299991607666
3.8001902103424072
3.4078640937805176
3.5837912559509277
3.5338613986968994
3.805149555206299
3.445388078689575
3.6320841312408447
3.7403810024261475
3.674757242202759
3.7818832397460938
3.627340316772461
3.5398802757263184
3.5445644855499268
3.414426803588867
3.7697105407714844
3.493802070617676
3.540228843688965
3.4337174892425537
3.59135103225708
3.617560625076294
3.792874813079834
3.48654842376709
3.6546685695648193
3.7190418243408203
3.2836811542510986
3.358322858810425
3.708228349685669
3.4384875297546387
3.6588175296783447
3.3715717792510986
3.5479094982147217
3.590221881866455
3.5679690837860107
3.5883712768554688
3.4770944118499756
3.3206100463867188
3.7075231075286865
3.650434970855713
3.5296177864074707
3.44559383392334
3.3775479793548584
3.7357900142669678
3.769765853881836
3.493821620941162
3.6673874855041504
3.5416722297668457
3.7553913593292236
3.447877883911133
3.4937188625335693
3.5565528869628906
3.49440860748291
3.5697765350341797
3.5491082668304443
3.3431427478790283
3.595757246017456
3.5460033416748047
3.665921926498413
3.756948471069336
3.601654052734375
3.4582858085632324
3.8760673999786377
3.548837184906006
3.266993999481201
3.5425097942352295
3.5266339778900146
3.309978723526001
3.2997140884399414
3.1593735218048096
3.5052433013916016
3.5148420333862305
3.4910728931427
3.5416483879089355
3.3417325019836426
3.55880069732666
3.4659647941589355
3.303910970687866
3.415285587310791
3.4488723278045654
3.043217420578003
3.494873046875
3.75382661819458
3.4826574325561523
3.7604310512542725
3.306926727294922
3.2616188526153564
3.5952510833740234
3.5583159923553467
3.381241798400879
3.653886556625366
3.3744804859161377
3.2579469680786133
3.525606155395508
3.7104690074920654
3.5265440940856934
3.459606885910034
3.3013646602630615
3.469697952270508
3.2610023021698
3.7802157402038574
3.3339650630950928
3.234771966934204
3.383620262145996
3.139575719833374
3.7470643520355225
3.5078015327453613
3.2316744327545166
3.435603141784668
3.4409098625183105
3.3497276306152344
3.126222610473633
3.360797882080078
3.4364798069000244
3.4430091381073
3.507432460784912
3.4115405082702637
3.36466908454895
3.180968761444092
3.320611000061035
3.504868507385254
3.4876010417938232
3.1621763706207275
3.301621913909912
3.4455761909484863
3.306870937347412
3.5274131298065186
3.634434700012207
3.5219414234161377
3.6166415214538574
3.151217460632324
3.379269599914551
3.3161802291870117
3.405153751373291
3.470752716064453
3.043292284011841
3.4113755226135254
3.158151626586914
3.2044644355773926
3.3857288360595703
3.350424289703369
3.4168782234191895
3.059582233428955
3.193674325942993
3.275059223175049
3.611063003540039
3.74753999710083
3.1912031173706055
3.5864970684051514
3.459228515625
3.6052801609039307
3.5122480392456055
3.17330265045166
3.778984785079956
3.2882354259490967
3.252103805541992
3.221768856048584
3.129636526107788
3.628380060195923
3.199131965637207
2.9358913898468018
3.425635576248169
3.2383012771606445
3.201871871948242
3.3780269622802734
3.46771502494812
3.1636853218078613
3.4688167572021484
3.1563849449157715
3.6294968128204346
3.462057590484619
3.6313605308532715
3.967149257659912
3.158535957336426
3.1837539672851562
2.892535924911499
2.9228270053863525
3.655118227005005
3.396815061569214
3.3258047103881836
3.3778157234191895
3.3156399726867676
3.473362922668457
3.190436840057373
3.351548433303833
3.113826274871826
3.482048273086548
3.0552189350128174
3.3331408500671387
3.1719584465026855
3.184882402420044
3.329031229019165
3.1419520378112793
3.4450583457946777
3.4845376014709473
3.240842580795288
3.1958084106445312
3.1564998626708984
3.1735599040985107
3.6804144382476807
2.923558473587036
3.200470447540283
3.257058620452881
3.7200324535369873
3.3761448860168457
3.457200050354004
3.384183406829834
3.0068652629852295
3.192655324935913
3.078756332397461
3.2330315113067627
2.950448989868164
3.3984718322753906
3.231102466583252
3.2283594608306885
2.970811367034912
3.204693078994751
3.611743211746216
3.0831139087677
3.251976251602173
2.9052066802978516
3.2926762104034424
3.1600444316864014
3.1250436305999756
3.2149465084075928
3.087567090988159
3.9464738368988037
3.4729833602905273
3.2785916328430176
3.355236291885376
3.3611247539520264
3.610766649246216
3.117164373397827
2.8053715229034424
3.2775678634643555
3.0942697525024414
3.353034257888794
3.222663402557373
3.410067319869995
3.184351682662964
3.2307941913604736
3.029752016067505
2.9391326904296875
3.3187408447265625
3.1651439666748047
3.347980260848999
2.8215997219085693
2.976212739944458
3.2363951206207275
2.9930708408355713
3.2387166023254395
2.782874345779419
3.083303689956665
3.2554306983947754
2.93326997756958
2.9064712524414062
2.9511518478393555
3.026258945465088
2.932492971420288
3.0480616092681885
3.2851004600524902
3.224623680114746
2.9302139282226562
3.116194486618042
3.413358211517334
3.1150293350219727
3.104057788848877
3.2124204635620117
2.9129247665405273
3.181389808654785
3.26723575592041
3.284381151199341
3.2876083850860596
3.2687385082244873
3.1707239151000977
2.870302200317383
3.2035703659057617
2.9339942932128906
3.0485007762908936
2.704258918762207
3.201369285583496
2.8973443508148193
3.2433016300201416
3.0241990089416504
3.3150622844696045
3.008082866668701
2.9142520427703857
3.0750620365142822
3.424125909805298
3.2741310596466064
3.2991137504577637
3.3590590953826904
3.1089589595794678
3.087350368499756
3.0208239555358887
2.8613953590393066
3.057347536087036
3.107882022857666
3.1344192028045654
3.0323004722595215
3.0604913234710693
3.059924364089966
2.8810863494873047
2.5531888008117676
3.20930814743042
3.4700677394866943
3.084918260574341
2.9157087802886963
2.9175686836242676
3.4987540245056152
2.822256565093994
3.0017988681793213
3.2566299438476562
2.858975648880005
2.935741424560547
2.8516788482666016
3.0834808349609375
2.659207344055176
3.207648992538452
2.9930763244628906
3.5010669231414795
3.047498941421509
3.267646074295044
3.359077215194702
2.7650749683380127
2.975229024887085
3.1425886154174805
2.6656792163848877
3.0694403648376465
2.989014148712158
2.6312267780303955
2.841871976852417
3.4019675254821777
2.8026885986328125
3.3064863681793213
2.6906723976135254
3.1787354946136475
2.8817403316497803
3.076028823852539
2.6887929439544678
3.0035572052001953
2.91435170173645
3.0202455520629883
3.0917160511016846
3.022920608520508
3.0723299980163574
2.8276491165161133
2.929716110229492
3.3540468215942383
2.8000824451446533
2.923126459121704
2.553859233856201
2.9549591541290283
2.9553425312042236
2.9301486015319824
2.850224018096924
2.9927470684051514
3.1206820011138916
3.160494804382324
3.0914390087127686
3.05001163482666
2.908496141433716
3.2486603260040283
3.0114905834198
3.3207778930664062
3.011195659637451
2.95758318901062
2.943354845046997
2.78165340423584
3.044499158859253
3.205744504928589
3.577989101409912
2.9113168716430664
3.069687604904175
2.7311110496520996
2.8292903900146484
2.8545620441436768
2.656831741333008
2.833364963531494
2.8725333213806152
3.071593999862671
2.9269590377807617
2.885579824447632
2.6707041263580322
3.095205307006836
2.980746269226074
2.6665127277374268
2.998696804046631
2.700910806655884
2.9474802017211914
3.190959930419922
3.1947731971740723
2.8739566802978516
3.0371532440185547
2.7713890075683594
3.1021673679351807
2.890887498855591
2.8603858947753906
2.7246627807617188
3.3194851875305176
2.764098882675171
2.7312939167022705
2.701653003692627
2.9752564430236816
2.7338478565216064
2.7164554595947266
2.8146681785583496
3.0641114711761475
2.8699634075164795
2.683419704437256
3.0453908443450928
2.7163050174713135
3.1305956840515137
3.363053560256958
2.894214391708374
3.1536648273468018
2.7806711196899414
2.9125843048095703
2.8257267475128174
3.191110849380493
3.006283760070801
2.8438661098480225
2.7670986652374268
2.710425615310669
2.9803433418273926
2.724073648452759
3.003756046295166
2.8178412914276123
2.7512552738189697
2.7046897411346436
2.6179451942443848
2.9618680477142334
2.830353021621704
2.29189133644104
2.8483405113220215
2.849184989929199
2.783245801925659
2.883538007736206
3.064805746078491
2.861750602722168
2.68662691116333
2.735832691192627
2.7081823348999023
2.819291114807129
2.4197795391082764
3.0282649993896484
2.9035942554473877
2.796060800552368
3.0145349502563477
2.453303098678589
2.9020116329193115
2.957984209060669
3.115370512008667
2.6606197357177734
2.4521875381469727
2.827528476715088
2.775568962097168
2.8489272594451904
3.179758071899414
2.9863293170928955
2.8217368125915527
2.8195149898529053
2.184443235397339
3.1342616081237793
2.7481863498687744
3.1773533821105957
2.994236707687378
2.957634687423706
2.6712141036987305
2.60250186920166
2.6911211013793945
2.796250343322754
2.433903217315674
2.6093547344207764
2.9794037342071533
2.464059829711914
2.866133451461792
2.8362159729003906
2.7197697162628174
2.753279209136963
2.919741630554199
2.584778070449829
2.5977842807769775
2.727445363998413
2.7762157917022705
3.006943464279175
2.4913225173950195
2.7591960430145264
3.0532000064849854
2.8666255474090576
2.775705099105835
2.4844272136688232
2.5378036499023438
2.9704701900482178
2.7511324882507324
3.097642421722412
2.761341094970703
2.7840425968170166
2.6894404888153076
2.570556402206421
2.3979246616363525
2.579378128051758
2.5624489784240723
2.552161931991577
2.6768767833709717
2.4475302696228027
2.6237308979034424
2.7777371406555176
2.688527822494507
2.8017966747283936
3.0120153427124023
2.584699869155884
2.859145402908325
2.897003173828125
3.0330560207366943
3.4167487621307373
2.7015039920806885
2.636042594909668
2.801661491394043
3.243126392364502
2.6510510444641113
2.747300863265991
2.4944679737091064
2.5810251235961914
2.8033881187438965
2.629192352294922
2.362602710723877
2.992521047592163
2.426711082458496
2.681568145751953
2.7329206466674805
2.65436053276062
2.7872962951660156
2.930769205093384
2.6514105796813965
2.8269152641296387
2.543649673461914
2.780186891555786
2.9348905086517334
2.4772677421569824
2.653160572052002
2.6567251682281494
2.7027409076690674
2.6987414360046387
2.327969789505005
2.609502077102661
2.8979992866516113
2.512568235397339
2.3245770931243896
2.6924538612365723
2.563438653945923
3.0233588218688965
2.998155117034912
2.6540400981903076
2.8810741901397705
2.5934665203094482
2.647402048110962
2.7415781021118164
2.527359962463379
2.730139970779419
2.766596794128418
2.963946580886841
2.6164567470550537
2.485231637954712
2.3945252895355225
2.3643083572387695
2.829277992248535
2.4697556495666504
2.708895206451416
2.5546936988830566
2.65710711479187
2.713249921798706
2.737156391143799
2.8595447540283203
2.803046226501465
2.5475215911865234
2.7071049213409424
2.818692207336426
2.6349313259124756
2.594442129135132
2.8425941467285156
2.8239974975585938
2.6629700660705566
2.581331729888916
2.742211103439331
2.5270729064941406
2.621345043182373
2.5520801544189453
2.5349771976470947
2.6799564361572266
2.8145482540130615
2.758214235305786
2.6010031700134277
2.775359869003296
2.5982532501220703
2.739077091217041
2.7946739196777344
2.905059576034546
2.377704620361328
2.098961353302002
2.7957186698913574
2.360485315322876
2.998687744140625
2.456021785736084
2.643106698989868
2.5304062366485596
2.471766710281372
2.6399600505828857
2.5076606273651123
2.204345941543579
2.562889814376831
2.624347686767578
2.860961437225342
2.344771385192871
2.647250175476074
2.5368332862854004
2.8461735248565674
2.621772289276123
2.5456385612487793
2.3648929595947266
2.408064365386963
2.312098503112793
2.534539222717285
2.7508842945098877
2.7724497318267822
1.9837665557861328
2.279813051223755
2.763669490814209
3.1366734504699707
2.598829746246338
2.553356170654297
2.742975950241089
2.186450481414795
2.915215492248535
2.8295788764953613
2.5037782192230225
2.548994779586792
2.3606457710266113
2.5075299739837646
2.4253456592559814
2.360568046569824
2.161813974380493
2.4364607334136963
2.51788592338562
2.4876365661621094
2.985503911972046
2.357658863067627
2.6891162395477295
2.849088430404663
2.5706305503845215
2.6875436305999756
2.6939613819122314
2.647702932357788
2.390681743621826
2.5340335369110107
2.4336867332458496
2.1431782245635986
2.7285118103027344
2.3913300037384033
2.582515001296997
2.5904197692871094
2.517667770385742
2.6021242141723633
2.2724199295043945
2.415846347808838
2.5756523609161377
2.736553907394409
2.7079391479492188
2.504301071166992
2.249796152114868
2.43031907081604
2.5019264221191406
2.5415408611297607
2.250908374786377
2.7245352268218994
2.5276803970336914
2.687382698059082
2.483919143676758
2.6031317710876465
2.2263143062591553
2.523054361343384
2.4822773933410645
2.4862027168273926
3.0515074729919434
2.5718226432800293
2.331508159637451
2.488218069076538
2.6064646244049072
2.4757211208343506
2.5103070735931396
2.5572404861450195
2.655041217803955
2.3982319831848145
2.6194331645965576
2.585197925567627
2.72023606300354
2.4128358364105225
2.3847670555114746
2.6239662170410156
2.645986557006836
2.561156749725342
2.8696768283843994
2.1189467906951904
2.3851420879364014
2.8731729984283447
2.612661600112915
2.825913429260254
2.8690829277038574
2.622300863265991
2.624605417251587
2.736112117767334
2.6973345279693604
2.729738235473633
2.0711417198181152
2.092273235321045
2.536592483520508
2.3784897327423096
2.1440885066986084
2.2721686363220215
2.4093985557556152
2.235625982284546
2.2880420684814453
2.4036943912506104
2.9459292888641357
2.343953847885132
2.702392101287842
2.089412212371826
2.556286334991455
3.0283267498016357
2.588411808013916
2.2624142169952393
2.391179323196411
2.5625245571136475
2.502892255783081
2.7086751461029053
2.546544075012207
2.3647258281707764
2.0454506874084473
2.653609275817871
2.2357144355773926
2.5461785793304443
2.397134304046631
2.783999443054199
2.1441595554351807
2.4300713539123535
2.102323055267334
2.2111153602600098
2.5786304473876953
2.3558058738708496
2.297818422317505
2.025573253631592
2.278575897216797
2.2989838123321533
2.322570323944092
2.1543209552764893
1.877999186515808
2.4665074348449707
2.5361361503601074
2.45224928855896
2.553513526916504
2.5572545528411865
2.6470656394958496
2.5247738361358643
2.3152823448181152
2.1852405071258545
2.2616639137268066
2.2380502223968506
2.446101427078247
2.5506207942962646
2.558847665786743
2.3251090049743652
2.2481307983398438
2.4645373821258545
2.3590140342712402
2.3866264820098877
2.252052068710327
2.489847183227539
2.075307607650757
2.2786121368408203
2.521075487136841
2.449338436126709
2.310957670211792
2.973771333694458
2.197213888168335
2.2219040393829346
2.7305068969726562
2.2103919982910156
2.551105499267578
2.57685923576355
2.341956377029419
2.6034483909606934
2.0222666263580322
2.0460317134857178
2.3400204181671143
2.1943438053131104
2.39265513420105
2.509298801422119
2.2739243507385254
2.5717148780822754
2.3051958084106445
1.888010025024414
2.301436424255371
2.6379554271698
2.4602878093719482
2.562206506729126
2.2293763160705566
2.1642489433288574
2.115598440170288
2.337536096572876
2.6480798721313477
2.077193260192871
2.218651294708252
2.5889933109283447
2.376847267150879
2.4306423664093018
2.3466897010803223
2.410353183746338
2.5077123641967773
1.7397360801696777
2.2821900844573975
2.2009129524230957
2.186063289642334
2.5899107456207275
2.57743501663208
2.64880108833313
2.324367046356201
2.6146399974823
2.537505865097046
2.532114267349243
2.272190570831299
2.416132926940918
2.313962936401367
2.4041202068328857
1.9742752313613892
1.9271824359893799
2.56252121925354
2.4151954650878906
2.3928725719451904
2.1354269981384277
2.4849722385406494
2.2557156085968018
2.4982597827911377
2.2523701190948486
2.48409104347229
2.4898343086242676
2.032287120819092
2.4673540592193604
1.672353744506836
2.2180583477020264
2.252279043197632
2.067215919494629
2.201495409011841
2.3117918968200684
2.262207508087158
2.16658091545105
2.2178406715393066
2.1025888919830322
2.1321442127227783
2.307082414627075
2.042543411254883
2.3424501419067383
2.2595691680908203
2.265172243118286
2.3972973823547363
2.6552603244781494
2.1276695728302
2.263108491897583
2.2460315227508545
2.1514265537261963
2.451075553894043
1.8832833766937256
2.612048625946045
1.9934656620025635
2.4552531242370605
1.9461196660995483
2.056424856185913
2.1356468200683594
2.157010078430176
2.0496954917907715
2.536884307861328
2.2092041969299316
2.1558287143707275
2.50112247467041
2.169909954071045
2.3328914642333984
1.8923578262329102
1.9630755186080933
2.178131103515625
2.275909662246704
2.6667113304138184
2.2645297050476074
1.8567184209823608
2.604512929916382
2.2235331535339355
2.680760383605957
1.7533800601959229
2.1851541996002197
2.333897829055786
2.2215263843536377
2.581838846206665
2.306122064590454
2.04567813873291
2.230358600616455
2.238856077194214
2.315260887145996
2.3399863243103027
2.343104362487793
2.0026800632476807
2.0837783813476562
2.3685290813446045
1.9957234859466553
2.1447784900665283
2.255875587463379
2.039189338684082
2.1594040393829346
2.6131834983825684
2.2427797317504883
2.5379230976104736
2.458897352218628
2.2902255058288574
2.12929105758667
2.294142007827759
2.235729217529297
1.928640604019165
2.319221019744873
1.8378673791885376
2.1696910858154297
1.976548194885254
2.6340744495391846
2.1489367485046387
2.0943188667297363
2.2204954624176025
2.1006784439086914
2.3313474655151367
2.2342941761016846
1.7579463720321655
1.8204517364501953
2.370723009109497
1.9355274438858032
2.597931385040283
2.200870990753174
2.612980365753174
2.1270034313201904
2.3587708473205566
2.2333872318267822
2.4717845916748047
2.354234218597412
2.1323812007904053
2.013334274291992
2.3503711223602295
2.568267345428467
2.240346670150757
2.31779146194458
2.3866024017333984
2.5132386684417725
2.291926383972168
2.2024734020233154
2.297309637069702
2.439105272293091
2.180940628051758
2.105860948562622
2.389180898666382
2.186823844909668
2.255406141281128
2.1322836875915527
1.986814260482788
1.8561948537826538
1.993882417678833
2.3713605403900146
1.9359787702560425
2.1086695194244385
2.141402006149292
2.0657646656036377
2.2404699325561523
2.2793285846710205
2.3567984104156494
2.210134744644165
2.6659164428710938
2.2236251831054688
1.9136724472045898
2.2526779174804688
1.9280532598495483
2.064621925354004
1.7161568403244019
2.1475422382354736
1.9272279739379883
2.2411751747131348
2.2378554344177246
2.0506041049957275
1.9545022249221802
2.1900463104248047
1.8274321556091309
1.844983458518982
2.2456119060516357
2.277573347091675
2.237849235534668
2.108515739440918
2.110069990158081
2.0500898361206055
2.108952522277832
2.163393020629883
2.2324252128601074
2.4004342555999756
2.0298523902893066
2.022413730621338
1.8190116882324219
2.0900661945343018
2.0977957248687744
2.0782694816589355
1.9074490070343018
2.012061357498169
2.127546787261963
1.8306471109390259
2.1120307445526123
2.3096039295196533
2.3793625831604004
2.1703178882598877
2.047353982925415
2.393174886703491
2.2354228496551514
1.885254979133606
2.117915630340576
2.2434630393981934
2.037295341491699
2.3712852001190186
2.0574631690979004
1.9854494333267212
2.1250293254852295
1.7965993881225586
2.2541465759277344
1.8456727266311646
2.026527166366577
2.041597366333008
1.9231953620910645
2.0044164657592773
2.1013810634613037
2.0253098011016846
1.9470268487930298
2.195233106613159
2.571981430053711
1.8999624252319336
1.8851057291030884
1.967547059059143
2.2602767944335938
2.230623245239258
2.0441925525665283
2.2657477855682373
2.2099390029907227
2.08293080329895
2.367408514022827
1.8140703439712524
1.8583942651748657
1.913002371788025
2.399146318435669
2.3341634273529053
1.7625676393508911
1.8766220808029175
2.15773606300354
2.3839991092681885
2.2921721935272217
1.931442379951477
1.8886948823928833
2.1002256870269775
2.2187910079956055
2.108980417251587
2.0189876556396484
1.7230030298233032
2.047029495239258
2.276782274246216
1.7725495100021362
2.163417339324951
2.502004384994507
2.2212157249450684
2.003904342651367
2.0844757556915283
2.1400301456451416
2.377122640609741
2.0042693614959717
2.133005142211914
2.0001046657562256
2.128972053527832
1.9952396154403687
2.0296809673309326
2.181607246398926
2.2804791927337646
1.9620763063430786
2.175987482070923
2.132822275161743
2.173548460006714
2.202317714691162
2.0077078342437744
1.9549903869628906
1.8401397466659546
1.911264181137085
2.1551642417907715
1.769714117050171
1.9794098138809204
2.045106887817383
2.065922498703003
2.4304704666137695
2.2507026195526123
2.1437556743621826
1.8839476108551025
2.2148876190185547
1.707475185394287
1.8588824272155762
2.3395612239837646
1.9293370246887207
1.8514891862869263
1.6230247020721436
1.650043249130249
1.9345670938491821
2.196173667907715
1.9306117296218872
2.1574642658233643
1.9633187055587769
2.1015677452087402
2.124706745147705
1.974334955215454
2.044401168823242
1.6731709241867065
1.7589704990386963
2.1890292167663574
2.200291395187378
2.2320716381073
1.9656383991241455
1.9212325811386108
2.0332534313201904
2.1620891094207764
2.197139263153076
2.0085713863372803
2.4092941284179688
1.8124700784683228
2.1636807918548584
2.211836099624634
1.7418090105056763
1.907335638999939
2.0045928955078125
2.026607036590576
1.9498480558395386
2.003124475479126
2.0131006240844727
2.235433578491211
1.9126536846160889
1.9825316667556763
1.850888729095459
2.2348639965057373
1.761721134185791
2.2016842365264893
1.959632158279419
1.8622262477874756
2.1931960582733154
1.9848383665084839
1.634553074836731
2.135478973388672
1.964126706123352
1.9067022800445557
1.7606186866760254
1.7462762594223022
2.094376564025879
1.6168969869613647
2.212766647338867
1.833892822265625
2.031428575515747
2.08194637298584
2.2594027519226074
1.8911445140838623
1.7445675134658813
1.9528945684432983
1.86284339427948
1.5949585437774658
2.4121150970458984
2.1511452198028564
1.9816581010818481
1.8141041994094849
2.178518056869507
1.946368932723999
1.8914909362792969
1.760648250579834
1.7227407693862915
2.2067360877990723
2.518336296081543
2.1672163009643555
1.7935409545898438
2.188631534576416
1.9242229461669922
2.5354256629943848
1.6516839265823364
1.9065513610839844
2.1914374828338623
1.8829624652862549
1.929726481437683
2.0059502124786377
1.6846215724945068
1.9464151859283447
1.7072612047195435
1.8384114503860474
2.2495017051696777
2.0178918838500977
1.8825043439865112
2.005401611328125
1.798420786857605
1.7433156967163086
1.9949963092803955
2.577120780944824
2.117067575454712
1.8107497692108154
2.037571907043457
2.280268907546997
1.8299453258514404
2.0448086261749268
1.7496097087860107
2.400131940841675
2.3490211963653564
1.928544521331787
1.9834140539169312
1.9347715377807617
2.411709785461426
1.8362916707992554
2.0690207481384277
1.6793904304504395
1.6828283071517944
2.358227014541626
2.141352415084839
2.1104888916015625
1.729200839996338
2.066784620285034
2.093104124069214
1.7450335025787354
1.6817653179168701
2.0432817935943604
1.6726293563842773
2.0062472820281982
2.2376925945281982
1.9012846946716309
2.1362876892089844
1.7892024517059326
2.090266704559326
1.7904393672943115
2.1909337043762207
2.0002739429473877
1.8153213262557983
1.8806616067886353
1.9335047006607056
1.6593644618988037
2.1242990493774414
2.027151584625244
1.8909128904342651
2.149646043777466
2.0451467037200928
1.9286901950836182
2.364792823791504
2.2492618560791016
2.1233468055725098
1.694796085357666
1.994214653968811
1.934171199798584
2.1995902061462402
1.7208786010742188
2.044422149658203
1.811786413192749
1.7705819606781006
2.2413887977600098
1.7007246017456055
1.8128682374954224
1.5146913528442383
1.8673664331436157
2.2874557971954346
1.850243091583252
1.8151168823242188
2.2418112754821777
2.188659429550171
1.9509038925170898
1.8592944145202637
2.222848415374756
1.8260366916656494
1.6253458261489868
1.9155691862106323
1.665208339691162
1.9130834341049194
2.0705246925354004
1.8120776414871216
1.788260579109192
2.04433536529541
1.6957911252975464
1.3829880952835083
1.7569730281829834
2.046346664428711
1.9170397520065308
2.133549928665161
1.8077130317687988
2.0266306400299072
1.864810585975647
1.844411015510559
1.9659818410873413
1.597058892250061
2.244410276412964
1.8721182346343994
1.965488314628601
1.8893619775772095
1.8172500133514404
1.8614429235458374
1.7029261589050293
2.108219861984253
1.4966351985931396
1.6494181156158447
1.9968582391738892
1.6796181201934814
1.9035618305206299
2.046448230743408
1.4814094305038452
1.5387520790100098
1.8611345291137695
1.692805528640747
1.3619028329849243
1.619641900062561
1.5869494676589966
1.8208245038986206
2.034911870956421
1.7373645305633545
1.7049449682235718
1.955135703086853
1.7088230848312378
1.8807952404022217
1.8963953256607056
2.2522430419921875
1.6057575941085815
1.6783791780471802
1.9576568603515625
1.782055139541626
1.9102226495742798
1.7100051641464233
2.090292453765869
1.747483491897583
2.0789053440093994
1.8379157781600952
1.6752846240997314
1.4294997453689575
1.4600598812103271
1.8927886486053467
1.8372602462768555
1.7938997745513916
1.937564730644226
1.8349759578704834
1.8439494371414185
1.6047073602676392
1.5588371753692627
1.751111388206482
1.4567221403121948
2.1720967292785645
1.86342191696167
2.080076217651367
2.0149319171905518
1.3687050342559814
2.0035040378570557
1.8945633172988892
1.760271430015564
1.5784236192703247
1.971723198890686
1.6268529891967773
1.5756473541259766
1.7284164428710938
1.8618803024291992
1.7008945941925049
1.8717093467712402
1.6090521812438965
1.7881730794906616
1.9429688453674316
1.9092464447021484
1.91447114944458
1.5557316541671753
1.6327321529388428
1.82463538646698
1.8022539615631104
1.7183005809783936
1.5214548110961914
1.823504090309143
2.016143560409546
1.6171289682388306
1.6714855432510376
1.6792643070220947
1.6179306507110596
1.702660322189331
1.5014568567276
2.05053448677063
1.5261027812957764
1.6709227561950684
2.1374964714050293
2.0549674034118652
2.0216033458709717
1.915403962135315
1.5756559371948242
2.1577022075653076
1.8391835689544678
2.2392125129699707
1.6379845142364502
1.5885564088821411
2.0716493129730225
1.6841237545013428
1.9248883724212646
1.746463656425476
1.6019713878631592
2.021787166595459
1.7198330163955688
1.8135175704956055
1.8692737817764282
1.9575194120407104
2.0764122009277344
1.3542935848236084
1.7820149660110474
2.411699056625366
1.9356391429901123
2.2964515686035156
1.6990655660629272
1.6041038036346436
1.6402487754821777
1.939988374710083
1.7619972229003906
1.4216099977493286
1.9581174850463867
2.035593032836914
1.6096582412719727
1.2699891328811646
1.792006492614746
1.6536428928375244
1.5328128337860107
1.543384075164795
1.635083794593811
1.6043201684951782
1.7980812788009644
1.8690963983535767
1.9941470623016357
1.7170478105545044
1.785733699798584
1.9715497493743896
2.2565157413482666
1.7592155933380127
1.8959071636199951
1.697766661643982
1.7924962043762207
1.5593873262405396
1.8499979972839355
2.0490975379943848
1.4041557312011719
1.380345106124878
1.6264296770095825
1.6111681461334229
1.5957130193710327
1.6259839534759521
1.2067713737487793
2.1967720985412598
1.6975098848342896
1.7178634405136108
1.8639492988586426
1.6141999959945679
1.7583308219909668
1.5680068731307983
1.4729080200195312
1.426828384399414
1.528696060180664
1.6266096830368042
1.6111403703689575
2.0176873207092285
1.532555341720581
1.761184811592102
1.5539226531982422
1.5730315446853638
1.5830565690994263
1.9235050678253174
1.3851138353347778
1.7758454084396362
1.6045392751693726
1.2577931880950928
1.9925097227096558
1.9379501342773438
2.0173499584198
1.623302698135376
1.6780908107757568
1.6358065605163574
1.8493714332580566
1.5941674709320068
1.4809203147888184
1.569928765296936
2.137627124786377
1.7657614946365356
1.7874176502227783
1.4477639198303223
1.404991865158081
1.827947735786438
1.5594362020492554
1.8328810930252075
1.8212847709655762
1.8993158340454102
1.8176063299179077
1.5486656427383423
1.898059606552124
1.7279562950134277
1.5323737859725952
2.0216174125671387
1.6779911518096924
1.607529640197754
1.9205784797668457
1.9379172325134277
1.74674654006958
1.737929344177246
1.7420952320098877
1.7584457397460938
1.2617820501327515
1.68519926071167
1.3587487936019897
1.3995243310928345
1.7787749767303467
1.4047256708145142
1.6410131454467773
1.880129337310791
1.6552491188049316
1.6398249864578247
1.5381168127059937
1.4769554138183594
1.8424288034439087
1.7840204238891602
1.869666576385498
1.9683963060379028
1.6072994470596313
1.7551826238632202
1.6630548238754272
1.8521728515625
1.7111068964004517
1.4815980195999146
1.775621771812439
1.7791593074798584
1.6418603658676147
1.7302067279815674
1.8457038402557373
1.668136477470398
2.0218546390533447
1.678490400314331
1.8445802927017212
1.8296010494232178
1.8526922464370728
1.5823215246200562
1.3963377475738525
1.7713850736618042
1.4814032316207886
1.8939769268035889
1.5068062543869019
1.6454259157180786
1.6795775890350342
1.6595481634140015
1.5547409057617188
1.5846447944641113
1.6752604246139526
1.7561087608337402
1.5180814266204834
1.9252047538757324
1.6423225402832031
1.706618309020996
1.6964083909988403
1.6860688924789429
1.8477991819381714
2.1094233989715576
1.939786434173584
1.6967415809631348
1.7363924980163574
2.221181631088257
1.8155624866485596
1.5811409950256348
1.8428423404693604
1.5355101823806763
1.4442729949951172
1.9437347650527954
1.8866513967514038
1.3818414211273193
1.8484207391738892
1.561802864074707
1.4962546825408936
1.3984978199005127
1.7740235328674316
1.411141037940979
1.4700279235839844
1.3256421089172363
1.5222227573394775
1.4323722124099731
1.827117681503296
1.548660397529602
1.4474483728408813
1.4917545318603516
1.6085290908813477
1.8397883176803589
1.6692339181900024
1.5141726732254028
1.7024823427200317
1.6793544292449951
1.3467891216278076
1.8910901546478271
1.2625646591186523
1.630988597869873
1.5472404956817627
2.227142095565796
1.5879006385803223
1.3939982652664185
1.4053142070770264
1.5889872312545776
1.6309765577316284
1.2471916675567627
1.451454997062683
1.1504604816436768
1.4812936782836914
1.3973400592803955
1.4174219369888306
1.3292491436004639
1.7676477432250977
1.3100080490112305
1.6156888008117676
1.784902572631836
1.3471394777297974
1.62700617313385
1.3780522346496582
1.8321120738983154
1.502593755722046
1.7454659938812256
1.5208969116210938
1.6058460474014282
1.6655418872833252
1.4010978937149048
1.5328757762908936
1.4293277263641357
1.3885018825531006
1.6781232357025146
1.6920565366744995
1.5605570077896118
1.7250779867172241
1.2765703201293945
1.490585207939148
1.6457054615020752
1.6444063186645508
1.665781855583191
1.6492388248443604
1.3975658416748047
1.3100074529647827
1.4710347652435303
1.5614430904388428
1.6484211683273315
1.6218513250350952
1.5593096017837524
1.3162198066711426
1.269412636756897
1.4925254583358765
1.3661624193191528
1.5711898803710938
1.4071401357650757
1.5273289680480957
1.7810341119766235
1.584008812904358
1.4926230907440186
1.9029921293258667
1.2999156713485718
1.040242075920105
1.5238595008850098
1.3566877841949463
2.161127805709839
1.6222697496414185
1.6026464700698853
1.3606470823287964
1.774382472038269
1.6805400848388672
1.3663783073425293
1.6028414964675903
1.5413057804107666
1.5529251098632812
1.618504285812378
1.496034860610962
1.5452914237976074
1.5425326824188232
1.694637417793274
1.8545185327529907
1.5038045644760132
1.6667317152023315
1.9054985046386719
1.550214171409607
1.5863710641860962
1.5543009042739868
1.7538100481033325
1.286014199256897
1.2870620489120483
1.6132473945617676
1.7516148090362549
1.4649264812469482
1.3700530529022217
1.3397417068481445
1.4631011486053467
1.6895129680633545
1.4837006330490112
1.4516854286193848
1.414367914199829
1.244484305381775
1.303320050239563
1.326219916343689
1.4983774423599243
1.6938813924789429
1.6836280822753906
1.7683863639831543
1.639408826828003
1.406678318977356
1.4133719205856323
1.4458811283111572
1.4303367137908936
1.5396676063537598
1.4154930114746094
1.7466280460357666
1.8369133472442627
1.8090670108795166
1.7202560901641846
2.0094845294952393
1.5803275108337402
1.5245951414108276
1.3249049186706543
1.3506966829299927
1.4071727991104126
1.2037811279296875
0.9895944595336914
1.4604007005691528
1.5061168670654297
1.3923406600952148
1.1824198961257935
1.4287999868392944
1.1220976114273071
1.868051528930664
1.732987403869629
1.4535260200500488
1.187743902206421
1.5448131561279297
1.4542206525802612
1.3214386701583862
1.5625214576721191
1.5665242671966553
1.5467230081558228
1.645493745803833
1.4792591333389282
1.4203035831451416
1.6055073738098145
1.5585172176361084
1.5453459024429321
1.5771803855895996
1.7708138227462769
1.399406909942627
1.4998338222503662
1.8432351350784302
1.4257723093032837
1.2792627811431885
1.7124114036560059
1.4671411514282227
1.2100040912628174
1.2663967609405518
1.502050757408142
1.5615588426589966
1.847308874130249
1.1923482418060303
1.1516526937484741
1.4313277006149292
1.6161985397338867
1.1691137552261353
1.5422685146331787
1.4532638788223267
1.4781111478805542
1.0875213146209717
1.5675971508026123
1.3341761827468872
1.3583626747131348
1.6550593376159668
1.3444198369979858
2.0267391204833984
1.2967545986175537
1.4994823932647705
1.410971999168396
1.2532583475112915
1.5040063858032227
1.3870224952697754
1.5348650217056274
1.4866759777069092
1.2178531885147095
1.4695796966552734
1.3315783739089966
1.5313639640808105
1.112675666809082
1.0510199069976807
1.2279261350631714
1.172095775604248
1.7444666624069214
1.1596587896347046
1.3324384689331055
1.4836896657943726
1.5758790969848633
1.3545141220092773
1.4157074689865112
1.3482893705368042
1.478153109550476
1.3201757669448853
1.3918607234954834
1.6729716062545776
1.49734628200531
1.2168974876403809
1.2984145879745483
1.6706335544586182
1.1510374546051025
1.3634517192840576
1.3735772371292114
1.1322802305221558
1.1845585107803345
1.6386492252349854
1.7193186283111572
1.308987021446228
1.4155970811843872
1.4144490957260132
