1.928
2.138
2.486
2.77
3.044
3.5700000000000003
3.814
4.304
4.718
4.986
5.038
5.388
5.676
6.002
6.605999999999999
6.802
7.3999999999999995
7.66
8.016
8.324
8.776
8.938
9.296
9.959999999999999
10.106
10.546
10.966
11.32
11.84
12.252
12.466000000000001
12.898000000000001
13.196
13.818
13.974
14.254
14.680000000000001
14.921999999999999
15.054
15.558
15.879999999999999
16.322
16.752
17.03
17.45
17.53
17.952
18.35
18.618000000000002
19.156000000000002
19.384
19.564
19.966
20.332
20.758
21.138
21.27
21.695999999999998
22.36
22.522000000000002
22.472
22.99
23.176
23.682
23.934
24.413999999999998
24.388
25.324
25.61
25.406000000000002
26.106
26.273999999999997
26.523999999999997
26.936
27.128000000000004
27.639999999999997
27.686
28.267999999999997
28.296
28.736
29.186
29.446
29.902
29.86
30.572
30.544
31.180000000000003
31.35
31.887999999999998
31.94
32.224000000000004
32.5
32.75
33.288000000000004
33.184000000000005
33.588
33.906
34.408
34.56
34.62
35.224
35.272
35.416
35.796
36.09
36.312
36.784
37.147999999999996
37.468
37.582
38.114
38.116
38.269999999999996
38.366
38.942
39.214
39.45
39.622
39.876
40.338
40.426
40.704
41.132000000000005
40.955999999999996
41.502
41.678
42.19
42.472
42.534
42.75
42.988
43.16
43.448
43.834
43.934
44.384
44.488
44.879999999999995
45.23
45.396
46.089999999999996
45.748
46.37
46.608
46.644000000000005
46.902
47.068
47.386
47.786
48.308
48.568
48.344
48.592
49.032
49.147999999999996
49.382
49.797999999999995
50.294000000000004
50.327999999999996
50.796
50.61600000000001
51.388
51.519999999999996
51.53
51.768
51.942
52.400000000000006
52.622
52.902
53.044000000000004
53.372
53.928
53.68000000000001
54.25600000000001
54.58
54.657999999999994
54.984
54.842
55.542
55.794
55.87800000000001
56.186
56.477999999999994
56.702
56.996
57.084
57.218
57.544
58.111999999999995
58.508
58.60999999999999
58.797999999999995
58.94200000000001
59.118
59.792
59.772000000000006
59.876
60.153999999999996
60.919999999999995
61.202
60.992000000000004
61.236000000000004
61.517999999999994
61.952
61.888
62.217999999999996
62.31
62.522
62.894000000000005
63.222
63.5
63.634
63.995999999999995
64.188
64.61
64.986
65.096
65.498
65.61
65.89399999999999
65.958
66.378
66.412
66.556
67.226
67.062
67.318
67.786
68.384
68.122
68.54400000000001
68.80199999999999
69.22
69.28999999999999
69.204
69.838
70.07
70.218
70.608
70.928
71.304
70.87
71.248
71.65
72.206
72.16
72.45
72.802
72.72
72.846
73.554
73.37
73.824
74.024
74.438
74.41600000000001
74.70599999999999
75.058
75.022
75.28399999999999
75.676
75.864
76.574
76.588
76.58
76.838
77.19200000000001
77.416
77.63
77.5
77.804
78.12400000000001
78.134
78.25
78.786
78.518
79.28399999999999
79.306
79.428
80.01599999999999
79.904
80.124
80.404
80.502
80.914
80.888
80.972
81.364
81.378
81.922
82.096
82.15
82.17999999999999
82.234
82.652
82.422
82.808
83.0
82.876
83.39999999999999
