4.5618561978840155
4.524984890237794
4.497463589739007
4.450388986436303
4.407873078685283
4.379263951650361
4.342960698525314
4.323632533592946
4.289910512811997
4.258835991630164
4.233175106670545
4.198888998812117
4.176049706271238
4.131495133385329
4.102301115879927
4.077079185439498
4.047150128942621
4.024124534843523
4.004815953771781
3.9809894817869376
3.9581590909177384
3.9359054464818266
3.907877365036694
3.888640692471848
3.8644420640242982
3.832709578297022
3.812303624189723
3.7788534539434915
3.7576519077086386
3.733382860717871
3.7051272087389857
3.689433210950983
3.663379477113104
3.637546378023484
3.6154807705403593
3.5961446667571204
3.5706108933519523
3.5531540029798934
3.5387937760414063
3.5198140174836454
3.503286713529426
3.4838384508781726
3.460285600189053
3.4396033588882604
3.4203831469616315
3.405102581929063
3.3881905249622473
3.3674339284677335
3.345518721643921
3.3212601251309484
3.3082893577683
3.294170442139706
3.2680056339029764
3.2516381036290123
3.2360362381581456
3.213502565003417
3.197762856093209
3.1768060578104786
3.158098597965582
3.1443288936029616
3.128685687509034
3.102647122519705
3.088641307238118
3.0692992225632336
3.0585337730929676
3.0321559186481757
3.020157868904836
2.99736185787279
2.9790447800970443
2.966423851754659
2.954039495619362
2.9328357142865507
2.9230629464854365
2.9033875358683985
2.886301464436914
2.8685432852381636
2.856417574236155
2.8383645017433654
2.82206523265985
2.809164266452155
2.795438495438422
2.779434835819332
2.76548342631601
2.7415528288277824
2.729204746463415
2.7145986654569425
2.701603435799289
2.6880089358600507
2.669265455602075
2.657074659681686
2.6394630034866235
2.621688402217367
2.613544482404314
2.5993799144959513
2.5930273898727143
2.5804947632962785
2.5643558794885037
2.550297866849338
2.537290204516457
2.525174808471709
2.5036688279312895
2.4949894146541194
2.4873125013488027
2.4704272797345506
2.4535505171017267
2.442906963245948
2.425427329204881
2.4137446191304783
2.4025153119850646
2.388487639482064
2.3773010202381006
2.366399474918385
2.3537732199634736
2.34594427639871
2.3308743172899233
2.312683114615243
2.3019928624258017
2.296731492747431
2.2818987825337578
2.2656560892339255
2.258105216733635
2.2471095779362846
2.2310266891098998
2.227127665601423
2.2102006564054952
2.2035385370254517
2.184142268984519
2.171870661208697
2.1646144694989293
2.1528190595414634
2.142733345708579
2.129184141031007
2.1169453438590553
2.1068326655556175
2.0939799708783475
2.0818188341377337
2.0651767589247134
2.0624760933544324
2.0450017696146463
2.0381846685543694
2.0217128522560723
2.0108537189186078
1.9966630687189224
1.988047097497584
1.978583708748488
1.9691691532769167
1.9638256075437113
1.948204251354003
1.9385778693591846
1.921272172952247
1.9094291832440955
1.906710237645737
1.8978897154788532
1.8788238439108709
1.8767486356408394
1.8618160935923875
1.8513686827686437
1.8352099737852736
1.8203544479501828
1.8220307269059788
1.810755555739488
1.7920211786809175
1.7813805818862622
1.7727212459230057
1.7610801077254898
1.7571923946175734
1.7368151621745371
1.7297658943154317
1.7181122524049275
1.713346276899128
1.7015252453286935
1.6848917406843142
1.6778541332315606
1.6683697741659707
1.6535953896124955
1.6434999266853723
1.6322393173451923
1.6292758634328233
1.6124444116107033
1.604347623217746
1.588904941783232
1.5844832160283842
1.5712481997049679
1.563240364841793
1.5380863400219043
1.547176966276925
1.5342946451948123
1.5238527556514496
1.5044138721188012
1.4901821825967725
1.4886565464536856
1.4737782773306913
1.4719339072551874
1.4589754371234522
1.4404946739411415
1.4411918203849012
1.4291865879769825
1.419356408402743
1.3948476457839731
1.3859344483031641
1.3900507783036098
1.3816211300585277
1.3706938666303445
1.3532828476727772
1.351818547453112
1.3393076010372327
1.3376280271336245
1.323667222581556
1.3198232130931162
1.2988709549007513
1.2898564042947482
1.2828535116694468
1.271560806295146
1.2673669231059912
1.2470228897641078
1.2407544951914522
1.2321993164394214
1.2191902992060728
1.2071184288052952
1.202914431119514
1.1966230315168191
1.1788253615731779
1.1762268375557707
1.1648109686344177
1.1507913652435897
1.1513817935343593
1.140272736320715
1.1267287949924274
1.1107169684699125
1.109486487591663
1.0968987853325847
1.0915542625252852
1.0765612852542907
1.0686790929426013
1.0670519407905277
1.0566187032195917
1.039572226803016
1.0372538244937692
1.0244033790153007
1.012053349972381
1.0013864667671721
1.0072234974950172
0.9915886093740878
0.9884479612188266
0.9684003247781787
0.9625473550670897
0.963905395754158
0.9465289563321702
0.9439369779261176
0.9342245739286817
0.9230292585423535
0.9181254412359594
0.903444482275592
0.8966282722361557
0.8820141705939227
0.8829696491703658
0.8751319529455336
0.8724636079557716
0.8641059032029204
0.8520881118981735
0.8395543481077989
0.8324542333707785
0.8185729131369335
0.8132936941159655
0.8087444874407995
0.7981143140274546
0.7891527949010625
0.7819697280292925
0.7736399804463472
0.7735314944668499
0.766169201115818
0.7573252402989151
0.7549940783273229
0.7468370863467532
0.728664916761391
0.7369440074848093
0.7153091093768245
0.7111675783115274
0.7076926405548745
0.6939499484913428
0.6917617002030467
0.6899441455102637
0.6739335702660748
0.6737536358482697
0.659248416876549
0.6591995222794126
0.6539245755090128
0.6462941696424314
0.6455606650132353
0.6321098632405481
0.6255504041910172
0.6223300656546717
0.6121749151926821
0.6150680163022503
0.6008220622911478
0.6042005598849958
0.5940353704611664
0.5871151403888412
0.5877582161780208
0.5789200654038993
