231.71915411949158
231.84034776687622
231.65210247039795
231.881445646286
231.54116678237915
231.84369039535522
231.56790375709534
231.74945163726807
231.58618807792664
231.7365963459015
231.72550988197327
231.61916303634644
231.42897081375122
231.73029112815857
231.56629514694214
231.75253891944885
231.5544948577881
231.83292365074158
231.47328686714172
231.86346650123596
231.4491868019104
231.90592193603516
231.42362022399902
231.69285035133362
231.49001741409302
231.64162421226501
231.58073782920837
231.72911286354065
231.67415404319763
231.58668160438538
231.53704404830933
231.61356711387634
231.4832570552826
231.74279069900513
231.45779824256897
231.85446166992188
231.5379478931427
231.80385041236877
231.56271362304688
231.76990485191345
231.47199201583862
231.81271648406982
231.54657459259033
231.71701669692993
231.53414034843445
231.78717255592346
231.73442721366882
231.6337206363678
231.66152453422546
231.63414239883423
231.63728284835815
232.38769125938416
231.69704818725586
231.62576699256897
231.5716860294342
231.65930795669556
231.48305130004883
231.66190719604492
231.76719069480896
231.60996651649475
231.73228311538696
231.80206537246704
231.66398668289185
231.56688714027405
231.77488565444946
231.65288972854614
231.6902952194214
231.58709740638733
231.66131114959717
231.54590225219727
231.8261137008667
231.57528018951416
231.71601629257202
231.40206456184387
231.64452815055847
231.48363423347473
232.12302350997925
231.58136558532715
231.77751970291138
231.42963004112244
231.93211841583252
231.45994234085083
231.79902863502502
231.41864609718323
231.72116589546204
231.4609398841858
231.7420883178711
231.49911189079285
231.8156657218933
231.4702935218811
231.7218770980835
231.57127141952515
231.87000823020935
231.5886948108673
232.993088722229
231.55099201202393
231.79991960525513
231.40138840675354
231.70215106010437
231.4374234676361
231.69216108322144
231.4161674976349
231.71635460853577
231.41293168067932
231.88097214698792
231.55086302757263
231.831298828125
231.52820825576782
231.68918418884277
231.57991886138916
231.78371810913086
231.54751229286194
231.7260398864746
231.53354907035828
231.68166851997375
231.55720829963684
231.8212125301361
231.5991916656494
231.74178504943848
231.430166721344
231.46721196174622
231.5948085784912
231.6527841091156
231.64015007019043
231.52737426757812
231.6704785823822
231.5884518623352
231.6491346359253
231.59716272354126
231.64267253875732
231.6185326576233
231.6270034313202
231.7458302974701
231.627272605896
231.50709342956543
231.65197920799255
231.5516004562378
231.69035029411316
231.5352463722229
231.65595173835754
231.4634075164795
231.71109747886658
231.57551908493042
231.76927661895752
231.51417660713196
231.69480538368225
231.5096275806427
231.71214127540588
231.51642107963562
231.65464687347412
231.54893922805786
231.63883256912231
231.52589392662048
231.61839652061462
231.5341033935547
231.75920343399048
231.47972178459167
231.71500825881958
267.998277425766
280.89624071121216
284.7902510166168
281.659982919693
280.25016808509827
283.525267124176
282.6070907115936
283.49514603614807
284.90774607658386
281.8879306316376
284.2880644798279
284.04147601127625
281.2756540775299
284.514732837677
281.04426527023315
282.7796416282654
283.6534948348999
280.6210551261902
283.95147728919983
282.9582221508026
280.2292740345001
285.1153492927551
282.57580399513245
282.685129404068
284.140677690506
281.780779838562
282.85991287231445
283.0060091018677
281.96482157707214
282.13510847091675
283.9561092853546
281.9977185726166
283.67588448524475
282.60147643089294
284.60635328292847
285.32016229629517
281.79386281967163
284.4708921909332
283.0161979198456
279.93755078315735
285.8095064163208
282.93602228164673
282.53987073898315
283.4547369480133
282.5544126033783
283.2835199832916
282.0704698562622
280.90086674690247
283.3817961215973
282.01424264907837
280.14316153526306
284.26036047935486
281.0124785900116
282.42216062545776
283.7781414985657
280.76187658309937
285.30089950561523
282.2240581512451
280.74532651901245
285.7847213745117
282.84321093559265
284.39880871772766
284.66024518013
281.56316614151
285.21876406669617
283.15798234939575
281.45203161239624
284.15858125686646
282.06157541275024
284.134667634964
283.7833762168884
281.60389137268066
282.8188407421112
283.94546151161194
281.41569685935974
285.867712020874
281.4774181842804
231.96234512329102
231.66849780082703
231.81940245628357
231.69925093650818
231.78337407112122
231.61643075942993
231.75076985359192
231.65614652633667
231.72776770591736
231.62504291534424
231.85117840766907
231.53779101371765
231.89047646522522
231.568909406662
231.9953601360321
231.59398555755615
231.95515513420105
233.71017837524414
231.73146152496338
231.31608486175537
231.57826018333435
231.28975081443787
231.42814111709595
231.18719220161438
231.5028190612793
231.18674230575562
231.46423959732056
231.3313500881195
231.4873719215393
231.23281598091125
231.46616005897522
231.30214405059814
231.50373077392578
231.19210720062256
231.4037799835205
231.2997226715088
231.55587768554688
231.31830477714539
231.60689520835876
231.39359712600708
231.4793336391449
231.49259757995605
231.54653429985046
231.50800156593323
231.63718914985657
231.48596572875977
231.43993139266968
231.4261190891266
231.5224871635437
231.36318254470825
231.36508202552795
241.25279688835144
231.28356647491455
231.3845067024231
231.17261505126953
231.19574618339539
231.2704770565033
231.34692335128784
231.15748572349548
231.24158430099487
231.0842845439911
231.22925114631653
231.196444272995
231.29113125801086
231.12161469459534
