4.620492458343506
4.498551368713379
4.528356552124023
4.558004856109619
4.579202175140381
4.564939022064209
4.584173202514648
4.494449615478516
4.499663352966309
4.495886325836182
4.556346416473389
4.487730026245117
4.577541351318359
4.508338451385498
4.4663987159729
4.410985946655273
4.550262928009033
4.4460248947143555
4.473421096801758
4.538002967834473
4.43430233001709
4.538821697235107
4.509312629699707
4.413227081298828
4.4800286293029785
4.458370208740234
4.400275230407715
4.445127010345459
4.389852523803711
4.4382195472717285
4.483401298522949
4.31933069229126
4.400527000427246
4.327109336853027
4.321834564208984
4.402650356292725
4.427677154541016
4.336945056915283
4.239645004272461
4.297407150268555
4.310860633850098
4.41163444519043
4.258172512054443
4.321676731109619
4.215210437774658
4.268143653869629
4.380834579467773
4.303099155426025
4.520893573760986
4.363864898681641
4.467980861663818
4.376976490020752
4.366159439086914
4.361276626586914
4.318287372589111
4.347580432891846
4.30440092086792
4.300865650177002
4.1445088386535645
4.289628982543945
4.3341546058654785
4.354334354400635
4.362739562988281
4.2669548988342285
4.154589653015137
4.180538177490234
4.3805389404296875
4.137238502502441
4.17312479019165
4.25485372543335
4.271400451660156
4.261197566986084
4.215909957885742
4.144257068634033
4.277913570404053
4.164500713348389
4.2130842208862305
4.149313449859619
4.202731609344482
4.208621978759766
4.168415546417236
4.047764778137207
4.302570819854736
4.106269359588623
3.9997286796569824
4.047168731689453
4.403218746185303
4.125767230987549
4.389598369598389
4.099869251251221
4.063073635101318
4.341156005859375
4.214893341064453
4.236111640930176
3.9970695972442627
4.307108402252197
4.118414402008057
3.944457769393921
4.153878211975098
4.153764247894287
4.210639476776123
4.167567729949951
4.012890338897705
4.103617191314697
4.021977424621582
4.080954551696777
4.083797931671143
4.205315589904785
3.959000587463379
3.8873329162597656
4.091268539428711
3.961364269256592
4.0692572593688965
4.2286529541015625
4.281844615936279
3.769451141357422
3.9543099403381348
3.8882594108581543
4.2310895919799805
4.1089653968811035
3.9497811794281006
4.093337059020996
3.944908857345581
4.270280361175537
4.079610347747803
4.159612655639648
4.102766990661621
4.027621746063232
3.960076332092285
3.939718008041382
3.941986560821533
4.027366638183594
3.96368145942688
3.7445552349090576
4.047807216644287
3.9952878952026367
4.079185485839844
3.972301483154297
4.004833698272705
3.7758195400238037
3.8630053997039795
4.117514610290527
3.8310368061065674
3.793457269668579
4.0813469886779785
4.027046203613281
3.681983709335327
3.956772565841675
3.910963296890259
4.043025016784668
3.9664011001586914
4.140589237213135
3.8340861797332764
4.120354652404785
3.848785877227783
3.87438702583313
4.018424987792969
3.933560609817505
4.022684574127197
4.0375776290893555
3.8963334560394287
3.879148006439209
3.6351094245910645
4.152463436126709
3.8965303897857666
3.933716297149658
3.7790019512176514
3.663282871246338
3.941882848739624
3.9206202030181885
3.9185848236083984
3.8120431900024414
3.871377468109131
3.8061459064483643
3.6981563568115234
3.8518943786621094
3.841512680053711
3.82783579826355
3.5994110107421875
3.8110780715942383
3.7303643226623535
3.916414737701416
3.8044116497039795
3.860786199569702
3.6687989234924316
3.9441707134246826
3.8669168949127197
3.9628145694732666
3.697986125946045
3.7627100944519043
3.6760003566741943
3.8173627853393555
3.8472506999969482
3.5683658123016357
3.6598803997039795
3.9313387870788574
3.909410238265991
3.71262788772583
3.7069764137268066
3.9838998317718506
3.614331007003784
3.7186481952667236
3.8907227516174316
3.5813541412353516
3.586264133453369
3.4727213382720947
3.512972593307495
3.9895777702331543
3.725844621658325
3.803274631500244
3.7162158489227295
3.890094041824341
3.8628838062286377
3.801870584487915
3.911858320236206
3.6707682609558105
3.461301326751709
3.3802530765533447
3.398800849914551
3.5778605937957764
3.6652345657348633
4.034704208374023
3.884392738342285
3.7010445594787598
3.5906944274902344
3.365110158920288
3.630495309829712
3.666390895843506
3.8723978996276855
3.73427414894104
3.4898130893707275
3.644943952560425
3.4603700637817383
3.7318668365478516
3.4052138328552246
3.809910774230957
3.5680840015411377
3.766099214553833
3.666522741317749
3.548748731613159
3.5306780338287354
3.6007778644561768
3.9106552600860596
3.6576902866363525
3.6730904579162598
3.826841115951538
3.6304399967193604
3.810166835784912
3.5153563022613525
3.298056125640869
3.3089213371276855
3.4532546997070312
3.640167236328125
3.6140694618225098
3.5993621349334717
3.424187183380127
3.3845252990722656
3.469496965408325
3.3641834259033203
3.53828763961792
3.59870982170105
3.5342090129852295
3.682372570037842
3.6095921993255615
3.570342779159546
3.1765964031219482
3.332796812057495
3.6694231033325195
3.7519726753234863
3.6752800941467285
3.629102945327759
3.4123611450195312
3.303861379623413
3.3757927417755127
3.2771682739257812
3.2313685417175293
3.4183812141418457
3.729912281036377
3.1871654987335205
3.577181816101074
3.1948797702789307
3.368800640106201
3.2240583896636963
3.4167098999023438
3.5932810306549072
3.4412832260131836
3.3901731967926025
3.339038610458374
3.664393663406372
3.255197048187256
3.53680419921875
3.2599096298217773
3.5239012241363525
3.5223021507263184
3.2967662811279297
3.5580897331237793
3.4589924812316895
3.471644163131714
3.41317081451416
3.7245161533355713
3.644653797149658
3.1612813472747803
3.309748411178589
3.675201892852783
3.394404172897339
3.3161444664001465
3.369276523590088
3.481839895248413
3.4068171977996826
3.253636121749878
3.4940364360809326
3.467090606689453
3.426678419113159
3.575287342071533
3.5726816654205322
3.4998157024383545
3.7800536155700684
3.4822909832000732
3.288770914077759
3.425499200820923
3.4575648307800293
3.446291446685791
3.3045666217803955
2.980184555053711
3.4586181640625
3.3967196941375732
3.2373435497283936
3.2501847743988037
3.178529977798462
3.4202613830566406
3.4327027797698975
3.104001998901367
3.1152920722961426
3.34436297416687
3.29548978805542
3.4201643466949463
3.3229610919952393
3.616565465927124
3.174499034881592
3.277580738067627
3.5337655544281006
3.264500617980957
3.399129629135132
3.569434881210327
3.3206448554992676
3.6211905479431152
3.554534673690796
3.461219549179077
3.0868191719055176
3.6699748039245605
3.3684897422790527
3.44325590133667
3.2980759143829346
3.1268856525421143
3.0550920963287354
3.449895143508911
3.212155342102051
3.3253278732299805
3.135882616043091
3.3475329875946045
3.641132116317749
3.189978837966919
3.269766092300415
3.634491205215454
3.096071481704712
3.1203744411468506
3.521714210510254
3.5284173488616943
3.3262100219726562
3.097156047821045
3.286433696746826
3.297579526901245
3.6540517807006836
3.3200151920318604
3.224416971206665
3.1395986080169678
3.082017660140991
3.284982681274414
3.489522695541382
3.2466306686401367
3.182338237762451
3.684037923812866
3.252185821533203
3.0052433013916016
3.0103185176849365
3.3444833755493164
3.357907295227051
3.449037551879883
3.3557491302490234
3.1245148181915283
3.1237640380859375
3.1654438972473145
3.03469181060791
2.992464780807495
3.021564483642578
3.6250925064086914
3.2300331592559814
2.9838593006134033
3.1579434871673584
3.2070088386535645
3.3146328926086426
3.2599875926971436
3.1716294288635254
3.2712693214416504
2.8918375968933105
3.131204605102539
2.987973928451538
3.318361759185791
3.1239354610443115
3.2055540084838867
3.0199806690216064
3.309579849243164
3.254636764526367
3.2382779121398926
3.185366153717041
3.016526460647583
2.9892208576202393
3.0067737102508545
3.0773813724517822
3.098583221435547
2.902850389480591
3.050464391708374
2.8581578731536865
3.1854357719421387
2.9795937538146973
3.1646721363067627
2.8297314643859863
3.126174211502075
3.185046911239624
3.257817268371582
3.0218610763549805
3.4939303398132324
3.0705130100250244
3.012840509414673
3.073146343231201
3.1825578212738037
3.1039175987243652
3.2561564445495605
3.0636448860168457
2.8181307315826416
2.6564781665802
3.1066441535949707
2.7901620864868164
3.0305094718933105
3.2690072059631348
3.164463520050049
3.009521245956421
3.266129493713379
3.143068790435791
3.3796041011810303
2.933720111846924
3.2444260120391846
3.03665828704834
3.206272840499878
2.9786999225616455
3.1451597213745117
2.7868595123291016
3.0812342166900635
2.925626039505005
2.929198980331421
3.028026580810547
2.7554452419281006
2.8010756969451904
2.917064905166626
3.370662212371826
3.1879961490631104
2.960601329803467
2.7468860149383545
3.4764790534973145
3.1358134746551514
2.943028688430786
2.907857894897461
3.2245638370513916
2.706780433654785
2.8581650257110596
3.085130453109741
2.8341012001037598
3.301690101623535
3.063861131668091
3.201329469680786
3.275560140609741
2.9884536266326904
3.039717674255371
3.366253137588501
2.8908560276031494
2.9333856105804443
3.3179802894592285
2.848365545272827
2.8069920539855957
2.7348849773406982
3.152648448944092
2.9272584915161133
2.9969470500946045
2.8945329189300537
3.071605920791626
3.228627920150757
2.9847826957702637
2.838501453399658
2.819601535797119
3.1881964206695557
2.8981337547302246
3.164583206176758
3.077921152114868
2.897156238555908
2.9552173614501953
3.009420156478882
2.692659378051758
3.0503270626068115
3.063088893890381
2.879053831100464
2.808774948120117
2.8523006439208984
2.825948476791382
2.565589666366577
2.9896936416625977
2.9343974590301514
3.138798236846924
2.966472625732422
3.022170066833496
2.7161009311676025
2.7498676776885986
2.792496681213379
2.9607491493225098
2.7505064010620117
2.7737343311309814
3.1849365234375
2.913788080215454
2.888975143432617
2.9355673789978027
3.4691834449768066
2.7282774448394775
2.660961627960205
2.8768362998962402
2.7068686485290527
3.236098051071167
2.8280062675476074
2.529958486557007
3.0782461166381836
2.763185501098633
3.219522714614868
2.7549304962158203
2.788198709487915
2.5501370429992676
3.0894455909729004
3.1807212829589844
2.7772581577301025
2.7512290477752686
2.8423495292663574
2.652702569961548
3.0232222080230713
2.457878351211548
2.825197458267212
2.8147552013397217
2.670947551727295
2.798788070678711
2.7150344848632812
3.1547319889068604
2.8919644355773926
3.248328924179077
3.2152047157287598
2.756398916244507
2.6910057067871094
2.448073625564575
2.8137764930725098
2.879642963409424
2.7122342586517334
3.1533100605010986
2.751912832260132
2.3568365573883057
2.793262004852295
2.961148262023926
2.4664642810821533
3.2831149101257324
2.9969589710235596
2.4447853565216064
2.6046018600463867
2.7553226947784424
2.8587825298309326
2.5074472427368164
2.6805381774902344
3.006601333618164
2.948622703552246
2.8440310955047607
2.5507514476776123
2.979670286178589
2.7843618392944336
3.0024631023406982
2.899456024169922
3.0160977840423584
2.769960880279541
2.5770092010498047
2.474696159362793
2.684474468231201
2.6545145511627197
2.4491350650787354
2.6987314224243164
2.750929117202759
2.606416702270508
2.523030996322632
2.6266934871673584
2.409593105316162
2.558505058288574
2.6221392154693604
2.67964506149292
2.7431716918945312
2.635955810546875
2.6678473949432373
2.7776598930358887
2.6092042922973633
2.9798595905303955
2.548325538635254
2.652435541152954
2.696185827255249
2.5862982273101807
2.5585451126098633
3.0111234188079834
2.4561619758605957
2.6313555240631104
2.4688611030578613
3.1345996856689453
2.547825336456299
2.9236133098602295
2.9470715522766113
2.7186241149902344
2.727531909942627
2.6136233806610107
2.781643867492676
2.768637180328369
2.881091833114624
2.792426586151123
2.7867271900177
2.250061511993408
2.2345778942108154
2.4138646125793457
2.4954640865325928
2.7040958404541016
2.850531578063965
2.605879545211792
2.6480565071105957
2.966493606567383
2.3413686752319336
2.4600720405578613
2.6727771759033203
2.6308183670043945
2.4806571006774902
2.446873664855957
2.496242046356201
2.516737937927246
2.3359923362731934
2.7853240966796875
2.93115234375
2.6469719409942627
2.5119190216064453
2.6081490516662598
2.669360637664795
2.455909252166748
2.5051887035369873
2.5999224185943604
2.738917827606201
2.675973653793335
2.7609503269195557
2.6957054138183594
2.8449742794036865
2.5971314907073975
2.513958692550659
2.2771546840667725
2.8669068813323975
2.7133021354675293
2.907167911529541
2.475250244140625
2.2934682369232178
2.529630422592163
2.4563262462615967
2.3466527462005615
2.6989521980285645
2.615299701690674
2.499497890472412
2.3541905879974365
2.4194955825805664
2.6492114067077637
2.6869707107543945
2.893857955932617
2.740037441253662
2.4573612213134766
2.3429477214813232
2.6014351844787598
2.5982062816619873
2.810067653656006
2.8644118309020996
3.0584237575531006
2.8409039974212646
2.5759987831115723
2.447963237762451
2.5217015743255615
2.537923574447632
2.5230417251586914
2.3535850048065186
2.798478126525879
2.411884069442749
2.309922456741333
2.335266590118408
2.42978835105896
2.5742788314819336
2.2991902828216553
2.828721761703491
2.301514148712158
2.5373215675354004
2.2692883014678955
2.5568156242370605
2.4128646850585938
2.1851439476013184
2.6422019004821777
2.6240522861480713
2.4885175228118896
2.4208123683929443
2.2149603366851807
2.6737544536590576
2.566315174102783
2.6380748748779297
2.5867760181427
2.533979892730713
2.476318120956421
2.81095552444458
2.2868168354034424
2.3842248916625977
2.5436832904815674
2.366262435913086
2.4277234077453613
2.2515077590942383
2.2061216831207275
2.614816904067993
2.6631267070770264
2.297147035598755
2.471099853515625
2.4882450103759766
2.5435476303100586
2.9665212631225586
2.6276967525482178
2.1952261924743652
2.4065661430358887
2.398670196533203
2.027958393096924
2.88895583152771
2.54725980758667
2.1725077629089355
2.4879343509674072
2.495620012283325
2.300692319869995
2.6548678874969482
2.4160423278808594
2.156856060028076
2.676729917526245
2.4611852169036865
2.330655336380005
2.2444136142730713
2.5555765628814697
2.6641342639923096
2.5557188987731934
2.481860876083374
2.3077499866485596
2.3362538814544678
2.0043203830718994
2.414278507232666
2.419149398803711
2.3385605812072754
2.341251850128174
2.1114163398742676
2.2781598567962646
2.2979609966278076
2.532672166824341
2.538179636001587
2.2541604042053223
2.442821741104126
2.451704978942871
2.603257179260254
2.319819688796997
2.519913673400879
2.366434335708618
2.3603570461273193
2.5316643714904785
2.366321086883545
2.2387683391571045
2.312091588973999
2.079946756362915
2.3955399990081787
2.066901683807373
2.385533094406128
2.1537649631500244
2.396331548690796
2.382333993911743
2.3127028942108154
2.3641254901885986
2.602598190307617
2.35441255569458
2.457838296890259
2.192302703857422
2.326756000518799
2.3729915618896484
2.559323787689209
2.318479537963867
2.069669246673584
2.581956148147583
2.526568651199341
2.63813853263855
2.183785915374756
2.4789059162139893
2.3241121768951416
2.2223126888275146
2.2752013206481934
2.193772792816162
2.2041308879852295
2.376396894454956
1.9273226261138916
1.9895710945129395
2.038731098175049
2.2013185024261475
2.0813941955566406
2.1427557468414307
2.4264864921569824
2.097473382949829
2.3737337589263916
2.29412841796875
2.297513961791992
2.644580841064453
2.2963242530822754
2.3153741359710693
2.5633561611175537
1.8590443134307861
2.2292490005493164
2.5237085819244385
2.357849597930908
2.6394846439361572
2.3638205528259277
2.1170341968536377
2.271923542022705
1.8445956707000732
2.2290663719177246
2.194645643234253
2.2384841442108154
2.556549549102783
2.1316771507263184
2.1294195652008057
2.354860782623291
2.601109266281128
1.8516294956207275
2.4278125762939453
2.0424749851226807
2.195523738861084
2.2816317081451416
2.1959362030029297
2.5318603515625
1.947990894317627
1.9613667726516724
2.049412965774536
2.23299241065979
1.9616713523864746
2.34456467628479
2.4129669666290283
2.2960429191589355
2.514643907546997
2.5606911182403564
2.2644312381744385
2.278076171875
2.3301918506622314
2.1703808307647705
2.234668016433716
1.9447517395019531
1.935408115386963
1.851438283920288
2.2151365280151367
2.3998687267303467
2.3842663764953613
2.4016001224517822
2.0630767345428467
2.611067295074463
1.9298673868179321
2.061453342437744
2.30753755569458
2.0705223083496094
2.072610378265381
2.0552892684936523
2.0912160873413086
1.9709477424621582
2.321636915206909
2.019472122192383
2.3085484504699707
2.456502676010132
2.347383499145508
1.979237675666809
1.8969395160675049
2.1224138736724854
2.1841065883636475
1.8950295448303223
2.0150704383850098
2.36037278175354
1.769981861114502
2.3155276775360107
2.2713894844055176
2.182076930999756
2.2420265674591064
1.8950855731964111
2.1463401317596436
2.1180131435394287
2.228170394897461
2.1384875774383545
2.2942466735839844
2.1902823448181152
2.454725503921509
2.024536609649658
2.416802167892456
1.931979775428772
2.3114871978759766
2.3300960063934326
2.1412031650543213
1.9244763851165771
2.0838897228240967
2.2398149967193604
2.453428030014038
2.129060745239258
2.1709840297698975
2.0890591144561768
2.0048444271087646
2.0359528064727783
2.2405002117156982
1.9544076919555664
2.147637128829956
2.093876361846924
2.1391425132751465
1.8160074949264526
2.214324712753296
2.050318956375122
2.142186164855957
2.4280166625976562
2.5794098377227783
1.9237332344055176
1.9501278400421143
2.2651939392089844
2.129861354827881
1.998041033744812
2.1085052490234375
2.055311679840088
1.921488642692566
2.3242974281311035
2.2688589096069336
2.527698278427124
2.056762933731079
2.295466184616089
1.9628082513809204
2.0165672302246094
2.029733180999756
2.0899834632873535
2.035747528076172
2.1028590202331543
1.9895261526107788
1.9126673936843872
1.7813208103179932
1.9824104309082031
2.2157301902770996
1.8703259229660034
1.7905490398406982
1.6738646030426025
2.110037326812744
2.3126449584960938
2.1419689655303955
1.9846464395523071
2.3308539390563965
2.1306862831115723
2.1536107063293457
1.955637812614441
1.9855622053146362
1.9834283590316772
1.9094617366790771
1.9034326076507568
2.4103095531463623
2.0996179580688477
2.3999404907226562
2.1895124912261963
1.6341794729232788
2.2687346935272217
2.0556905269622803
2.0946550369262695
2.22737717628479
2.0382745265960693
1.8844726085662842
2.363844871520996
1.868362545967102
1.7110744714736938
1.8745166063308716
1.7311010360717773
2.0178327560424805
2.051060199737549
2.2100324630737305
1.9396679401397705
2.0855062007904053
1.698035478591919
2.129615068435669
2.0338802337646484
1.878015398979187
1.9864699840545654
2.1111440658569336
1.9578182697296143
1.7214770317077637
1.7643828392028809
2.192725896835327
2.1040663719177246
1.8124921321868896
2.4806036949157715
2.0453786849975586
2.0041799545288086
2.175330877304077
1.8291497230529785
2.026336193084717
2.073544502258301
1.9218385219573975
2.030341863632202
1.9552810192108154
1.7023735046386719
1.9643663167953491
2.021031141281128
1.93557870388031
1.9208139181137085
1.6356146335601807
1.8448219299316406
1.918999195098877
1.62454354763031
1.8147944211959839
1.9021368026733398
1.6843324899673462
1.6584765911102295
1.7290737628936768
1.7816053628921509
2.2249550819396973
1.901811122894287
2.1279733180999756
1.7140412330627441
1.880972146987915
1.853726863861084
2.139465093612671
1.9527277946472168
1.8952503204345703
2.1424295902252197
1.8102577924728394
1.7954907417297363
1.884606957435608
2.3629350662231445
1.8245937824249268
2.1583704948425293
1.940561294555664
1.9927245378494263
1.8631513118743896
1.6954087018966675
1.7118290662765503
1.9334558248519897
1.9614536762237549
1.8117445707321167
1.773410439491272
2.0232417583465576
2.0285298824310303
1.8140439987182617
1.7757418155670166
1.764081358909607
1.879946231842041
2.125275135040283
1.8336652517318726
1.616297960281372
1.865909218788147
1.5127619504928589
2.0778701305389404
1.6329625844955444
1.9668340682983398
2.0141053199768066
1.7825427055358887
1.8154199123382568
2.089735746383667
1.5928447246551514
1.493491768836975
1.4803775548934937
2.3568856716156006
1.9652299880981445
1.8445066213607788
1.4806379079818726
1.6256661415100098
1.6368483304977417
2.026681423187256
1.7008658647537231
1.751566767692566
1.6584501266479492
2.0558061599731445
1.762937068939209
1.623579740524292
1.7955200672149658
1.9064353704452515
2.0097811222076416
2.001387119293213
1.7063703536987305
2.368683099746704
1.896009087562561
1.7861628532409668
2.0602848529815674
1.7831403017044067
1.727529764175415
1.5523970127105713
2.2346811294555664
1.7472045421600342
1.6387220621109009
1.9784950017929077
1.9227341413497925
1.9341732263565063
1.8806962966918945
1.888588786125183
2.062880754470825
1.813787817955017
1.6098685264587402
1.655627727508545
1.7411695718765259
2.1152052879333496
1.859167218208313
1.8571940660476685
2.0013468265533447
2.3776745796203613
1.8621387481689453
1.9070537090301514
1.7765032052993774
1.9277470111846924
2.1300699710845947
2.1627197265625
1.933488130569458
1.954622507095337
1.7547314167022705
1.602967381477356
1.9495750665664673
1.633632779121399
1.7104699611663818
2.0097198486328125
1.9742690324783325
1.6505286693572998
1.5146571397781372
1.6562280654907227
1.9802531003952026
1.9358566999435425
2.053528070449829
1.4404079914093018
1.8434268236160278
1.933919072151184
1.8605008125305176
1.7277464866638184
2.095304489135742
1.6865088939666748
1.3874261379241943
1.7892740964889526
1.6710896492004395
1.6290868520736694
1.7137197256088257
1.78426992893219
1.7872110605239868
2.10687518119812
1.76083505153656
1.6211572885513306
1.7114548683166504
1.8814164400100708
1.6582006216049194
1.625383734703064
1.7973088026046753
1.8891628980636597
1.8674848079681396
1.7227976322174072
1.7416526079177856
1.5887831449508667
1.6425858736038208
1.7936761379241943
1.8773425817489624
1.699198842048645
1.5636520385742188
1.6234281063079834
1.8819807767868042
1.513729453086853
2.184638500213623
2.0278947353363037
1.5944032669067383
1.7400263547897339
1.8996567726135254
1.7507537603378296
1.7841851711273193
1.9480112791061401
2.0395052433013916
1.7296210527420044
1.8099448680877686
1.6428114175796509
1.7849770784378052
1.7918448448181152
1.7690306901931763
1.719311237335205
1.7773820161819458
1.6805168390274048
1.6932194232940674
1.5432984828948975
1.5433664321899414
1.7954466342926025
1.7852931022644043
1.6156501770019531
1.5507473945617676
1.377212643623352
1.8453196287155151
1.8341728448867798
1.5601701736450195
1.5238691568374634
1.6655324697494507
1.242936372756958
1.6484291553497314
1.6758919954299927
1.4957220554351807
1.699538230895996
1.344120740890503
2.0387496948242188
1.6152644157409668
1.3704081773757935
1.6882951259613037
1.5369113683700562
1.8230668306350708
1.435546875
1.9288264513015747
1.7786399126052856
1.7508074045181274
1.8268623352050781
2.0397088527679443
1.6781504154205322
1.400736689567566
1.6352899074554443
1.7235004901885986
1.6652412414550781
1.648966908454895
2.0942745208740234
1.6065590381622314
1.5990650653839111
1.4556277990341187
1.4741185903549194
1.7720857858657837
1.7570322751998901
1.50566565990448
1.7621852159500122
1.9808056354522705
1.7009221315383911
1.6438219547271729
1.5730488300323486
1.8646906614303589
1.4505233764648438
1.2643821239471436
1.3461830615997314
1.5493996143341064
2.037706136703491
1.7896302938461304
1.739572286605835
1.680206537246704
1.7659116983413696
1.531624674797058
1.7591818571090698
1.2570381164550781
1.8803513050079346
1.5157495737075806
2.0947015285491943
1.293175220489502
1.6793962717056274
1.5728590488433838
1.629938006401062
1.5601493120193481
1.1914781332015991
1.5092017650604248
1.6029237508773804
1.3220621347427368
1.3865206241607666
1.3990812301635742
1.5470962524414062
1.5486152172088623
1.643830418586731
1.4490102529525757
1.4443150758743286
1.4781640768051147
1.6521599292755127
1.3617842197418213
1.6171441078186035
1.8390144109725952
1.5594351291656494
1.3824065923690796
1.5760258436203003
1.912719964981079
1.9193856716156006
1.6205050945281982
1.4338167905807495
1.5185511112213135
1.5866645574569702
1.0471726655960083
1.4749127626419067
1.6404656171798706
1.4605296850204468
1.522538185119629
1.5325469970703125
1.6123226881027222
1.7049161195755005
1.9796662330627441
1.4840060472488403
1.6227807998657227
1.3710464239120483
1.5510066747665405
1.682524561882019
1.661454677581787
1.889126181602478
1.553352952003479
1.5665239095687866
1.388163685798645
1.6394343376159668
1.3562393188476562
1.6009838581085205
1.5299540758132935
1.4589109420776367
1.4457584619522095
1.7377897500991821
1.6132997274398804
1.4319713115692139
1.4780420064926147
1.3765325546264648
1.6475838422775269
1.7177517414093018
1.3082406520843506
1.3751559257507324
1.3533869981765747
1.733945369720459
1.2489877939224243
1.2797210216522217
1.5246601104736328
1.8706276416778564
1.2843626737594604
1.2140170335769653
1.1372411251068115
1.5712172985076904
1.5842918157577515
1.5176504850387573
1.6360816955566406
1.8544517755508423
1.7200860977172852
1.6370203495025635
1.6166538000106812
1.404150128364563
1.5994688272476196
1.2833352088928223
1.2645970582962036
1.4654266834259033
1.2708364725112915
1.2759150266647339
1.7018083333969116
1.4421530961990356
1.6533046960830688
1.4451406002044678
1.6028692722320557
1.395280361175537
1.5242302417755127
1.7447028160095215
1.6086642742156982
1.8111746311187744
1.3953392505645752
1.4089579582214355
1.4060219526290894
1.8873326778411865
1.2614693641662598
1.4501783847808838
1.476586103439331
1.7854669094085693
1.583764672279358
1.5060449838638306
1.405456304550171
1.6309573650360107
1.4331095218658447
1.4433928728103638
1.2911200523376465
1.6298295259475708
1.1395955085754395
1.3427091836929321
1.5769374370574951
1.1649163961410522
1.1638214588165283
1.364850640296936
1.6723263263702393
1.3157240152359009
1.4839383363723755
1.3670934438705444
1.3267388343811035
1.1391823291778564
1.3956141471862793
1.2487694025039673
1.2349859476089478
1.6891212463378906
1.4366772174835205
1.301188588142395
1.4685245752334595
1.4677376747131348
1.6413822174072266
1.260210394859314
1.2466148138046265
1.5402166843414307
1.4126896858215332
1.5393683910369873
1.3937782049179077
1.2771281003952026
1.596221685409546
1.62209153175354
1.5186843872070312
1.198691487312317
1.5085433721542358
1.4368674755096436
1.4806410074234009
1.9248660802841187
1.8940808773040771
1.4749287366867065
1.1454249620437622
1.4112573862075806
1.315297245979309
1.295703649520874
1.1679736375808716
1.178769588470459
1.5912495851516724
1.389275074005127
1.4856817722320557
1.1946698427200317
1.2745908498764038
1.3985427618026733
0.989866316318512
1.4054361581802368
1.537447214126587
1.3366950750350952
1.6891566514968872
1.5578460693359375
1.3011932373046875
1.42292058467865
1.3318040370941162
1.0611120462417603
1.2200582027435303
1.6072171926498413
1.1471903324127197
1.6701778173446655
1.613171100616455
1.3628268241882324
1.3441604375839233
1.2603816986083984
1.5488286018371582
1.2460098266601562
1.2021266222000122
1.3604257106781006
1.2447129487991333
1.2146774530410767
1.3447996377944946
1.0381853580474854
1.5697351694107056
1.3432533740997314
1.2645330429077148
1.1474506855010986
1.4241818189620972
1.497536540031433
1.060886025428772
1.3466259241104126
0.8103073835372925
1.8858088254928589
1.3954598903656006
1.5988075733184814
1.2242659330368042
1.433191180229187
1.2601642608642578
1.43514883518219
1.457036018371582
1.4379316568374634
1.6380990743637085
1.2646604776382446
1.5766468048095703
1.1765533685684204
1.3831652402877808
1.4353107213974
1.5594428777694702
1.0717675685882568
1.1328039169311523
1.3412145376205444
0.9648218154907227
1.1920086145401
1.4458699226379395
1.6814634799957275
1.0166547298431396
1.3401349782943726
1.234909176826477
0.9941720962524414
1.29244863986969
1.3921635150909424
1.0843582153320312
1.2968777418136597
1.2734358310699463
1.1122266054153442
1.1255073547363281
1.4168202877044678
1.692584753036499
1.0134202241897583
1.0865591764450073
1.3170803785324097
1.09819495677948
1.2642024755477905
1.1667934656143188
1.09511137008667
1.5970487594604492
1.1514757871627808
1.3800464868545532
1.5532050132751465
1.052996277809143
1.3207957744598389
1.416609287261963
1.252128005027771
1.395990252494812
1.0723013877868652
1.0812128782272339
1.1677989959716797
1.316522240638733
1.0702641010284424
0.8121650815010071
1.4113125801086426
1.1850143671035767
1.1059138774871826
1.2036203145980835
1.3088022470474243
1.5355275869369507
1.3484809398651123
1.52548086643219
1.0205920934677124
0.9139274954795837
1.2380077838897705
1.12344229221344
1.3810807466506958
1.2210701704025269
1.1387437582015991
1.199634313583374
1.3252556324005127
1.343379259109497
1.260667324066162
1.2643470764160156
1.247316837310791
1.359871506690979
1.111559271812439
1.0414397716522217
1.280147910118103
1.2511347532272339
1.3460241556167603
1.2135827541351318
0.9720379710197449
1.3266088962554932
1.0606305599212646
1.3092941045761108
0.9193558692932129
1.0087049007415771
1.0863800048828125
1.5390735864639282
1.1681262254714966
1.1943678855895996
1.0320374965667725
1.087917447090149
1.1384118795394897
1.079035997390747
1.4509027004241943
1.2888925075531006
1.1770342588424683
1.0895204544067383
1.1006712913513184
1.243249535560608
1.1234396696090698
1.08553147315979
1.157460331916809
1.2597393989562988
1.2431375980377197
1.1794549226760864
1.103153944015503
0.7737477421760559
1.4056410789489746
1.048474669456482
1.26938796043396
1.2230885028839111
1.0845128297805786
0.9569993019104004
1.147864580154419
0.8359530568122864
1.060904860496521
1.3482747077941895
1.084733486175537
0.9566189646720886
0.9595786929130554
1.30949866771698
0.9907354116439819
0.9268099069595337
1.0302320718765259
1.2275364398956299
0.9300187230110168
1.211676001548767
1.3260940313339233
1.1685314178466797
1.3362360000610352
1.1791006326675415
0.9371956586837769
0.9687495827674866
1.1662684679031372
1.1533262729644775
1.4916743040084839
1.1136372089385986
1.01703941822052
1.3354806900024414
0.6208885908126831
1.240720272064209
1.3649982213974
1.0679701566696167
0.8172576427459717
1.4588161706924438
1.2029149532318115
1.1351763010025024
1.0508921146392822
1.1239782571792603
1.0885772705078125
1.0932834148406982
0.9143097996711731
1.1958208084106445
0.8781748414039612
1.1785242557525635
0.7245604991912842
1.0252647399902344
1.2260946035385132
1.0442596673965454
1.3500308990478516
1.4235633611679077
1.0149391889572144
1.0000790357589722
1.0913443565368652
0.904751181602478
1.1632100343704224
0.7853679060935974
0.8615102767944336
0.9100303649902344
1.5408350229263306
1.3582621812820435
1.3571504354476929
1.0302809476852417
1.09650719165802
1.2145601511001587
1.1165903806686401
0.9608300924301147
1.207774043083191
1.0955452919006348
0.9195265173912048
0.8219146728515625
1.006381630897522
1.09089994430542
1.0354310274124146
0.9945553541183472
1.0355396270751953
1.0243608951568604
1.023801565170288
0.9692373275756836
0.8739104866981506
1.0270887613296509
1.182050108909607
1.1639248132705688
0.8428996801376343
1.2027175426483154
0.6365588903427124
1.0116387605667114
1.2059931755065918
1.3338778018951416
1.089835286140442
1.2120498418807983
0.930081844329834
1.065578579902649
1.2578891515731812
1.1059104204177856
1.0477039813995361
0.8178179264068604
0.635513424873352
0.6962819695472717
0.8284583687782288
0.7437736392021179
0.9306198954582214
0.9264451265335083
1.0559535026550293
1.0424102544784546
0.9712305665016174
0.8101000785827637
1.2434635162353516
1.011434555053711
1.3494763374328613
0.7946332693099976
1.1919282674789429
1.3413171768188477
0.8461093306541443
0.949988842010498
0.9384170174598694
1.044184923171997
1.0805975198745728
0.7245813608169556
1.038147211074829
0.9453628659248352
0.9931873679161072
1.0536478757858276
1.3028020858764648
1.0722001791000366
0.9005701541900635
0.9269394278526306
1.29989755153656
1.0694457292556763
1.2660725116729736
0.99263995885849
0.9904927611351013
0.843663215637207
0.8693804740905762
0.7420044541358948
1.0255861282348633
1.2542468309402466
1.1592280864715576
0.8189308047294617
0.6336193084716797
1.0990132093429565
0.9465209245681763
1.2483489513397217
0.880963921546936
0.7693019509315491
0.8678992986679077
0.7598313093185425
0.8783249258995056
1.159519076347351
0.9861010909080505
1.1181212663650513
1.2434943914413452
1.1063766479492188
0.9369828104972839
0.7539937496185303
1.1270289421081543
0.8519701361656189
1.1440927982330322
0.7676840424537659
1.0611777305603027
0.6315354704856873
0.8825156688690186
0.529822051525116
1.0912727117538452
0.7520709037780762
0.9028401970863342
0.9028208255767822
0.9659895896911621
0.7664082050323486
0.8552412390708923
0.771942138671875
0.9711570143699646
0.8109405636787415
0.9320849180221558
1.0722572803497314
1.149009108543396
0.8525399565696716
1.216186285018921
0.7305206656455994
0.9049851894378662
0.8482455015182495
1.195415735244751
0.8423905372619629
1.15570867061615
0.721170961856842
0.8805110454559326
1.072163462638855
0.9770342707633972
0.744998037815094
0.7245616316795349
0.9193241596221924
0.7631272077560425
0.8541854619979858
0.9808217287063599
0.8974820971488953
0.8364782929420471
0.966009795665741
0.8836171627044678
0.7830943465232849
1.0649913549423218
0.8669275045394897
0.8543254733085632
0.8277562856674194
1.0677907466888428
0.6753630638122559
0.9769840836524963
0.7599437236785889
0.8160194754600525
0.6156637072563171
0.7381954193115234
0.6990558505058289
0.9928131103515625
0.86653071641922
1.03416109085083
0.7574107050895691
0.9504615664482117
0.8180782198905945
0.7252117991447449
0.783490777015686
0.8807089328765869
1.0195664167404175
0.7516922950744629
0.9738209247589111
1.0656439065933228
0.9263659715652466
1.015254020690918
0.9758179783821106
0.9378974437713623
1.2650957107543945
0.7816041707992554
0.8260897397994995
1.07275390625
1.121643304824829
1.2610429525375366
0.8949840664863586
0.8342323899269104
0.8139623403549194
0.8856667876243591
0.8089316487312317
1.0155924558639526
0.6126585006713867
0.8409349918365479
0.6948347091674805
0.5361759066581726
0.6017414927482605
0.90289306640625
0.8590306043624878
0.8880928158760071
0.7371522188186646
0.7321486473083496
0.7842209339141846
0.5743375420570374
0.9236587882041931
1.0442848205566406
1.03246009349823
0.73087078332901
0.8644630312919617
0.950958251953125
1.0291259288787842
0.9631853103637695
0.9343220591545105
0.6574083566665649
0.8795995712280273
0.9210265874862671
0.6107397675514221
1.0337260961532593
0.6009800434112549
1.002016305923462
1.067025899887085
0.6030724048614502
0.9426599144935608
0.6332270503044128
0.8092427849769592
0.9199677109718323
0.8045592308044434
0.9380282163619995
0.9663829207420349
0.9674566388130188
0.6663287281990051
0.7414218187332153
0.5244725346565247
0.6231475472450256
0.7850498557090759
0.7426065802574158
0.8048073053359985
0.6389588117599487
0.7279689908027649
0.6596539616584778
0.681829571723938
0.7713922262191772
0.8254103660583496
0.7087141871452332
0.6679871678352356
0.5906128883361816
0.607282280921936
1.0157204866409302
0.6674370169639587
0.7200223207473755
0.8693514466285706
0.6357538104057312
0.9235192537307739
0.7749850153923035
0.6754569411277771
0.6831853985786438
0.8037716746330261
0.9310124516487122
0.8705254197120667
0.6972811222076416
0.774359941482544
0.6892407536506653
1.1286369562149048
0.812194287776947
0.636062741279602
0.9059917330741882
0.7378239631652832
0.998198926448822
0.6230355501174927
0.6703217625617981
0.931229293346405
0.7658904194831848
1.069851279258728
0.9375254511833191
0.8137943148612976
1.178676962852478
0.6420258283615112
0.6500507593154907
1.0768383741378784
0.7869745492935181
0.6704273819923401
0.7447178959846497
0.7960346937179565
0.6712009906768799
1.0067389011383057
0.7069352865219116
0.7336540818214417
0.607479453086853
0.6056589484214783
0.9604983925819397
0.467044860124588
0.7083992958068848
0.6223233342170715
0.9505714774131775
0.47899413108825684
0.9673872590065002
0.7452943325042725
0.6361206769943237
0.7448411583900452
0.891260027885437
0.5520987510681152
0.6728041172027588
0.5374196171760559
0.4770064353942871
0.7398891448974609
0.663194477558136
0.8662165403366089
0.5340234041213989
0.728384256362915
0.78351891040802
0.8941450119018555
0.7034448385238647
0.6981304287910461
0.7156462073326111
0.8955150842666626
0.5744423270225525
0.6475206613540649
0.6654008030891418
0.9945979714393616
0.7815349102020264
0.6475379467010498
0.6546247601509094
0.5563788414001465
0.5301398634910583
0.6426120400428772
0.504642128944397
0.7868378758430481
0.5713419914245605
0.9271992444992065
0.6148714423179626
0.4994795024394989
0.8495068550109863
0.6781774163246155
0.7187021374702454
0.8182260990142822
0.7314388751983643
0.638836681842804
0.6108118891716003
0.5658099055290222
0.57692950963974
0.9367948174476624
0.746794581413269
0.6059796810150146
0.6980482339859009
0.7210779190063477
0.7276376485824585
0.6337686777114868
0.6563319563865662
0.5802642703056335
0.6951807141304016
0.5801551938056946
0.5689578056335449
0.44593340158462524
0.872042715549469
0.6972735524177551
0.5350023508071899
0.6013456583023071
0.7362009286880493
0.9665679335594177
0.46882864832878113
0.7448638677597046
0.5931301712989807
0.4865322411060333
0.5199909210205078
0.5701867341995239
0.6993977427482605
0.8158570528030396
0.6793179512023926
0.5646483302116394
0.5915219783782959
0.4206332564353943
0.6838027238845825
0.5322559475898743
0.6546685695648193
0.5527064204216003
0.6979976892471313
0.655746579170227
0.6807448863983154
0.4733952581882477
0.922916829586029
0.7857322692871094
0.46497800946235657
0.5633485317230225
0.7830545902252197
0.7413452863693237
0.7586554884910583
0.6376663446426392
0.5416998863220215
0.6207785606384277
0.8023926615715027
0.520483136177063
0.5412876009941101
0.8687100410461426
0.46898922324180603
0.6866384148597717
0.5673511624336243
0.46891534328460693
0.8231001496315002
0.6687574982643127
0.604215681552887
0.6774103045463562
0.4320020079612732
0.663518488407135
0.8689092993736267
0.48864617943763733
0.7356202006340027
0.7767736911773682
0.6972508430480957
0.540241539478302
0.8500432968139648
0.5442052483558655
0.6749983429908752
0.8513349294662476
0.4561588764190674
0.41778767108917236
0.7139808535575867
0.663642406463623
0.7115684747695923
0.7490881681442261
0.675313413143158
0.6574636697769165
0.7862305641174316
0.5395841002464294
0.7503975033760071
0.570076584815979
0.3993971645832062
0.7975588440895081
0.49144625663757324
0.6568041443824768
0.49514731764793396
0.8148925304412842
0.46409472823143005
0.6493508219718933
0.6099856495857239
0.5509774088859558
0.4724847674369812
0.653856098651886
0.6197087168693542
0.5256890058517456
0.7934398651123047
0.5154568552970886
0.7406207323074341
0.45644745230674744
0.8371641635894775
0.7662251591682434
0.569721519947052
0.7588555812835693
0.7448318004608154
0.4658714532852173
0.3786751627922058
0.47166717052459717
0.6449401378631592
0.6133790016174316
0.6607450842857361
0.661287248134613
0.41349637508392334
0.5948712229728699
0.4909111559391022
0.6515275835990906
0.7692961096763611
0.3939688503742218
0.6492872834205627
0.5025824308395386
0.6300000548362732
0.8116978406906128
0.6169472336769104
0.3485580086708069
0.612931489944458
0.33021843433380127
0.5154415369033813
0.6536003947257996
0.835120439529419
0.9209875464439392
0.5435553789138794
0.46563732624053955
0.5130061507225037
