4.564489117058952
4.513711734196109
4.48676783654391
4.468280866627803
4.444201039536225
4.425096807577421
4.405031745086241
4.389648054566835
4.374468677793927
4.356514643525224
4.341497925541285
4.326471868988193
4.309695968847445
4.295977371732902
4.276109991171171
4.255875218554836
4.234231240913996
4.2108528053059295
4.189423609572604
4.1724992731343145
4.150933211111961
4.13342019450634
4.117337374431093
4.098264624395639
4.082359154206102
4.061670562190473
4.047438195294432
4.032006913743666
4.013250189364109
4.001852881573045
3.9853159350812284
3.9677765957839655
3.954013855256083
3.934728034012153
3.9206177310260664
3.906610463281422
3.8916067174633446
3.878213736102404
3.863224626806996
3.8486716058248143
3.83073537276529
3.8165216811782563
3.799719468102126
3.777424761096535
3.7650054366997137
3.7463480423173636
3.7321053837876184
3.711351223613905
3.7010720068841336
3.6788072964114606
3.6651324692284666
3.643749104741284
3.623377539617631
3.605558603620895
3.587903951440016
3.568123877200934
3.5477179279717643
3.525542788798242
3.502747743940719
3.491807019923959
3.4685181171997734
3.4472730992090366
3.4293995406621556
3.410184504430922
3.3900983040899875
3.367124577007635
3.35025583081843
3.334167638093309
3.3143334407025895
3.295149617487817
3.2829451838417736
3.2547023183549455
3.244316258698778
3.2227331561505643
3.203117191639093
3.190051219957259
3.1776008648640666
3.1540816068039526
3.144090895152763
3.11738006294231
3.1127005230130442
3.09517667574041
3.0853628593942393
3.0649647532826494
3.0532185552675095
3.0373867948341857
3.0260450419257667
3.005799889259631
2.996817849176314
2.9763333105370213
2.963984294010855
2.9506457065377396
2.9350483402266834
2.917169321223598
2.909542372159641
2.8931649374535016
2.8793411828063027
2.862452160671849
2.8510416541867856
2.8363045536343705
2.818188939862849
2.8073299800038645
2.7896730524804587
2.775238017596857
2.762887840380754
2.743989094748826
2.730273916593293
2.716316102105943
2.6996230694948866
2.688849603123677
2.675363857422948
2.6572778008478073
2.6449654959046933
2.6299696642419566
2.6180392866549282
2.608419317418657
2.590307332518156
2.5698410796997186
2.562802330917105
2.5454136191121757
2.522329312608675
2.5151889592485355
2.4992067140081655
2.493247027592281
2.477858903920254
2.4630489038384478
2.4459600602574363
2.4282658092506098
2.413640224415323
2.398073070189532
2.389343777276061
2.381008805368867
2.363921234979654
2.343362789019904
2.3350228257191454
2.320758497166207
2.3097878337821083
2.2892556647815363
2.2789771114773765
2.2674253996070997
2.247068261856313
2.246950736283646
2.226959158240072
2.2038926979160065
2.199602015945308
2.1854595180667573
2.1717550288075986
2.1626314232721353
2.138279557990296
2.1341134122265575
2.1152236595787963
2.0989704601600043
2.089691631629339
2.0762306020387906
2.0689854420664364
2.04993793116811
2.0367059962218983
2.0299965678273564
2.012453663836965
2.0021080531732505
1.9842828410055937
1.9782029335456126
1.9658853689118114
1.951572026590557
1.9301974328277667
1.9252375746931871
1.9147743694007855
1.8956708677894318
1.892163029564616
1.8736867421423382
1.8560214893287406
1.8520627779424037
1.8326896282718004
1.8157351113036466
1.8074685649188889
1.7907886296282034
1.7952409828715312
1.7772325162997331
1.7605389533445353
1.751522914832815
1.7394056009209675
1.721030736518333
1.7116150264544865
1.692817261609275
1.6914325829052255
1.6778934623884119
1.6603540045678462
1.654803737350132
1.639778389192908
1.6239913703535525
1.6116124162893466
1.6040128210316533
1.591355026835371
1.5683270458827543
1.5790974246266554
1.5622842626650926
1.5532459991667278
1.526882333218899
1.5292158399701423
1.5093730899988842
1.5034663232848466
1.483289642483377
1.4794460576208657
1.459845086497724
1.4457457730989627
1.4349017813992317
1.427162561270282
1.4052863336737504
1.4002584170959795
1.3924803644647379
1.374683448115883
1.3692479042141028
1.3540932080324959
1.3383225492199364
1.3255668303850667
1.316804997146587
1.2959078191338902
1.2960553323978659
1.286039497388903
1.2725047238190155
1.263488509237309
1.2434878828732863
1.243388993355929
1.2248833636798517
1.2259967850754634
1.2023846665611657
1.1912464600847201
1.1846549400435689
1.1776324321546823
1.1425776801755667
1.1393408451391303
1.126755639415263
1.1270818592947158
1.1187450461222996
1.1109543838311948
1.0921046589036731
1.0799160820748799
1.0663263664373657
1.0593589842319489
1.0544810651055991
1.0388331785226417
1.0256496908719583
1.0092988250505588
1.004770910191109
0.9872415263177184
0.9871033851600364
0.9822464534236343
0.9670309345892933
0.9568154987166909
0.9383533741049754
0.9285045877823135
0.9260093018679363
0.9190747178424045
0.9062890971408171
0.9002667815255387
0.8827428249142054
0.8785606209198227
0.8649484305964101
0.8511766006650827
0.8455112682431555
0.8397867607567316
0.8258853979275355
0.8235613143886141
0.806515351204616
0.7942356501927461
0.784783703058272
0.7781920340436194
0.7743904877577901
0.7615935810844002
0.7558361882596369
0.7501837484671942
0.7337003982509188
0.7349300139471698
0.7308119750769851
0.7160190443324921
0.7014577556449129
0.6896288027543851
0.6853550429767965
0.6776722559462423
0.6709848411019196
0.6681765586595096
0.6414862749216806
0.6423934967164189
0.6383279059320459
0.6227146999915237
0.6267356996036246
0.6185672597011642
0.6087537989820666
0.6012229105776838
0.5960648936383864
0.5875322322939973
0.5724100493028036
0.5705456080110481
0.5688000597307444
0.5670899806348869
0.5505037956759143
0.5520373366372969
0.5493598551015415
0.5337685757433362
0.5286287193369987
