1.5699999999999998
1.814
2.428
2.672
2.944
3.4160000000000004
3.6380000000000003
3.6900000000000004
3.696
4.062
4.4319999999999995
4.582
4.79
5.06
5.16
5.457999999999999
5.7299999999999995
5.88
6.1080000000000005
6.2379999999999995
6.494
6.704000000000001
6.816
7.048
7.282
7.55
7.61
7.85
8.142000000000001
8.378
8.450000000000001
8.838
8.776
9.224
9.432
9.462
9.844
10.156
10.348
10.346
10.517999999999999
10.966
11.248
11.468
11.62
11.944
12.202
12.723999999999998
12.644
13.01
13.452
13.642000000000001
13.746
14.225999999999999
14.341999999999999
14.92
15.142
15.645999999999999
15.870000000000001
16.112000000000002
16.598
17.024
17.436
17.671999999999997
17.932000000000002
18.318
18.47
18.996
19.058
19.45
19.844
20.252
20.412
20.79
21.26
21.352
21.688
21.928
22.228
22.73
22.628
23.006
23.268
23.636
23.942
24.122
24.276
24.816
24.846
25.196
25.324
25.862000000000002
25.996000000000002
26.494
26.564
26.773999999999997
27.266000000000002
27.458
27.588
27.838
28.227999999999998
28.488000000000003
29.060000000000002
29.215999999999998
29.387999999999998
29.968
30.331999999999997
30.436000000000003
30.534
30.918
31.022
31.575999999999997
31.952
32.132
32.848
32.672000000000004
32.852
33.318
33.482
33.794000000000004
34.346
34.699999999999996
35.042
35.06
35.571999999999996
35.556
35.91
36.678
36.67
37.132
37.248
37.634
37.79
38.196000000000005
38.712
38.796
38.972
39.45
39.396
39.87
40.482
40.27
40.882000000000005
41.198
41.52
41.827999999999996
42.29
42.076
42.89
42.803999999999995
43.384
43.647999999999996
43.658
44.184
44.57
44.882
45.012
45.45
45.498
45.826
46.410000000000004
46.422000000000004
46.752
47.268
47.824
48.002
48.092
48.38
48.414
48.693999999999996
49.46
49.416
50.062
50.397999999999996
50.651999999999994
50.72
50.71600000000001
51.15
51.564
51.532
52.18000000000001
52.544000000000004
52.861999999999995
53.169999999999995
53.291999999999994
53.608
53.976
54.144000000000005
54.44
54.934000000000005
55.245999999999995
55.606
55.672
56.044000000000004
55.7
56.26
56.554
57.178
57.338
57.926
57.757999999999996
58.48
58.501999999999995
59.068
59.184000000000005
59.828
59.69799999999999
60.368
60.596000000000004
60.598
61.17399999999999
61.065999999999995
61.650000000000006
61.968
62.519999999999996
62.708
63.234
63.202000000000005
63.349999999999994
63.674
64.00200000000001
64.67
64.536
65.318
64.904
65.428
65.96600000000001
65.93599999999999
66.514
67.17
67.22
67.792
67.372
67.998
68.124
68.538
68.822
69.33200000000001
69.402
69.568
69.754
70.24000000000001
70.50800000000001
70.878
71.26400000000001
71.332
71.572
71.986
72.212
72.666
72.92
73.012
73.256
73.618
73.744
74.412
74.56
75.01400000000001
75.124
75.274
75.358
75.78399999999999
75.83800000000001
76.44
76.952
76.904
77.33
77.152
77.602
77.604
78.0
78.566
78.53
78.61399999999999
79.046
79.304
79.594
79.796
79.9
80.244
80.322
81.136
81.17999999999999
81.368
81.574
81.54
81.798
82.114
82.358
82.44200000000001
82.69999999999999
83.28999999999999
83.262
83.27799999999999
83.09
83.97200000000001
83.788
83.824
84.14
84.354
