4.561447620391846
4.587471961975098
4.612716197967529
4.570589542388916
4.558839321136475
4.552016735076904
4.519089221954346
4.518417835235596
4.550251007080078
4.541750907897949
4.4778242111206055
4.4814982414245605
4.548845291137695
4.518449783325195
4.54896354675293
4.47478723526001
4.426675319671631
4.564892292022705
4.4699201583862305
4.534353256225586
4.435971260070801
4.532136917114258
4.508573532104492
4.409956932067871
4.420778274536133
4.550638198852539
4.468657970428467
4.3902692794799805
4.362547397613525
4.497834205627441
4.519777774810791
4.415165424346924
4.371690273284912
4.463506698608398
4.449250221252441
4.43365478515625
4.409863471984863
4.354554653167725
4.397226333618164
4.476335048675537
4.439906597137451
4.401392459869385
4.581731796264648
4.36663818359375
4.425787925720215
4.367186546325684
4.561154365539551
4.558486461639404
4.3401689529418945
4.317148685455322
4.378932952880859
4.298454761505127
4.332307815551758
4.363941669464111
4.388459205627441
4.369466304779053
4.421889305114746
4.386274814605713
4.381346702575684
4.409365177154541
4.482690811157227
4.425351142883301
4.440690994262695
4.337209224700928
4.306911468505859
4.290468215942383
4.419666290283203
4.365845203399658
4.367330074310303
4.259531497955322
4.3810272216796875
4.372114181518555
4.248093605041504
4.330867290496826
4.331822395324707
4.238167762756348
4.388768196105957
4.389840126037598
4.276731491088867
4.3561506271362305
4.3588056564331055
4.300281047821045
4.42969274520874
4.362844467163086
4.338400363922119
4.276546478271484
4.234501838684082
4.497249603271484
4.359442234039307
4.313449859619141
4.487536907196045
4.295713424682617
4.340996265411377
4.390036106109619
4.397975921630859
4.48412561416626
4.183330059051514
4.162372589111328
4.199021339416504
4.135794162750244
4.260526657104492
4.276326656341553
4.304253101348877
4.286844730377197
4.10154914855957
4.315523624420166
4.333902359008789
4.401803493499756
4.120974540710449
4.118766784667969
4.38982629776001
4.243460655212402
4.285071849822998
4.453136920928955
4.131187438964844
4.134925365447998
4.267542362213135
4.162384986877441
4.3073272705078125
4.319360256195068
4.263476848602295
4.212978363037109
4.35463285446167
3.985610246658325
4.237904071807861
4.314465522766113
4.249425888061523
4.20904541015625
4.177614688873291
4.160304546356201
4.263132095336914
4.338536262512207
4.20412015914917
4.1642584800720215
4.251654148101807
4.084609031677246
4.225894927978516
4.042705059051514
4.262234210968018
4.397396087646484
4.25927209854126
4.148207664489746
4.106833457946777
4.285200595855713
4.027095317840576
4.120601654052734
4.075882434844971
4.194631099700928
4.055596828460693
4.163236618041992
3.9536991119384766
4.300893306732178
4.232308387756348
4.317001819610596
4.288811206817627
3.8837172985076904
4.082157611846924
4.089763641357422
4.286523342132568
4.095028400421143
4.140599727630615
4.124241352081299
3.8557288646698
4.245138645172119
4.078489303588867
4.10579252243042
4.152921199798584
4.084354877471924
4.290109634399414
4.0664567947387695
4.110714435577393
4.0221171379089355
3.9887683391571045
3.9822514057159424
3.944849729537964
3.9160757064819336
4.025272846221924
3.9249393939971924
4.298862457275391
3.8945324420928955
4.173890113830566
4.0330610275268555
3.9312796592712402
3.9094221591949463
4.058084011077881
4.1710100173950195
3.9783775806427
4.047037601470947
3.9318735599517822
3.9408514499664307
3.9489080905914307
4.159770965576172
4.182580471038818
4.017706871032715
3.923271894454956
4.009631156921387
4.09647798538208
3.9449996948242188
4.047243595123291
3.9252798557281494
4.044114589691162
4.06282377243042
3.9303853511810303
4.133704662322998
3.9359357357025146
3.887032985687256
3.7764089107513428
4.100032806396484
3.988355875015259
4.125816345214844
3.8893072605133057
4.025038242340088
4.093029022216797
3.808320999145508
4.176009178161621
3.9062371253967285
4.265763282775879
4.083513259887695
3.895559549331665
3.8895263671875
4.0984392166137695
3.8754663467407227
4.210522174835205
4.314119338989258
3.9416427612304688
3.908306121826172
3.901796340942383
3.9514565467834473
3.9305267333984375
3.9756107330322266
3.848106622695923
3.9588475227355957
3.909370183944702
3.6506664752960205
4.100222587585449
4.117559432983398
3.9412789344787598
3.8268163204193115
3.857830762863159
3.9976840019226074
4.150994777679443
3.7951924800872803
3.897225856781006
3.9307851791381836
3.8154654502868652
3.919722557067871
3.7879672050476074
3.9481923580169678
4.035429000854492
4.030823707580566
3.568345069885254
3.993103265762329
4.0037994384765625
3.8766772747039795
3.9223971366882324
4.078973293304443
3.905477285385132
3.914489507675171
3.8840622901916504
3.9424996376037598
3.9852449893951416
3.859337329864502
3.8870606422424316
3.9494409561157227
4.064136981964111
3.8509647846221924
3.909672975540161
3.909008741378784
3.717083692550659
3.684778928756714
3.7812843322753906
3.5726122856140137
3.8457460403442383
3.7775049209594727
3.889829397201538
3.8540537357330322
3.731069803237915
3.8899641036987305
3.826935291290283
3.7956631183624268
3.852917432785034
3.870753526687622
3.7811315059661865
3.903719663619995
3.9427266120910645
3.737952470779419
3.9236650466918945
3.9951884746551514
3.8649065494537354
3.7058591842651367
3.7506890296936035
3.9468963146209717
4.008242607116699
3.7737300395965576
3.6289448738098145
3.725013017654419
3.753242015838623
3.533297300338745
3.6625542640686035
3.8439035415649414
3.775785446166992
3.7806804180145264
3.8911187648773193
3.7099483013153076
3.792280673980713
3.7598960399627686
3.7702078819274902
3.6946327686309814
3.9946188926696777
3.6955084800720215
3.8833518028259277
3.899555206298828
3.846362829208374
3.6178252696990967
3.664346218109131
3.489959716796875
3.958364486694336
3.8798201084136963
3.6842074394226074
3.660939931869507
3.67596435546875
3.7673134803771973
3.813991069793701
3.7086973190307617
3.738154411315918
3.7416915893554688
3.594942092895508
3.978558301925659
3.6536009311676025
3.8857781887054443
3.788766384124756
3.619781255722046
3.6626367568969727
3.626924991607666
3.698622703552246
3.744213581085205
3.879566192626953
3.5733866691589355
3.670924663543701
3.4553871154785156
3.8038153648376465
3.891180992126465
3.566117763519287
3.8903133869171143
3.3906052112579346
3.4207873344421387
3.7575442790985107
3.472403049468994
3.909853935241699
3.773723840713501
3.464163064956665
3.658684730529785
3.7517099380493164
3.589454174041748
3.6595427989959717
3.624922037124634
3.8004441261291504
3.544248342514038
3.665850877761841
3.811338424682617
3.6695027351379395
3.334500551223755
3.9127326011657715
3.8156497478485107
3.559635877609253
3.749533176422119
3.5209295749664307
3.793868064880371
3.7898879051208496
4.011697769165039
3.8016104698181152
3.762317180633545
3.67214035987854
3.5411806106567383
3.828770875930786
3.6936933994293213
3.5556273460388184
3.5224215984344482
3.6543171405792236
3.8218469619750977
3.6136441230773926
3.8279428482055664
3.483552932739258
3.6267406940460205
3.654536008834839
3.2613463401794434
3.429150342941284
3.489712715148926
3.532531976699829
3.4611542224884033
3.624077081680298
3.064211845397949
3.8182106018066406
3.7988338470458984
3.297942638397217
3.3937811851501465
3.7224349975585938
3.5388617515563965
3.775704860687256
3.599182605743408
3.6168389320373535
3.581879138946533
3.4085500240325928
3.4410009384155273
3.751917839050293
3.4758541584014893
3.5044097900390625
3.282381057739258
3.65517520904541
3.4384708404541016
3.3678441047668457
3.686232089996338
3.405740261077881
3.5691628456115723
3.5333821773529053
3.3576087951660156
3.5772249698638916
3.615108013153076
3.365593910217285
3.5654525756835938
3.5065577030181885
3.397383213043213
3.4572739601135254
3.6416571140289307
3.2816696166992188
3.4440317153930664
3.6648035049438477
3.40470552444458
3.323263645172119
3.547398805618286
3.632812261581421
3.265385627746582
3.4312784671783447
3.65315842628479
3.4013798236846924
3.56783127784729
3.3747448921203613
3.2193500995635986
3.312983751296997
3.3139445781707764
3.2404956817626953
3.3873305320739746
3.052855968475342
3.2390239238739014
3.5170814990997314
3.3993992805480957
3.487750291824341
3.747227907180786
3.3362081050872803
3.621394157409668
3.3147923946380615
3.6068882942199707
3.1256773471832275
3.234896659851074
3.269227981567383
3.4780654907226562
3.455332040786743
3.529031991958618
3.0990021228790283
3.2569761276245117
3.1707096099853516
3.626622200012207
3.273510694503784
3.340834617614746
3.6755738258361816
3.150174856185913
3.8078081607818604
3.1050117015838623
3.254833698272705
3.299370765686035
3.494288444519043
3.2933104038238525
3.428907632827759
3.0601158142089844
3.3988237380981445
3.160266160964966
3.0244815349578857
3.118652105331421
3.13885235786438
3.2710249423980713
3.3431224822998047
3.232426166534424
3.490044355392456
3.0896389484405518
3.335784673690796
3.508490800857544
3.242565155029297
3.2864644527435303
3.2453389167785645
3.1142091751098633
3.0189144611358643
3.387669324874878
3.503915309906006
3.192511558532715
3.1272964477539062
3.252864122390747
3.1505894660949707
3.457014560699463
3.266975164413452
3.305659770965576
3.228351354598999
3.289212465286255
3.209533214569092
3.2191555500030518
3.1215789318084717
3.000689744949341
3.438911199569702
3.2320878505706787
2.9837920665740967
3.2946412563323975
3.2128007411956787
3.165153980255127
3.0895891189575195
3.150117874145508
3.2880024909973145
3.2962119579315186
2.954123020172119
2.985039710998535
3.1333281993865967
3.526634931564331
3.524169921875
3.3356215953826904
3.151597023010254
3.35121750831604
3.1481425762176514
3.4269158840179443
3.20241641998291
3.2103829383850098
3.482588052749634
3.2219483852386475
3.0426759719848633
3.2845165729522705
3.091099739074707
3.2651126384735107
3.312781810760498
3.170957088470459
2.8868134021759033
3.07920241355896
3.2289204597473145
2.904763698577881
3.070131301879883
3.1774492263793945
3.158572196960449
3.4872469902038574
3.169416666030884
3.139737844467163
3.1256229877471924
3.464060068130493
3.3126487731933594
3.0569002628326416
3.1553807258605957
3.0476837158203125
3.019883155822754
2.954442262649536
3.0185391902923584
3.1464662551879883
3.207789897918701
3.5321638584136963
3.007030487060547
3.0797464847564697
3.091367244720459
3.4394822120666504
3.0976977348327637
3.060279369354248
3.017305850982666
2.906723737716675
3.2547407150268555
2.9696757793426514
2.998246669769287
3.205338716506958
3.1820008754730225
3.020195484161377
3.071202516555786
3.1138789653778076
3.1977946758270264
2.9158377647399902
3.2118918895721436
2.9588465690612793
3.0402534008026123
3.0662312507629395
3.1746861934661865
3.0776729583740234
3.159669876098633
2.6899161338806152
3.0957305431365967
3.0868890285491943
3.4203851222991943
2.945892333984375
3.0936031341552734
3.142616033554077
2.9994349479675293
3.062169075012207
3.3281772136688232
2.992511749267578
2.88863205909729
2.9212801456451416
3.3339407444000244
2.8834009170532227
3.053446054458618
3.0999913215637207
3.155700922012329
3.222615957260132
2.7616310119628906
3.050197124481201
3.0456738471984863
2.9354517459869385
3.0735089778900146
2.776071786880493
3.2544772624969482
2.793026924133301
2.8973324298858643
2.997652769088745
3.515424966812134
3.3531761169433594
2.7722482681274414
3.382676601409912
2.8151485919952393
2.793318510055542
3.1682374477386475
3.066335439682007
2.902094841003418
3.203784942626953
2.8827054500579834
2.650294542312622
2.799283504486084
2.8623032569885254
2.994504928588867
3.2983365058898926
3.1333072185516357
2.7984094619750977
2.7817070484161377
3.043086528778076
2.995424747467041
3.0316803455352783
3.2227799892425537
2.6113016605377197
3.0134949684143066
2.7694835662841797
2.886436939239502
3.2376182079315186
2.5608839988708496
2.9401044845581055
2.617903232574463
3.0672836303710938
2.8785247802734375
2.916015386581421
2.7197399139404297
3.1465208530426025
3.0306930541992188
3.132598876953125
3.1455976963043213
3.377821207046509
2.8634519577026367
2.7818222045898438
2.9894087314605713
2.9152417182922363
3.1384265422821045
3.040088415145874
3.124906301498413
2.816795587539673
3.0363314151763916
3.128323554992676
3.104067087173462
3.14896821975708
2.845371723175049
2.618809223175049
2.5599021911621094
2.9004900455474854
3.1663320064544678
3.383584976196289
2.8325083255767822
2.895434617996216
2.9659650325775146
2.9265146255493164
3.2270805835723877
2.8247885704040527
3.1447532176971436
2.823282241821289
2.7510616779327393
2.9826607704162598
2.6603736877441406
2.6587793827056885
2.6698522567749023
2.7144887447357178
2.660351037979126
2.8603320121765137
2.546739101409912
2.8448538780212402
2.766120195388794
2.787280321121216
2.5217363834381104
2.7077600955963135
2.6545193195343018
2.7945427894592285
3.122654914855957
3.050036907196045
2.676500082015991
3.093029022216797
2.667903184890747
2.8915414810180664
2.794478416442871
3.4096109867095947
2.422231674194336
2.651763439178467
2.8510043621063232
2.982555389404297
3.0255699157714844
2.608334541320801
2.820676803588867
2.7600486278533936
2.6427359580993652
2.8188695907592773
2.7863588333129883
2.655055522918701
2.587789535522461
2.698136806488037
2.9457972049713135
2.7198028564453125
2.8583946228027344
2.5517280101776123
2.905843734741211
2.9798247814178467
2.6103832721710205
2.5148062705993652
2.8682308197021484
2.7886404991149902
2.4591126441955566
2.6522819995880127
2.997615337371826
2.55937123298645
2.918898820877075
2.739245891571045
3.1260149478912354
2.8613719940185547
2.781921863555908
2.414583444595337
2.601378917694092
2.8123180866241455
2.5203797817230225
2.8557841777801514
2.6959009170532227
2.748628854751587
2.655045509338379
3.1877174377441406
2.5205345153808594
2.500047206878662
2.7406063079833984
2.817631721496582
2.6109414100646973
2.9433443546295166
3.004611015319824
2.6237363815307617
2.5238664150238037
2.827082395553589
2.6681418418884277
2.792818784713745
2.6596546173095703
2.8075199127197266
2.5993735790252686
2.5641815662384033
3.028247594833374
2.7873306274414062
2.8566083908081055
2.469130039215088
2.9646356105804443
2.7445456981658936
2.927307367324829
2.5648088455200195
2.671882390975952
2.775235652923584
2.6987032890319824
2.528903007507324
2.5155725479125977
2.923274517059326
2.6656482219696045
2.6550047397613525
3.212369441986084
2.7099227905273438
2.9871151447296143
2.4508237838745117
2.9137356281280518
2.4877617359161377
2.7731549739837646
2.468226909637451
2.5491080284118652
2.637136936187744
2.340395450592041
2.780510902404785
2.8439488410949707
2.9126474857330322
2.6802585124969482
2.5990006923675537
2.5458381175994873
2.5100796222686768
2.5538651943206787
2.5258989334106445
2.7356200218200684
2.8712618350982666
2.546093463897705
2.7336747646331787
2.3207902908325195
2.693864345550537
2.546699047088623
2.61338210105896
2.617889404296875
2.5550477504730225
2.941140651702881
2.4191386699676514
2.164405584335327
2.692329168319702
2.6743650436401367
2.794078826904297
2.6290581226348877
2.4834797382354736
2.539205551147461
2.7209880352020264
2.48341703414917
3.017509937286377
2.765345335006714
2.3110406398773193
2.274062156677246
2.64599871635437
2.2771780490875244
2.389765501022339
2.4686825275421143
2.7258639335632324
2.235410690307617
2.6508100032806396
2.4818286895751953
2.7228188514709473
2.6124789714813232
2.7695086002349854
2.5138461589813232
2.8023693561553955
2.4530699253082275
2.6497554779052734
2.4914638996124268
2.4671878814697266
2.5910747051239014
2.58746075630188
2.2117581367492676
2.667149066925049
2.7089831829071045
2.578629970550537
2.2703824043273926
2.829317331314087
2.499748468399048
2.618670701980591
2.472656488418579
2.645280599594116
2.5098819732666016
2.7624785900115967
2.5053582191467285
2.598768472671509
2.2841572761535645
2.2039241790771484
2.3730709552764893
2.512024164199829
2.682544231414795
2.8135955333709717
2.5817906856536865
2.314865827560425
2.438889741897583
2.281726121902466
2.841437578201294
2.324647903442383
2.691566228866577
2.8770923614501953
2.878201723098755
2.665593147277832
2.3611855506896973
2.7187623977661133
2.6563117504119873
2.756490707397461
2.686384916305542
2.521278142929077
2.691208839416504
2.660212993621826
2.6297521591186523
2.5738754272460938
2.6452457904815674
2.1839795112609863
2.6655898094177246
2.3223659992218018
2.4358036518096924
2.3713998794555664
2.3691017627716064
2.4017581939697266
2.752302408218384
2.313173532485962
2.5673134326934814
2.3912734985351562
2.2779102325439453
2.457163095474243
2.2331132888793945
2.645367383956909
2.6468639373779297
2.3251540660858154
2.2375071048736572
2.423579692840576
2.4127914905548096
2.2672557830810547
2.3445451259613037
2.3224449157714844
2.317377805709839
2.494919538497925
2.2084617614746094
2.572815179824829
2.496002674102783
2.2049241065979004
2.492384672164917
2.463982343673706
2.2659616470336914
2.2613000869750977
2.65732741355896
2.4633288383483887
2.3317456245422363
2.227565050125122
2.496885299682617
2.3768539428710938
2.7703616619110107
2.054790496826172
2.2451069355010986
2.583792209625244
2.473445415496826
2.424241542816162
2.2590794563293457
2.2307450771331787
2.6102182865142822
2.1261019706726074
2.5792429447174072
2.1158132553100586
2.586843729019165
2.2517905235290527
2.2632784843444824
2.569026231765747
2.30385422706604
2.4565939903259277
2.1720006465911865
2.274541139602661
2.3793275356292725
2.494638442993164
2.7284698486328125
2.139420747756958
2.1169188022613525
2.2097718715667725
2.403846502304077
2.390321731567383
2.8023147583007812
2.348294258117676
2.3805806636810303
2.1420090198516846
2.2073302268981934
2.6423428058624268
2.353776216506958
2.0605499744415283
2.1089251041412354
2.6741175651550293
2.604097843170166
2.492067813873291
1.9661965370178223
2.257934331893921
2.294123888015747
2.2106759548187256
2.4102120399475098
2.310248613357544
2.462930917739868
2.489684820175171
2.2775557041168213
2.1820478439331055
2.4075841903686523
2.264620304107666
2.4957826137542725
2.3259212970733643
2.1985411643981934
2.1090962886810303
2.097010612487793
2.2099294662475586
2.3398635387420654
2.7841360569000244
2.355394124984741
2.195675849914551
2.030242681503296
2.0178513526916504
1.8759996891021729
1.9361693859100342
2.232405662536621
1.997031807899475
2.1856844425201416
2.2290585041046143
2.432997465133667
2.0458571910858154
2.5120160579681396
2.13377046585083
2.1055264472961426
2.038639783859253
2.178448438644409
2.013279914855957
2.0998475551605225
2.334059000015259
2.2778022289276123
2.0769243240356445
2.2272229194641113
2.413409948348999
2.0434646606445312
2.3869011402130127
2.766920328140259
2.8060145378112793
1.9600296020507812
2.053499937057495
2.423311471939087
2.240394353866577
2.331578016281128
1.870419979095459
2.1566009521484375
2.3386523723602295
2.13651180267334
2.1611804962158203
2.0619094371795654
2.134312391281128
2.236367702484131
2.0904808044433594
1.9315237998962402
2.5391736030578613
1.9819530248641968
2.1743171215057373
2.280641555786133
2.630162477493286
2.081643581390381
2.6593098640441895
2.168968915939331
2.199563503265381
2.226510524749756
2.3939387798309326
2.250631093978882
2.3659555912017822
2.1413683891296387
2.1581218242645264
2.1273930072784424
2.037034034729004
2.0164570808410645
2.2690794467926025
2.3591136932373047
2.269608974456787
1.885368824005127
1.8614163398742676
2.020811080932617
2.0376548767089844
2.4728622436523438
2.060474157333374
1.6760295629501343
2.034337282180786
2.181746482849121
2.337749481201172
2.2196145057678223
1.993703842163086
2.463773727416992
2.101315975189209
2.336256742477417
1.8758533000946045
1.917234182357788
2.1094470024108887
2.2050936222076416
2.2980945110321045
1.9086204767227173
2.0333337783813477
2.178424835205078
2.0172529220581055
2.348949909210205
2.253783702850342
1.9558663368225098
1.8216044902801514
2.2624897956848145
2.1963231563568115
1.9288252592086792
1.8929818868637085
1.9978156089782715
2.3262128829956055
1.9286401271820068
1.941644549369812
1.9224644899368286
1.632723331451416
1.9803985357284546
2.1528263092041016
2.147984743118286
1.8162754774093628
2.1744871139526367
2.150820732116699
2.1526389122009277
1.9579154253005981
1.9234614372253418
2.2804245948791504
2.2063097953796387
2.3796162605285645
1.824830174446106
2.1356468200683594
2.173586845397949
2.429243803024292
2.1360504627227783
1.926708459854126
2.042464017868042
1.6784886121749878
1.823871374130249
1.975107192993164
1.870173454284668
2.1972906589508057
1.8673899173736572
2.018428087234497
1.9875166416168213
2.322049379348755
1.624657154083252
1.8244872093200684
1.8134292364120483
2.2214529514312744
1.9645264148712158
1.79855477809906
1.7632068395614624
1.9056062698364258
2.079261541366577
2.1677019596099854
1.9594343900680542
1.816977620124817
2.0798773765563965
2.100581645965576
1.6818071603775024
1.9876420497894287
1.9894906282424927
2.119776487350464
1.746567964553833
1.7860569953918457
2.0609042644500732
1.7083916664123535
1.9798204898834229
2.308147430419922
1.704412579536438
1.7476551532745361
1.8975454568862915
2.1073951721191406
2.007542610168457
2.1396360397338867
1.861007809638977
1.7324568033218384
1.6066917181015015
2.2024149894714355
2.206960678100586
1.8043125867843628
2.0339505672454834
2.078428268432617
1.8802803754806519
1.9595727920532227
2.031554937362671
2.2118546962738037
1.6787984371185303
1.946108341217041
2.018723249435425
1.7503823041915894
1.803086757659912
1.8583449125289917
1.9186521768569946
1.9840703010559082
1.9256300926208496
2.4594500064849854
1.9168140888214111
2.349249839782715
1.8880119323730469
2.1916654109954834
1.5328593254089355
2.1446375846862793
2.138209104537964
1.7996890544891357
1.8757978677749634
2.333111047744751
2.2896294593811035
2.0627472400665283
1.7271080017089844
1.8870651721954346
2.017932891845703
2.137871026992798
1.9685864448547363
1.878760814666748
1.7664616107940674
1.8943277597427368
2.207345962524414
1.8310121297836304
2.2876453399658203
1.7618043422698975
1.3499337434768677
1.7849377393722534
1.8454766273498535
1.363822102546692
1.9297845363616943
1.8898591995239258
2.0214791297912598
2.1578853130340576
1.9474314451217651
1.6019961833953857
1.4927141666412354
1.7803493738174438
2.2755775451660156
1.7078708410263062
2.5117526054382324
1.833723545074463
1.5457022190093994
2.0551016330718994
1.7839550971984863
1.7499053478240967
1.6817455291748047
1.9811028242111206
1.7283297777175903
1.7737637758255005
1.5725255012512207
2.332705020904541
1.972145676612854
1.7269253730773926
1.9301643371582031
1.9522966146469116
1.8316619396209717
1.8464900255203247
2.014979839324951
2.103536367416382
1.797019362449646
1.63601815700531
1.8263065814971924
1.5936555862426758
1.785205364227295
1.7416538000106812
1.8067853450775146
1.7634419202804565
1.9235070943832397
1.6361124515533447
1.659669280052185
1.6600642204284668
1.7746294736862183
1.8275216817855835
2.1681277751922607
1.7748034000396729
2.060490608215332
1.5915578603744507
1.6928693056106567
1.8969738483428955
1.934071660041809
1.5530648231506348
1.5464881658554077
1.8982264995574951
1.6963558197021484
1.8927043676376343
1.7727479934692383
1.8882094621658325
1.9072439670562744
1.964499592781067
1.8383066654205322
1.3673382997512817
1.7179442644119263
1.7015329599380493
1.6260449886322021
1.4759801626205444
1.6309924125671387
1.825971007347107
1.4469420909881592
2.1396853923797607
1.4905169010162354
1.4536995887756348
2.152924060821533
1.9489293098449707
2.0234715938568115
1.7331526279449463
1.8086128234863281
1.9283792972564697
2.202260732650757
1.7555574178695679
1.9091066122055054
1.5950860977172852
1.881441354751587
1.6175028085708618
1.90619695186615
1.5662486553192139
1.6081920862197876
1.7099000215530396
1.7306157350540161
1.4016631841659546
1.5987948179244995
1.6888667345046997
1.9353171586990356
1.563806176185608
1.854763388633728
1.9070385694503784
1.8339017629623413
1.5427887439727783
2.0076093673706055
1.5440247058868408
1.7273097038269043
1.402300238609314
1.7085953950881958
1.5978093147277832
1.5112874507904053
1.6670138835906982
1.4724736213684082
1.33047354221344
1.7660129070281982
1.7633239030838013
1.465266466140747
2.2609670162200928
1.598282814025879
1.4649711847305298
1.6417726278305054
1.576987624168396
2.010064125061035
1.5736489295959473
1.9572128057479858
1.768208622932434
1.6593643426895142
1.7020970582962036
1.472379446029663
1.708722472190857
1.3580878973007202
1.431710958480835
2.0292887687683105
1.6565977334976196
1.2996057271957397
1.5940651893615723
1.7452642917633057
1.9301514625549316
1.331961989402771
1.315840482711792
1.6013271808624268
1.3735435009002686
1.379754662513733
1.9196398258209229
1.790299415588379
1.6498526334762573
2.055856227874756
1.4458917379379272
1.786262035369873
1.6329885721206665
1.6688127517700195
1.551457166671753
1.6802220344543457
1.3596991300582886
1.607958436012268
1.5110121965408325
1.226488709449768
1.7547467947006226
1.6585571765899658
1.533901333808899
1.4321414232254028
1.8344440460205078
1.432119369506836
1.171142578125
1.2375649213790894
1.6878329515457153
1.5599368810653687
1.9433326721191406
1.503331184387207
1.750728964805603
1.600458025932312
1.7075448036193848
1.7583465576171875
1.4092698097229004
1.3478156328201294
1.9234391450881958
1.3286030292510986
1.6089003086090088
1.322800874710083
1.7766532897949219
1.691145896911621
1.8444418907165527
1.4368044137954712
1.3813124895095825
1.4860804080963135
1.5615564584732056
1.2861557006835938
1.6074413061141968
1.5430631637573242
1.302558422088623
1.724103569984436
1.1281241178512573
1.4760171175003052
1.743527889251709
1.6808029413223267
1.3405237197875977
1.666588544845581
1.378940463066101
1.3419198989868164
1.4356316328048706
1.5709195137023926
1.4428857564926147
1.364101767539978
1.437232255935669
1.6805585622787476
1.4062741994857788
1.9063421487808228
1.6145788431167603
1.7200766801834106
1.5099979639053345
1.082320213317871
1.502618432044983
1.0977197885513306
1.4913533926010132
1.6908488273620605
1.4227765798568726
1.3136582374572754
1.668506383895874
1.5433555841445923
1.2521089315414429
1.3653589487075806
1.4608359336853027
1.3590939044952393
1.475983738899231
1.4077951908111572
1.4266995191574097
1.7089418172836304
1.4641350507736206
1.6001906394958496
1.6235837936401367
1.57639741897583
1.537623405456543
1.561110496520996
1.5106689929962158
1.208547830581665
1.3134000301361084
1.4368082284927368
1.4978541135787964
1.297990322113037
1.6547421216964722
1.5440771579742432
1.2152330875396729
1.1818569898605347
1.4635452032089233
1.3975105285644531
1.7756026983261108
1.501033902168274
1.424452781677246
1.3370676040649414
1.707262396812439
1.601574182510376
1.5895090103149414
1.6701147556304932
1.455376386642456
1.3525149822235107
1.108371615409851
1.7092242240905762
1.604392409324646
1.4572572708129883
1.3828507661819458
1.3522236347198486
1.4381067752838135
1.5404716730117798
1.3324403762817383
1.4802989959716797
1.4429755210876465
1.3585176467895508
0.9528477191925049
1.432212471961975
1.1981453895568848
1.9477790594100952
1.276368498802185
1.3558135032653809
1.253798246383667
1.452792763710022
1.400188684463501
1.3475232124328613
1.6460753679275513
1.6425249576568604
1.4163542985916138
1.3546522855758667
1.506364345550537
1.2704229354858398
1.8186661005020142
1.6464738845825195
1.1649891138076782
1.1490776538848877
1.2736796140670776
1.2901455163955688
1.296311855316162
2.03900146484375
1.4469343423843384
1.1648592948913574
0.9751408100128174
1.4574800729751587
1.2227171659469604
1.247902750968933
1.35237455368042
1.2907378673553467
1.2370293140411377
1.4212449789047241
1.3498824834823608
1.1442867517471313
1.6400094032287598
1.3839110136032104
1.0838823318481445
1.439192771911621
1.284795880317688
1.4702553749084473
1.196211338043213
1.222421407699585
1.2453254461288452
1.564678430557251
1.470556378364563
1.2822672128677368
1.1913566589355469
1.3853306770324707
1.4896273612976074
1.2662566900253296
1.6101478338241577
1.3618789911270142
1.328034520149231
1.5472397804260254
1.231215000152588
1.2104624509811401
1.9131687879562378
1.2693371772766113
1.0908896923065186
1.2681701183319092
1.2599928379058838
1.1864467859268188
0.946919322013855
1.2961151599884033
1.3936493396759033
1.1875
1.2740519046783447
1.169524908065796
1.4646358489990234
1.1192678213119507
1.0762087106704712
1.2503583431243896
1.2151604890823364
1.1938830614089966
1.381834626197815
1.349741816520691
1.2252326011657715
1.3577569723129272
1.290826439857483
0.9678127765655518
1.5484833717346191
1.136081337928772
1.6900815963745117
1.0301995277404785
1.0254037380218506
1.13583242893219
1.1071054935455322
1.0302456617355347
1.0503076314926147
1.031032919883728
1.385903239250183
0.9050677418708801
1.2766555547714233
1.0969581604003906
1.2213923931121826
1.3850135803222656
1.0361005067825317
1.1699564456939697
1.2508254051208496
1.1894969940185547
1.0514376163482666
1.4475854635238647
0.9765612483024597
1.2784112691879272
1.1907745599746704
1.2153987884521484
1.2215746641159058
1.4571599960327148
1.151130199432373
1.3154070377349854
1.018227458000183
1.103653073310852
0.9871917963027954
1.0162290334701538
1.8578885793685913
1.1360279321670532
1.3806192874908447
1.1092520952224731
1.1633944511413574
1.1857547760009766
1.3663660287857056
1.160522222518921
0.9698526263237
0.8586012125015259
1.3736202716827393
1.1495110988616943
1.271222710609436
0.8797581791877747
1.5135384798049927
1.4054712057113647
0.9916853308677673
1.0488600730895996
1.162497639656067
1.2494391202926636
1.5367475748062134
1.4644317626953125
1.2525219917297363
1.0239691734313965
1.2723528146743774
1.2261561155319214
1.3839985132217407
1.360047698020935
1.2932029962539673
1.2833627462387085
1.1432878971099854
1.1251463890075684
1.2365870475769043
0.9736853837966919
1.4929527044296265
1.1258270740509033
1.1374170780181885
0.8538154363632202
1.096850872039795
1.664420485496521
0.8666408061981201
1.2297831773757935
1.0184321403503418
0.989179790019989
1.1176519393920898
1.3127918243408203
1.5406138896942139
1.0769200325012207
1.163456916809082
1.2607362270355225
1.098248839378357
1.1410242319107056
0.8996473550796509
1.0225614309310913
1.0418143272399902
1.1147128343582153
1.002648115158081
0.8960844874382019
1.0362554788589478
0.9653542637825012
1.139562726020813
1.210394263267517
0.9200303554534912
1.2935216426849365
1.6441631317138672
1.158318281173706
0.9132746458053589
1.039052128791809
1.3048970699310303
1.246109962463379
1.142591118812561
1.0286474227905273
1.1401180028915405
1.4604467153549194
1.0978996753692627
1.3076441287994385
1.0782018899917603
1.2566790580749512
0.6213370561599731
0.9809311628341675
1.098852515220642
0.969685435295105
1.1284197568893433
1.1516865491867065
1.1890980005264282
1.2097405195236206
0.7620272636413574
1.1846699714660645
0.9497289061546326
1.1296937465667725
1.3416028022766113
0.9034985303878784
1.1670221090316772
0.9216888546943665
0.9308611750602722
0.8194392323493958
1.0650368928909302
0.9182916879653931
0.8144049644470215
0.950150191783905
1.416729211807251
1.0047191381454468
1.0707120895385742
1.0762031078338623
1.3094420433044434
0.8358355164527893
0.8326905369758606
0.888880729675293
1.199546217918396
0.9645441770553589
1.0765693187713623
1.451855182647705
1.1561822891235352
1.0736479759216309
0.759807288646698
1.203211784362793
1.2984360456466675
1.0059555768966675
0.9310083985328674
0.9358794689178467
1.0411027669906616
0.7507678866386414
0.7886897325515747
1.0398973226547241
1.116616129875183
1.053977608680725
1.1774344444274902
0.9404030442237854
1.4449502229690552
1.109594702720642
1.2161632776260376
0.9960933327674866
1.1189980506896973
0.8273012638092041
0.6858690977096558
1.0306838750839233
1.084881067276001
1.4454506635665894
0.8375098705291748
0.8150442242622375
0.8103160262107849
1.0589176416397095
0.8474652171134949
1.0357904434204102
0.9048615097999573
0.9566918015480042
1.0273138284683228
0.9058810472488403
0.8519096374511719
0.6806000471115112
0.747931718826294
0.9248731732368469
0.9785158038139343
0.9630947113037109
1.0117288827896118
1.0415267944335938
1.0770339965820312
0.7528692483901978
0.9033203125
1.0084547996520996
1.0861151218414307
0.934603214263916
0.8082546591758728
0.9288212060928345
0.7285058498382568
0.8749186992645264
1.165467619895935
0.9313570261001587
1.0522440671920776
0.9446601271629333
0.6173934936523438
1.1258479356765747
1.080378770828247
1.0607473850250244
0.9871691465377808
0.9421784281730652
1.3512561321258545
0.6963504552841187
1.128122329711914
0.9482226371765137
0.8116857409477234
1.0193722248077393
0.9150771498680115
0.9996737837791443
1.0880334377288818
0.7959944009780884
1.1617239713668823
0.9858239889144897
0.9808934926986694
1.0288689136505127
1.145936131477356
0.793245792388916
0.60189288854599
0.905529797077179
0.938213050365448
0.8131497502326965
0.9006979465484619
0.8499910831451416
1.0978142023086548
1.0447759628295898
0.9618198871612549
1.004510521888733
0.9365601539611816
1.1252866983413696
0.9306554794311523
0.7675689458847046
0.7768826484680176
0.8842254877090454
0.8323729038238525
0.8564735054969788
0.7172163724899292
1.0094902515411377
1.1169592142105103
1.0510060787200928
0.9832047820091248
1.0212256908416748
0.9502958655357361
0.9400573372840881
0.6982682347297668
0.73890620470047
0.7712109088897705
1.070962905883789
0.8699369430541992
0.9217727780342102
0.7787312865257263
0.9625032544136047
1.1708027124404907
1.0200378894805908
0.706343948841095
0.6100631952285767
1.241129994392395
0.9582163691520691
0.7053238749504089
0.8824535608291626
0.7958107590675354
0.7673415541648865
1.0112853050231934
0.928398609161377
1.1571156978607178
0.9440602660179138
0.8768705725669861
0.8511747121810913
0.8495269417762756
0.8694124817848206
0.7433449029922485
0.8525243997573853
0.8714261054992676
0.6797221899032593
0.40239301323890686
0.7348335981369019
1.5817116498947144
0.7465304136276245
0.9162548184394836
0.623485803604126
0.8011807203292847
0.48896774649620056
0.6480440497398376
0.6616863012313843
1.4387574195861816
0.7296240329742432
0.8932902812957764
0.6594212651252747
0.9562288522720337
0.7174838781356812
1.10756516456604
1.1618071794509888
1.0186340808868408
0.7479606866836548
0.923067569732666
0.7686288952827454
0.6343879103660583
0.8586930632591248
0.6822423934936523
0.823952317237854
0.8424767255783081
0.9018634557723999
0.5302355289459229
0.6699644327163696
0.6984447836875916
0.9954536557197571
0.6763201951980591
0.9466146230697632
0.6951985955238342
0.7520043849945068
0.4849575161933899
0.8730925917625427
0.7544776201248169
0.6246719360351562
0.8355358839035034
0.7601757645606995
0.8984436392784119
0.6891757845878601
0.7980889081954956
0.7979573011398315
0.6520887017250061
0.7870144844055176
0.6274238228797913
0.7659444212913513
0.657196581363678
0.9820859432220459
0.8546011447906494
0.8525612950325012
0.6517190933227539
0.799613356590271
0.8520206809043884
0.8536668419837952
0.7770087122917175
0.7032253742218018
0.5593615174293518
0.6494376063346863
0.7313374876976013
0.8119282722473145
0.8693272471427917
0.6931196451187134
0.8399853110313416
0.8069550395011902
0.5911780595779419
0.9631183743476868
0.8096655607223511
0.7220224738121033
0.7391880750656128
0.7592664361000061
0.8246771693229675
0.8874687552452087
0.8950580954551697
0.7198600172996521
0.7750453948974609
0.7745042443275452
0.9161515831947327
0.5853221416473389
0.7810544371604919
0.6775943040847778
0.6318677067756653
0.9575381875038147
0.7712799906730652
0.6630344986915588
0.9093969464302063
0.6368483901023865
1.0087333917617798
0.6047552227973938
0.9340264797210693
0.6833655834197998
0.7784199118614197
0.8486762046813965
0.672045886516571
0.6522456407546997
0.5325118899345398
0.6523932814598083
0.6329188346862793
0.6529812812805176
0.4848947525024414
0.7665538787841797
0.6401057839393616
0.6767144799232483
0.6493342518806458
1.1912875175476074
0.6706578135490417
0.4376893937587738
0.9193834662437439
0.5805938243865967
0.7714945673942566
0.7181179523468018
0.7591230869293213
0.6322500109672546
0.9381452798843384
0.46818894147872925
0.5893795490264893
0.7658761739730835
0.7542310953140259
0.728849470615387
0.8048760890960693
0.6667758226394653
0.553053617477417
0.5804667472839355
0.8545678853988647
0.5093280076980591
0.5629953742027283
0.5223145484924316
0.9069613814353943
0.565955638885498
0.7502663135528564
0.7671785354614258
0.5900278687477112
0.5903899073600769
0.9731466770172119
0.7525383830070496
0.7640773057937622
0.7063374519348145
0.6485252976417542
0.41116636991500854
0.9145985841751099
0.8048035502433777
0.5847364664077759
0.9294355511665344
0.6996716856956482
0.382658451795578
0.5520809292793274
0.6747301816940308
0.669060468673706
0.5543805360794067
0.3951871395111084
0.5952543616294861
0.6015145778656006
0.5762144923210144
0.8495927453041077
0.6483208537101746
0.8961816430091858
0.6472188234329224
0.690161943435669
0.5695220232009888
0.6985660791397095
0.4578889310359955
0.9502208232879639
0.7639051079750061
0.6844974160194397
0.6695569753646851
0.7533314228057861
0.5259279608726501
0.683695375919342
0.6374719738960266
0.7409798502922058
0.5233173370361328
0.5837372541427612
0.6356979012489319
0.6496747136116028
0.6880449056625366
0.49300530552864075
0.6470686197280884
0.8493064641952515
0.6859740018844604
0.6967403888702393
0.813284695148468
0.8414407968521118
1.2105469703674316
0.4188653528690338
0.36253395676612854
0.7473309636116028
0.8913537859916687
0.7195149660110474
0.554054319858551
0.4678454101085663
0.7270746231079102
0.4556386470794678
0.40995490550994873
0.42356207966804504
0.6673644781112671
0.5479027628898621
0.5232939720153809
0.43989312648773193
0.6963992118835449
0.5919179320335388
0.44450217485427856
0.46855059266090393
1.1538519859313965
0.5112432837486267
0.4764385521411896
0.5199198126792908
0.5016051530838013
0.6332607269287109
0.6709829568862915
0.4688165485858917
0.3772064447402954
0.5347165465354919
0.3048538267612457
0.6631340384483337
0.6121002435684204
0.5462216734886169
0.4693443775177002
0.5099648237228394
0.5528636574745178
0.5353646278381348
0.421252965927124
0.6093544960021973
0.5306885242462158
0.8547543287277222
0.38287752866744995
0.44510209560394287
0.5890892744064331
0.5997145771980286
0.8608638048171997
0.48340871930122375
0.40729987621307373
0.3957221508026123
0.7641102075576782
0.6580356955528259
0.5484360456466675
0.5451788902282715
0.5603923201560974
0.5611590147018433
0.7426133751869202
0.6705211400985718
0.42281001806259155
0.5600625872612
0.25619563460350037
0.6230893135070801
0.4768356382846832
0.5227818489074707
0.47982102632522583
0.5620580315589905
0.4100855588912964
0.4872438311576843
0.455431193113327
0.543574333190918
0.47892990708351135
0.5035162568092346
0.5781036615371704
0.5122047662734985
0.4143952429294586
0.4261836111545563
0.5530708432197571
0.6586054563522339
0.6708340048789978
0.5836545825004578
0.6189450025558472
0.4487617015838623
0.5074488520622253
0.8780047297477722
0.3929380774497986
0.5894913077354431
0.347800612449646
0.8204034566879272
0.791146457195282
0.4924257695674896
0.386604368686676
0.5091087222099304
0.6076040267944336
0.4090404212474823
0.4233941435813904
0.47978800535202026
0.5785263180732727
0.5273879170417786
0.7674803733825684
0.4329964816570282
