327.91857647895813
327.63432121276855
327.7617359161377
327.64337038993835
331.833132982254
331.2419812679291
331.44210171699524
331.6273512840271
331.525319814682
331.2721655368805
331.39157247543335
331.4458076953888
331.4347879886627
331.48081731796265
331.3903934955597
331.64213252067566
331.34289598464966
331.3089962005615
347.24270606040955
374.5271863937378
366.8084726333618
366.42623805999756
366.58908891677856
331.4120423793793
331.2846357822418
331.37711000442505
331.2970407009125
331.3552770614624
331.19229674339294
331.2549147605896
331.4531421661377
331.1954610347748
331.27682518959045
331.4599757194519
331.2936441898346
331.3685359954834
331.25634765625
331.26499819755554
331.18203020095825
331.11782670021057
331.2010991573334
331.3625795841217
331.21938705444336
331.4324085712433
331.2864890098572
331.20486187934875
331.2535996437073
331.3962435722351
331.73884105682373
331.6149277687073
331.39449405670166
331.29780626296997
331.4630904197693
331.34499049186707
331.13919162750244
331.19185280799866
331.3185474872589
331.20165634155273
331.2897980213165
331.19983315467834
331.3202519416809
331.22988843917847
331.3568799495697
331.600754737854
331.3151090145111
331.061017036438
331.2467658519745
331.39479184150696
331.2295699119568
331.337176322937
331.8404152393341
331.50387024879456
331.2979636192322
331.1320140361786
331.3303282260895
331.3007209300995
331.3486771583557
331.4253616333008
331.4087510108948
331.5820240974426
331.20659852027893
331.1709609031677
331.44635009765625
332.1191408634186
331.43872594833374
331.42168498039246
331.3500578403473
331.28356885910034
331.3387749195099
331.3532786369324
331.44228434562683
331.14644289016724
331.1878092288971
331.3434076309204
331.43528270721436
331.2451298236847
331.25212025642395
331.27705693244934
331.4035220146179
331.11037158966064
331.32686257362366
331.3019154071808
331.40054726600647
331.21568179130554
331.43192076683044
331.25593423843384
331.35803604125977
331.2730848789215
331.65640091896057
331.36388540267944
331.2508804798126
331.1316182613373
331.17861342430115
362.9720504283905
370.3017542362213
371.3449115753174
370.10617566108704
370.6714186668396
369.8204445838928
377.2835063934326
387.1295790672302
385.61615204811096
378.97429966926575
375.97234773635864
370.74906063079834
370.09485816955566
373.447949886322
379.86678171157837
383.8792374134064
376.8853054046631
368.6561744213104
370.57284021377563
371.2869532108307
371.5385036468506
372.0667767524719
368.37373542785645
370.4875762462616
370.3210220336914
371.23845171928406
371.60851097106934
370.86083006858826
369.55349612236023
372.4081768989563
379.5702142715454
376.0102596282959
373.1789319515228
381.1818141937256
372.8703308105469
376.706013917923
382.87175703048706
375.61346673965454
382.6221196651459
387.46988248825073
384.11863684654236
380.47171425819397
379.4402964115143
375.2916224002838
378.9225857257843
385.84783029556274
381.1838049888611
387.29328298568726
380.01482343673706
383.4589304924011
377.97768807411194
378.8544945716858
377.43933176994324
380.8023781776428
382.3281307220459
385.8154616355896
370.7775683403015
372.24419927597046
373.52322030067444
387.93666791915894
385.02508902549744
373.258549451828
382.5948374271393
369.88405203819275
370.39613127708435
371.5848779678345
370.4652409553528
369.93533277511597
368.6687045097351
370.2711262702942
370.9385063648224
371.1015429496765
370.6526186466217
371.7348642349243
367.3128695487976
365.7490315437317
369.8026382923126
370.41827297210693
372.10856556892395
369.7122371196747
369.8479516506195
369.06593465805054
369.71762704849243
370.21751856803894
370.8633155822754
372.38987016677856
370.39217948913574
369.4958622455597
369.09705924987793
371.25712394714355
371.4775056838989
369.9415740966797
369.11220955848694
370.09899044036865
357.98156666755676
329.92514181137085
329.94215416908264
329.9055633544922
329.62848448753357
329.59811902046204
329.65030789375305
329.6597259044647
329.6078796386719
329.47204780578613
329.69308066368103
329.8433458805084
329.70145630836487
329.7841308116913
329.66319394111633
329.6564288139343
329.5865762233734
329.58724641799927
329.69277906417847
329.7530975341797
329.6209099292755
329.70258617401123
329.64142632484436
329.748060464859
329.3833677768707
329.7836911678314
329.7146954536438
329.86292362213135
329.6031439304352
329.69610142707825
329.66864705085754
329.794095993042
329.60808181762695
329.6651225090027
329.51670002937317
329.7447154521942
329.6614863872528
329.72275161743164
329.5840482711792
329.6747443675995
330.2969183921814
329.66575360298157
355.8882203102112
334.8908703327179
329.84580516815186
329.9094922542572
329.9408311843872
329.7354824542999
329.7678060531616
329.7293474674225
329.5721106529236
329.59137296676636
329.79629015922546
329.6879425048828
329.62759256362915
329.6805601119995
329.82300543785095
329.75583267211914
329.64005875587463
329.7228581905365
329.84576416015625
329.5548951625824
329.6404027938843
329.63551115989685
329.5103130340576
329.53204798698425
329.5789759159088
329.8279666900635
329.63980054855347
329.6391911506653
329.8211417198181
329.7676782608032
329.7787163257599
329.6055648326874
329.5760223865509
329.67395210266113
329.535968542099
329.47283840179443
329.6620693206787
329.7553596496582
329.52476501464844
329.45112657546997
329.711727142334
329.5332088470459
329.61673974990845
329.612398147583
329.6949415206909
329.40128326416016
329.63130474090576
329.83978509902954
329.5889000892639
329.41044640541077
329.64311265945435
