4.557150179772731
4.550190795717946
4.547435655618263
4.505933899403838
4.47896935323925
4.426101560178011
4.34657487052176
4.289536330401135
4.246839413252633
4.200573424853937
4.1618071852437675
4.132847877414635
4.098716580654349
4.065240910291062
4.035880888209624
4.000352156436657
3.9679210399422806
3.9402178718001033
3.9194613759170105
3.890398072464692
3.8624389128916707
3.8379477411889664
3.8096133604683837
3.7827906026254836
3.7571971864651537
3.7271128542283
3.7041278571423972
3.6805498542078317
3.653392065516518
3.6291922995501467
3.606173249461767
3.5836769888163222
3.562317468930998
3.538038071768973
3.5259798978600663
3.493489522458342
3.4703411720597837
3.450489409744282
3.4284702536395137
3.4044750538628423
3.3779940672237854
3.3555894684608636
3.330098649729853
3.3057212829589844
3.2822870381957734
3.263272543697406
3.2369645925434045
3.217802124560032
3.199238354287794
3.1756182485224342
3.1602659664495523
3.1392989951326413
3.1238188100287982
3.1072725252727107
3.087491359247271
3.072697894347598
3.0444358297626075
3.028460099264179
3.015100624250329
2.994543991125453
2.9808519718897006
2.9552594962937144
2.94501468836499
2.9306516287576816
2.9133253963402166
2.8957742525793404
2.8813560259006823
2.8579950168004733
2.849624240489872
2.835823152376258
2.8112793057166097
2.8004876893499624
2.787835405000945
2.772119076355644
2.759005274614105
2.7429154032026717
2.728953999936428
2.708548564740154
2.6983795669072728
2.6830094784421994
2.66656724174919
2.6477344715991595
2.6336875760646734
2.623431271909143
2.6057349659902664
2.5878085463553133
2.575769371846143
2.5658757704907975
2.5489797435148294
2.5348325917482986
2.5212146726715594
2.5040209610443895
2.492116487849399
2.4786786051357494
2.4671428005408753
2.4527800801160087
2.4358584917414827
2.4188999147976147
2.412091601992507
2.3919795690595036
2.379889579227818
2.3738495404153226
2.3540800572051417
2.339521893912264
2.319811177223235
2.309075677029007
2.293222108917773
2.280896706654288
2.271558121189742
2.254011148382026
2.241018486602227
2.229590843095804
2.2152099382237096
2.2019414670022246
2.186914303875945
2.18238191699128
2.165464145600643
2.1441905007642856
2.1357423478685074
2.11708731617769
2.1069851807316247
2.1051089239242438
2.0933014886153627
2.0749941110001195
2.0592502913511623
2.0508151670246173
2.0378592942681766
2.0196765278611344
2.0139324933366702
1.9994720046782433
1.993892159608319
1.9788722151990437
1.9689778586482758
1.9589698691197368
1.947521701035902
1.9446988872554907
1.9128302346410044
1.9114620574295063
1.8941087052035515
1.888678906518785
1.8728564140741781
1.8622949024295563
1.8509925466669186
1.847587745817726
1.8278227027724772
1.8145029348180728
1.8055780569610693
1.788637970719496
1.7778604131220552
1.773971998020816
1.759921624532441
1.7500547579182384
1.7408038094220564
1.7269142297527673
1.708501716099127
1.6970262190570002
1.7010761500929323
1.6906741127333678
1.6732997528427398
1.6721582395951156
1.653445660915521
1.6380629396194692
1.6371713613000367
1.6187865996299802
1.609287541998012
1.5972928734843994
1.5833065597450031
1.5746931578497143
1.5681816545288887
1.561735354725967
1.5372146867272798
1.5313212251114419
1.5244179857356468
1.5132737813703239
1.4976688592177827
1.487224099886082
1.488965879697019
1.4697500804196233
1.4597648367704943
1.4513764148935333
1.4437962367254145
1.4338337286658909
1.424193897668053
1.4067753791199316
1.4016520805523525
1.3827542847074816
1.3726611568799714
1.3687719157742113
1.3545939057226986
1.340986116920286
1.3367932216285745
1.330477007667122
1.3167706823257534
1.3055007097971103
1.3012954755817228
1.2886485688369294
1.2816884452119812
1.26921434498504
1.2554272249379121
1.2484394772278378
1.23865992440592
1.2246210189426647
1.2253433313516096
1.2071833577759736
1.1968952056087192
1.1884543990235195
1.1782231201296267
1.1749285232380529
1.1568819731855027
1.1473696345410993
1.1453102388802696
1.1342342633877873
1.1187800983028948
1.1141127116235017
1.10301466739696
1.098048182933227
1.0826354301189218
1.0711821595116344
1.0699174506280122
1.0503368514120732
1.045467687613519
1.0432538463331549
1.030061941012702
1.0145627639787582
1.0048472230391734
1.0060204391741692
0.9906705012711723
0.9799749409146321
0.9777946388325118
0.971302699097587
0.9636509378852747
0.9527745534239522
0.9501119211049336
0.9479574395720002
0.9260939423690366
0.9148457703535514
0.9066063552485097
0.9012149765210993
0.8899058041060367
0.881533559059243
0.8715562623022767
0.8635650405188655
0.8560407458211455
0.844725331229627
0.8396357220533254
0.838961885179705
0.8257752836055463
0.8305516801679226
0.7995079410884082
0.8115490709271882
0.8017473516180692
0.7805013536187388
0.779049239461989
0.7697628597011956
0.7626219573228256
0.7577265183181714
0.7469312669066213
0.7443895896377466
0.7392056970035329
0.7278901747120615
0.7191984178236378
0.7155684122572774
0.7121328104792348
0.7032335357516623
0.6883818466797509
0.6868263382436065
0.6732127333007505
0.6744931715986003
0.6693318404276353
0.6603602729642483
0.6552402232309131
0.6432905881224996
0.6424632948225416
0.6349377715221757
0.6255143354158572
0.6214784135865739
0.6119987139159151
0.6110218939421427
0.5980584448789392
0.5965344588012647
0.5864536593599088
0.5796235480043285
0.5754438886404647
0.5740779848278635
0.5691720293572796
0.5726278377768329
0.5586315480720662
0.5420066436462085
0.5523422179967546
0.540231773996597
0.5418812594069239
0.5237974587951779
0.5225556411630358
0.5164506793250818
0.5011142450372886
0.5116322748267742
0.49997044162219745
0.5003950710567977
0.49297940125093437
0.49690909375010245
