1.73
2.084
2.0660000000000003
2.444
2.696
2.992
3.5520000000000005
4.024
4.514
5.032
5.414
6.08
6.258
6.651999999999999
6.986000000000001
7.580000000000001
7.932
8.225999999999999
8.681999999999999
9.154
9.732000000000001
10.082
10.703999999999999
11.108
11.506
12.102
12.518
12.873999999999999
13.468
14.022000000000002
14.096
14.435999999999998
14.97
15.473999999999998
15.76
16.286
16.606
16.76
17.422
17.648
18.504
18.708
18.964
19.64
19.894000000000002
20.192
20.71
21.092
21.364
21.54
21.982
22.322
22.618
22.616
23.094
23.462
24.206
24.413999999999998
24.468
25.137999999999998
25.372
25.796000000000003
25.846000000000004
26.334000000000003
26.746
27.044
27.13
27.622000000000003
27.888
28.016000000000002
28.662
28.838
29.067999999999998
29.408
29.352
30.036
30.287999999999997
30.709999999999997
31.06
31.544
31.604
32.106
32.21
32.528
33.050000000000004
33.050000000000004
33.492
34.08
34.12
34.528
34.89
35.036
35.384
35.744
35.839999999999996
36.376
36.518
36.922
37.025999999999996
37.476
37.704
37.878
38.436
38.7
39.106
39.18
39.46
39.846
40.168
40.482
41.216
41.198
41.586
41.732
42.106
42.262
42.43
43.236000000000004
42.916
43.632
44.062
43.897999999999996
44.14
44.616
45.013999999999996
44.974
45.53
45.73
46.160000000000004
46.278000000000006
46.308
46.544000000000004
46.836
47.3
47.378
47.55
48.342
48.446
48.827999999999996
49.004
49.1
49.553999999999995
49.62
49.586000000000006
50.09400000000001
50.62
50.868
51.102000000000004
51.688
51.514
51.746
52.268
52.32599999999999
52.790000000000006
53.105999999999995
53.396
53.164
53.82599999999999
53.856
54.257999999999996
54.571999999999996
54.83
54.87
55.108000000000004
55.538
55.838
55.838
56.498000000000005
56.75599999999999
56.644000000000005
57.465999999999994
57.496
57.53
57.948
58.242000000000004
58.434
58.565999999999995
58.8
59.06400000000001
59.27
59.663999999999994
59.724
59.952000000000005
60.356
60.678
61.065999999999995
61.358000000000004
61.098
61.897999999999996
62.339999999999996
62.442
62.46000000000001
62.583999999999996
63.00599999999999
62.99400000000001
63.376
63.574
63.9
64.05199999999999
64.684
64.968
65.268
64.976
65.754
65.922
66.036
66.086
66.64999999999999
66.92
67.122
67.008
67.43400000000001
67.916
67.794
68.246
68.526
68.708
69.394
69.22399999999999
69.658
69.714
69.768
70.19800000000001
70.78999999999999
70.794
71.036
71.452
71.744
71.61800000000001
71.87400000000001
72.146
72.16
72.53
72.798
73.10799999999999
73.476
73.46000000000001
73.9
74.088
74.25399999999999
74.842
74.964
75.17399999999999
75.364
75.69
75.374
76.078
75.88000000000001
76.628
76.30799999999999
76.614
77.18199999999999
77.306
77.596
77.656
77.768
78.022
78.218
78.484
78.754
79.134
78.986
78.962
79.502
79.81200000000001
79.97
80.28999999999999
80.196
80.28
80.782
80.65
81.284
81.08800000000001
81.464
81.682
81.926
81.92399999999999
82.136
82.498
82.574
82.798
83.014
83.098
83.07
83.268
83.258
83.674
84.14399999999999
83.884
84.172
84.078
84.61800000000001
84.66799999999999
85.032
85.164
85.004
85.536
85.354
85.578
85.60600000000001
