313.55633997917175
312.34907722473145
312.2987160682678
312.3013117313385
312.4186534881592
312.51515436172485
312.07281017303467
317.66111516952515
312.4718437194824
312.26838278770447
312.3322424888611
312.3366074562073
312.0857148170471
315.36740827560425
312.48030066490173
312.34163641929626
312.43129229545593
312.51800537109375
312.3811728954315
312.2507266998291
312.38710951805115
311.99163937568665
312.1530065536499
312.0837023258209
312.07367181777954
312.05491304397583
312.169456243515
312.09760785102844
312.10768604278564
312.4811763763428
312.40074372291565
312.2219047546387
312.4799499511719
312.4277710914612
312.05764269828796
312.3178322315216
312.16490507125854
312.0912227630615
312.074547290802
312.08706521987915
312.0147376060486
312.1624608039856
312.04129672050476
312.13330912590027
312.0762972831726
312.03792095184326
312.18325185775757
312.13131523132324
312.2401945590973
312.3233060836792
312.1223850250244
312.2939088344574
312.16807413101196
311.97539162635803
312.27598118782043
312.13344740867615
312.11322021484375
312.1733469963074
312.1232306957245
312.2609393596649
312.4420557022095
312.1242325305939
312.0907256603241
312.2340729236603
312.2132635116577
312.0988812446594
358.961012840271
361.81078910827637
360.9442856311798
360.3432288169861
358.6544551849365
360.0385756492615
360.2112536430359
362.09046816825867
359.46082520484924
359.43212389945984
360.7292306423187
361.78614044189453
362.55246138572693
349.22211503982544
312.4854836463928
312.23184514045715
312.1223192214966
312.31996846199036
312.23892188072205
312.22204661369324
312.293892621994
312.2429540157318
312.17714619636536
338.1236879825592
359.156049489975
351.86602997779846
313.64677453041077
313.96409273147583
315.0319585800171
313.1617112159729
312.06769275665283
312.5938501358032
312.29788970947266
312.46112513542175
312.65713119506836
312.21528935432434
312.22626399993896
312.0212576389313
312.0704655647278
312.11283826828003
312.1374704837799
312.180570602417
312.2124261856079
312.2532651424408
312.12619638442993
312.20094442367554
312.5131130218506
312.1984705924988
312.32340145111084
312.4436593055725
312.18239998817444
312.15357995033264
311.99432706832886
311.911292552948
311.9999315738678
312.4996497631073
312.43279814720154
312.14738631248474
312.3827030658722
312.34272742271423
312.12699460983276
312.24482250213623
316.81733107566833
312.3475511074066
312.5662295818329
312.3884508609772
312.4170401096344
312.4961693286896
312.1550612449646
312.11548686027527
312.23959398269653
312.22092032432556
312.0553705692291
312.09205412864685
312.10024762153625
312.0019326210022
312.0413088798523
312.20037508010864
312.22864603996277
312.1331398487091
312.14006996154785
312.05271911621094
312.16155767440796
312.11396169662476
312.1133186817169
312.15549182891846
312.13207387924194
312.13050413131714
312.1190459728241
312.2002031803131
312.1056315898895
312.234982252121
312.0824017524719
312.07110500335693
312.07704877853394
312.49945402145386
312.22756576538086
312.0938048362732
312.10057067871094
312.044730424881
312.043984413147
312.198037147522
312.2157893180847
311.9260923862457
312.1849834918976
312.1734838485718
312.2324016094208
312.1449148654938
312.1469929218292
312.0986313819885
312.24007630348206
312.05804443359375
312.0954442024231
312.15785336494446
312.25410437583923
312.06969261169434
312.02214193344116
312.15503787994385
312.1209964752197
312.1080536842346
312.1228485107422
311.893292427063
311.9662401676178
312.38722372055054
312.07234144210815
312.1811854839325
312.14165925979614
312.03257036209106
312.1736264228821
312.17721605300903
312.06079292297363
312.1058225631714
312.16174602508545
312.2174997329712
312.1094753742218
312.13355135917664
312.0974955558777
311.99743270874023
312.1811189651489
313.03801560401917
312.0318684577942
312.2683787345886
312.13846015930176
311.97688126564026
312.1893877983093
312.2448468208313
311.982816696167
312.29985189437866
312.1065421104431
311.9777386188507
312.25660157203674
312.2807023525238
311.96276664733887
312.15007400512695
312.12008571624756
312.07649087905884
312.1389329433441
312.2350833415985
312.0459575653076
312.0269877910614
312.2237901687622
312.00007462501526
312.21070289611816
312.37190413475037
312.0678241252899
312.1540229320526
312.19773864746094
312.07264280319214
312.2126340866089
312.2758946418762
311.95368003845215
312.0529682636261
312.09571838378906
312.06747579574585
312.03533267974854
312.2430646419525
312.060546875
312.1290383338928
333.33890771865845
361.8191409111023
362.2075717449188
361.34448313713074
362.3913254737854
362.65756583213806
365.36464858055115
366.1177637577057
365.1119112968445
363.18965005874634
362.17655181884766
362.88854813575745
362.38201689720154
362.205664396286
360.42952013015747
361.39735198020935
362.9926881790161
363.8112199306488
361.44493532180786
361.69352650642395
362.4183268547058
363.66815161705017
363.7474522590637
363.26143980026245
363.300390958786
360.47960329055786
363.01813650131226
361.63470578193665
362.2127022743225
360.76214027404785
362.8954367637634
361.22579526901245
361.87256932258606
360.15119647979736
361.90959644317627
361.46389603614807
362.8554582595825
362.99969363212585
362.26841855049133
360.79916048049927
353.64446353912354
361.10407042503357
361.2322165966034
359.25896167755127
312.68613362312317
312.5475525856018
312.563218832016
312.54580307006836
312.20067834854126
312.4652397632599
312.37618374824524
312.1733994483948
312.25447726249695
312.3354911804199
314.4017951488495
317.48866152763367
