4.6341400146484375
4.529880523681641
4.5273966789245605
4.574623107910156
4.632484436035156
4.551945686340332
4.567916393280029
4.593944072723389
4.576117038726807
4.539943695068359
4.515129089355469
4.594706058502197
4.531167984008789
4.575395107269287
4.4976277351379395
4.522111892700195
4.598323345184326
4.560583591461182
4.618947982788086
4.554124355316162
4.499133586883545
4.545420169830322
4.5368781089782715
4.518202781677246
4.487021446228027
4.458860397338867
4.53746223449707
4.464184284210205
4.488051414489746
4.529926300048828
4.501560688018799
4.395138263702393
4.4710493087768555
4.486690998077393
4.425168514251709
4.447372913360596
4.479825019836426
4.489560127258301
4.4017133712768555
4.381624698638916
4.502734661102295
4.233207702636719
4.34014892578125
4.465250015258789
4.382602691650391
4.4023895263671875
4.33297061920166
4.345111846923828
4.398953914642334
4.344191551208496
4.283946990966797
4.334571838378906
4.225030899047852
4.43287467956543
4.271162986755371
4.280684471130371
4.250862121582031
4.156564235687256
4.213490962982178
4.229315280914307
4.363000869750977
4.279965877532959
4.229434967041016
4.429147720336914
4.248721122741699
4.278179168701172
4.234772205352783
4.213672161102295
4.218835353851318
4.180401802062988
4.276942729949951
4.210231781005859
4.047543525695801
4.172910690307617
4.1887526512146
4.022647380828857
4.167248249053955
4.469583988189697
4.399784564971924
4.276371955871582
4.205713272094727
4.103256702423096
4.0426716804504395
4.263564109802246
4.085934638977051
4.088875770568848
4.038008689880371
4.031978607177734
4.288741111755371
3.9330453872680664
4.110146522521973
4.167477130889893
4.2931976318359375
4.1192097663879395
3.883551597595215
4.1849493980407715
4.025676250457764
4.1583075523376465
4.049567222595215
3.8964943885803223
4.08111572265625
4.338742256164551
4.2060041427612305
4.195394992828369
4.001628398895264
4.035739898681641
4.198574066162109
3.9924159049987793
3.935915470123291
3.914149761199951
4.196455955505371
3.948767900466919
3.9258768558502197
4.129133701324463
4.053179740905762
3.978837251663208
3.81017804145813
4.052225589752197
3.8098514080047607
3.808983087539673
4.080678462982178
3.879746913909912
3.871504306793213
3.8575572967529297
4.178623199462891
3.959177255630493
3.971224546432495
4.09619665145874
3.7618801593780518
3.7853708267211914
3.9488723278045654
4.067404747009277
3.853708505630493
3.848860263824463
3.7665863037109375
3.814303398132324
3.798020362854004
4.0660719871521
4.063742160797119
3.8104469776153564
3.8657705783843994
3.7199454307556152
4.003173828125
3.8795111179351807
3.8688580989837646
3.6602909564971924
3.6978607177734375
3.6272668838500977
4.0294342041015625
3.6804676055908203
3.7590250968933105
3.7995922565460205
3.6981701850891113
3.7614669799804688
3.8207898139953613
3.72326397895813
3.726311683654785
3.80336594581604
3.989262580871582
3.844130754470825
3.7386159896850586
3.810004472732544
3.788494110107422
3.8136489391326904
3.905546188354492
3.93692946434021
3.765345573425293
3.6691155433654785
3.946833610534668
3.8682007789611816
3.562089204788208
3.7095065116882324
3.8753271102905273
3.7601029872894287
3.5147597789764404
3.669377088546753
3.6247165203094482
3.6993982791900635
3.781461238861084
3.6550066471099854
3.8168296813964844
3.8298439979553223
3.6620988845825195
3.6485519409179688
3.646153211593628
3.598320960998535
3.723694086074829
3.7532777786254883
3.6495277881622314
3.618581533432007
3.5641582012176514
3.6089982986450195
3.7661290168762207
3.6938822269439697
3.7856030464172363
3.594454765319824
3.5744285583496094
3.9997260570526123
3.7107672691345215
3.8604021072387695
3.727897882461548
3.660456895828247
3.841477394104004
3.5594873428344727
3.6793594360351562
3.7762837409973145
3.70458722114563
3.719555377960205
3.6410179138183594
3.557438373565674
3.3851943016052246
3.6440932750701904
3.5733237266540527
3.805375576019287
3.660473108291626
3.6310479640960693
3.5987884998321533
3.5144078731536865
3.509918212890625
3.454713821411133
3.569607734680176
3.755908250808716
3.550140857696533
3.4713122844696045
3.4390945434570312
3.638075590133667
3.564992904663086
3.413398265838623
3.54367733001709
3.4675769805908203
3.512850522994995
3.3443424701690674
3.375795841217041
3.526777982711792
3.488892078399658
3.6592020988464355
3.4983108043670654
3.4339866638183594
3.5574309825897217
3.511927366256714
3.50679349899292
3.507856845855713
3.408257484436035
3.242119073867798
3.4270071983337402
3.7858989238739014
3.535068988800049
3.319626569747925
3.414583921432495
3.3380239009857178
3.48134183883667
3.388136863708496
3.176957845687866
3.4734995365142822
3.5006425380706787
3.5400686264038086
3.803802013397217
3.594910144805908
3.263392448425293
3.419218063354492
3.4346282482147217
3.401421546936035
3.426156759262085
3.523148536682129
3.2617416381835938
3.200620174407959
3.5923385620117188
3.437228202819824
3.292438507080078
3.3541839122772217
3.496784210205078
3.5387747287750244
3.1760196685791016
3.2536096572875977
3.0507209300994873
3.1854145526885986
3.6331613063812256
3.7793824672698975
3.18324613571167
3.452288866043091
3.1752893924713135
3.3598830699920654
3.377750873565674
3.2159745693206787
3.088371753692627
3.271987199783325
3.3320555686950684
3.6584134101867676
3.4021098613739014
3.2046163082122803
3.5288453102111816
3.503594160079956
3.4025115966796875
3.149501323699951
3.306701898574829
3.175330638885498
3.657123565673828
3.0482914447784424
3.4483261108398438
3.3907501697540283
3.1560723781585693
3.2529525756835938
3.182642698287964
3.2669644355773926
3.043426752090454
3.247866630554199
3.5019872188568115
3.154695510864258
3.4722402095794678
3.4410297870635986
2.9858672618865967
3.1776282787323
3.3422062397003174
3.1233978271484375
3.2431139945983887
2.886728048324585
3.0775725841522217
3.2887558937072754
3.044358730316162
3.404367685317993
3.1906821727752686
3.216913938522339
3.095391273498535
2.9559037685394287
3.2331364154815674
3.1130900382995605
3.243204116821289
3.3363451957702637
2.959395408630371
3.2855145931243896
3.1131677627563477
2.82541561126709
3.1657321453094482
3.036782741546631
3.2019150257110596
3.24898099899292
3.2018957138061523
2.895275354385376
3.1703715324401855
3.198131799697876
3.482118844985962
3.289238214492798
3.379319906234741
2.938305616378784
3.2158336639404297
3.0345120429992676
3.002852201461792
2.88986873626709
2.8227405548095703
3.1571197509765625
3.0513267517089844
2.962721109390259
3.171288013458252
3.213437557220459
3.642246723175049
3.3385770320892334
3.150643825531006
3.407921552658081
2.9981722831726074
3.5349009037017822
2.943368434906006
3.0738065242767334
3.132894992828369
3.025448799133301
3.20613431930542
3.3860349655151367
3.3055458068847656
3.2653653621673584
3.0237154960632324
3.072561740875244
3.1412353515625
3.1099274158477783
2.8126184940338135
3.0892388820648193
2.916287422180176
2.8973581790924072
3.005291223526001
3.0560412406921387
3.195896625518799
2.9805784225463867
3.450361728668213
3.042553663253784
2.85892391204834
3.242610216140747
2.7819182872772217
3.00862193107605
3.2446484565734863
3.4610166549682617
3.146449327468872
3.092245101928711
3.1803765296936035
3.0715177059173584
2.8171372413635254
3.1575279235839844
2.87103533744812
3.338240385055542
3.13625168800354
2.980842351913452
3.135996103286743
3.032092571258545
3.068464994430542
3.4962122440338135
3.319547653198242
2.8437931537628174
3.202322483062744
3.3094358444213867
3.131316661834717
2.6853253841400146
2.9315052032470703
2.8074593544006348
3.272784948348999
3.0303666591644287
2.920945405960083
2.8049910068511963
3.0381524562835693
3.0107808113098145
3.120969533920288
3.1864309310913086
2.9939842224121094
3.043721914291382
2.470257520675659
2.6812233924865723
3.217801809310913
3.100862741470337
2.9523813724517822
2.9280643463134766
3.129998207092285
2.7781641483306885
3.0392580032348633
2.949627161026001
2.942589044570923
2.9809622764587402
3.1047489643096924
3.1888418197631836
2.8903088569641113
3.2685229778289795
2.962780475616455
3.0474069118499756
2.832742214202881
2.985818386077881
2.858652114868164
3.0789055824279785
3.021583318710327
3.182227611541748
2.8171210289001465
2.52527117729187
2.9141833782196045
2.9055099487304688
2.6982831954956055
3.077373504638672
3.0025460720062256
2.8379204273223877
2.8370275497436523
2.873674154281616
2.8842573165893555
2.883631706237793
3.0279903411865234
3.2646703720092773
2.7184739112854004
2.992548704147339
2.7592198848724365
2.919797658920288
2.865076780319214
3.0755410194396973
3.0531954765319824
2.9018144607543945
2.910895347595215
2.9924211502075195
2.949024200439453
2.886920213699341
2.9284183979034424
2.776498317718506
2.8767008781433105
2.896794319152832
2.9680473804473877
2.5815181732177734
2.6941535472869873
2.863811492919922
3.246967077255249
2.999796152114868
3.0773634910583496
2.7303898334503174
2.7419795989990234
2.8711225986480713
2.9178237915039062
3.161621570587158
2.889505386352539
2.864058494567871
3.0727880001068115
2.530672073364258
2.630345106124878
2.764403820037842
3.019258975982666
2.5196526050567627
2.8119704723358154
2.5801398754119873
2.853550672531128
2.89351749420166
2.9434990882873535
2.7386350631713867
2.6412079334259033
3.019145965576172
2.627295732498169
2.891784191131592
3.1842572689056396
3.0602450370788574
2.452380418777466
2.8443474769592285
2.8411366939544678
2.968963623046875
3.284289598464966
2.8180294036865234
2.3162031173706055
2.7951972484588623
2.8936614990234375
2.9390363693237305
2.897040605545044
2.5646824836730957
2.8813400268554688
2.8212902545928955
2.921527147293091
2.530905246734619
2.690483570098877
2.761636972427368
2.844494342803955
2.8607115745544434
2.7519419193267822
2.6861000061035156
2.7266762256622314
2.9526445865631104
2.3619649410247803
2.63049054145813
3.2186553478240967
2.713063955307007
2.651120901107788
2.4369325637817383
2.5487663745880127
2.6941373348236084
2.437501907348633
2.603865623474121
2.829019784927368
2.706727981567383
2.335183620452881
2.965266704559326
3.036550283432007
2.863795518875122
3.0056114196777344
2.2825424671173096
3.0901715755462646
2.0721182823181152
2.642110824584961
2.5987701416015625
2.365407705307007
2.8055779933929443
2.6650402545928955
2.45308518409729
2.8009772300720215
2.503587245941162
3.0200700759887695
2.8583428859710693
2.7871782779693604
2.6098737716674805
2.56921124458313
2.603447675704956
2.8419928550720215
2.590373992919922
2.679270029067993
2.5484626293182373
2.9780824184417725
2.8468680381774902
2.4603006839752197
2.8914334774017334
2.6108808517456055
2.6490578651428223
2.434756278991699
2.8328988552093506
2.6210684776306152
2.6199491024017334
2.819464683532715
2.8305933475494385
2.5691630840301514
2.529874324798584
2.4778356552124023
2.857100486755371
2.7054357528686523
2.6243715286254883
2.8491573333740234
2.7892377376556396
2.8984615802764893
2.4050660133361816
2.2772598266601562
2.974752187728882
3.0025970935821533
2.599276304244995
2.93904447555542
2.8328468799591064
2.7304513454437256
2.4912033081054688
2.665286064147949
2.5374739170074463
2.7072768211364746
2.7311341762542725
2.4916462898254395
2.4684810638427734
2.739483118057251
2.4876952171325684
2.729114055633545
2.971189498901367
2.5859127044677734
2.5717568397521973
2.511698007583618
2.856410264968872
2.7305171489715576
2.302922487258911
2.4093799591064453
2.4369893074035645
2.4397878646850586
2.451472282409668
2.713554620742798
2.379220724105835
2.196866512298584
2.506269693374634
2.654660940170288
2.4723472595214844
2.33498477935791
3.026012897491455
2.5435421466827393
2.3424429893493652
2.4391098022460938
2.836629629135132
2.6876466274261475
2.2722537517547607
2.391672134399414
2.256484031677246
2.8876194953918457
2.6831865310668945
2.231260061264038
2.915778636932373
2.4918792247772217
2.4682457447052
2.50955867767334
2.3388543128967285
2.7277331352233887
2.5553410053253174
2.4822018146514893
2.497892141342163
2.627362012863159
2.323374032974243
2.71187686920166
2.505347728729248
2.614201307296753
2.408858299255371
2.396183729171753
2.393961191177368
2.399488687515259
2.5816845893859863
2.4844958782196045
2.405205488204956
2.4007861614227295
2.4895832538604736
2.3317227363586426
1.9671846628189087
2.4500627517700195
2.787951707839966
2.490574359893799
2.6020514965057373
2.213803291320801
2.570465326309204
2.340993642807007
2.5463509559631348
2.386744260787964
2.711855888366699
2.223935127258301
2.8686838150024414
2.5362792015075684
2.365999937057495
2.564279794692993
2.3943824768066406
2.2827489376068115
2.8291447162628174
2.602550745010376
2.53049635887146
2.01493501663208
2.043858051300049
2.6837446689605713
2.508147716522217
2.3154985904693604
2.539614200592041
2.7166435718536377
2.6067285537719727
2.7948122024536133
2.3251357078552246
2.3550171852111816
2.6242623329162598
2.3469607830047607
2.428534984588623
2.374699115753174
2.3821630477905273
2.3679137229919434
2.250548839569092
2.3032515048980713
2.1155104637145996
2.3073089122772217
2.337519645690918
2.1673645973205566
2.1565914154052734
2.4281208515167236
2.402609348297119
2.3736953735351562
2.5236318111419678
1.7555218935012817
2.139702796936035
2.5316035747528076
1.932329773902893
2.3801331520080566
2.4875941276550293
2.536397695541382
2.5115530490875244
2.612638473510742
2.7082343101501465
2.485746145248413
2.301723003387451
2.669279098510742
2.626600980758667
2.131993532180786
2.4027042388916016
2.4180283546447754
2.5995543003082275
2.674008846282959
2.231299638748169
2.383352518081665
2.5133137702941895
2.159050464630127
2.241973876953125
2.4237430095672607
2.5404772758483887
2.8358020782470703
1.8551265001296997
2.7143869400024414
2.3448314666748047
2.443533182144165
2.2077372074127197
2.0885379314422607
2.574373245239258
2.1328210830688477
2.373600482940674
2.356154680252075
2.3911430835723877
2.0600037574768066
2.705876350402832
2.0852415561676025
2.2568013668060303
2.5184519290924072
2.3948988914489746
2.39143967628479
1.9326595067977905
1.9971749782562256
1.9443694353103638
2.166195869445801
1.90142822265625
2.3945536613464355
2.620392084121704
2.603868246078491
2.4185245037078857
2.2700929641723633
2.289231061935425
2.289020538330078
2.053441286087036
1.9596256017684937
2.3498404026031494
2.2215099334716797
2.1908977031707764
2.1805710792541504
2.217514991760254
2.308218002319336
2.3723175525665283
2.234048366546631
2.0571372509002686
2.1156420707702637
2.2650856971740723
2.357625961303711
2.020125150680542
2.006622314453125
2.1751978397369385
2.2458949089050293
2.016951322555542
2.3987746238708496
2.078810691833496
2.0285210609436035
2.4051992893218994
2.228301525115967
1.9473304748535156
2.168015718460083
2.3012776374816895
2.0140950679779053
2.4104833602905273
1.990816354751587
2.4793813228607178
2.3042898178100586
2.295389413833618
2.284174680709839
2.1315834522247314
2.0522921085357666
2.198275566101074
2.0851526260375977
2.3601202964782715
2.0915403366088867
2.063636064529419
2.2089569568634033
2.280813455581665
2.2148518562316895
1.770095944404602
2.29571270942688
2.0851659774780273
2.5154526233673096
2.009455680847168
2.169525146484375
2.3583102226257324
2.291677236557007
2.200575828552246
2.607666492462158
2.219268798828125
2.185546636581421
1.9440910816192627
2.0173473358154297
1.9007506370544434
1.8192946910858154
2.2198925018310547
1.8611739873886108
2.042433500289917
2.2309701442718506
1.9803721904754639
2.2476308345794678
1.76821768283844
1.8012734651565552
2.403876781463623
2.3300204277038574
1.8469874858856201
2.138674020767212
2.571969985961914
2.4178555011749268
1.9970543384552002
1.8115389347076416
2.3262667655944824
1.6567566394805908
2.1334497928619385
1.9188262224197388
2.2314465045928955
2.2659969329833984
2.467571258544922
2.0504841804504395
2.0687477588653564
2.0519988536834717
2.0216822624206543
1.7714852094650269
2.0944533348083496
2.368899345397949
2.0251824855804443
1.9806199073791504
1.9731110334396362
2.266126871109009
1.991740107536316
1.553019404411316
2.267629623413086
2.0009758472442627
2.360860586166382
2.3610332012176514
1.9588403701782227
2.0369343757629395
2.0851094722747803
2.1276278495788574
2.0911827087402344
2.229933738708496
1.9914416074752808
2.0457730293273926
2.2843916416168213
1.8793773651123047
1.8333046436309814
2.226557731628418
2.0499091148376465
2.0191709995269775
2.200073480606079
1.702654480934143
2.0641865730285645
1.6866589784622192
1.7251681089401245
1.9829274415969849
1.8435312509536743
1.9726717472076416
1.9658973217010498
1.8110827207565308
1.935678243637085
1.884676456451416
1.8471237421035767
1.6177785396575928
2.22055983543396
1.996397852897644
1.9899159669876099
1.5979300737380981
1.9592994451522827
1.977454662322998
2.144336223602295
2.4935271739959717
1.9649266004562378
2.219926595687866
1.8032574653625488
2.077263593673706
2.1642062664031982
2.070054531097412
1.9823938608169556
1.814827561378479
2.0900866985321045
2.321906566619873
2.0369765758514404
2.0966897010803223
2.2022922039031982
1.9703025817871094
1.791153073310852
1.7255364656448364
1.7976884841918945
2.1671411991119385
1.5855202674865723
2.130502223968506
1.7392175197601318
1.9099878072738647
1.815737247467041
2.0977272987365723
1.8414478302001953
2.1226799488067627
2.688257932662964
2.0028011798858643
2.297171115875244
1.956719994544983
1.7509486675262451
1.9046982526779175
1.8893791437149048
2.1159400939941406
1.6521012783050537
2.067937135696411
1.8606374263763428
1.9527792930603027
2.1013784408569336
1.6386417150497437
2.079179525375366
2.0659916400909424
2.01662540435791
1.7046639919281006
1.985130786895752
1.9182093143463135
1.763634204864502
2.2882957458496094
1.8701074123382568
1.945788860321045
1.7024331092834473
1.8493086099624634
1.9016579389572144
1.8598573207855225
1.8967105150222778
2.0920679569244385
1.708771824836731
1.7461143732070923
1.8801063299179077
1.6750397682189941
1.5359296798706055
2.056591510772705
2.173767328262329
1.8269824981689453
1.8807963132858276
2.2284114360809326
1.4837130308151245
2.241257905960083
1.8325012922286987
1.7582539319992065
1.7473578453063965
1.7921119928359985
1.8846384286880493
2.1058411598205566
2.079357624053955
1.952694058418274
1.4043796062469482
2.0413527488708496
1.5486732721328735
1.9090195894241333
1.7681468725204468
1.4798691272735596
2.010225296020508
1.7141436338424683
1.5575525760650635
1.5340055227279663
1.760324478149414
1.66371488571167
1.9405490159988403
1.755660891532898
1.865036129951477
1.6212356090545654
1.8422212600708008
1.474590539932251
1.81487238407135
2.2227070331573486
2.1818301677703857
1.8968497514724731
1.7037887573242188
2.337341547012329
1.806156039237976
1.577266812324524
1.7645477056503296
1.8764257431030273
1.7959822416305542
1.8510072231292725
2.0585744380950928
1.938859462738037
1.6636556386947632
2.0805130004882812
1.7032517194747925
1.637434720993042
1.8140814304351807
1.9046093225479126
1.936571478843689
1.615831971168518
1.7528349161148071
1.934457778930664
1.9910461902618408
1.991260051727295
2.099656820297241
1.8923383951187134
1.582913875579834
1.574196219444275
1.617002248764038
2.2230687141418457
1.3991881608963013
2.023616313934326
1.9073373079299927
1.9369064569473267
1.6266801357269287
1.708509922027588
1.7506860494613647
1.8600542545318604
1.7956510782241821
2.0673952102661133
1.9078421592712402
2.0574357509613037
1.704264760017395
1.5055238008499146
1.33045494556427
1.7317951917648315
1.996572732925415
1.4313349723815918
1.4499894380569458
1.4789092540740967
1.8371268510818481
1.7677628993988037
1.85555100440979
1.5579200983047485
2.1287269592285156
1.663993000984192
1.6886204481124878
1.5917184352874756
1.9307441711425781
1.7833844423294067
1.571920394897461
1.5672292709350586
1.9745304584503174
1.595409631729126
1.8928179740905762
1.3672029972076416
1.6854333877563477
1.7282558679580688
1.5281175374984741
1.458796501159668
1.7241010665893555
1.7196205854415894
1.4694185256958008
1.2967277765274048
1.8996412754058838
1.9887648820877075
1.6732280254364014
1.5367485284805298
1.6171069145202637
1.509615421295166
1.6750695705413818
1.865571141242981
1.635908842086792
1.7442163228988647
1.6534076929092407
1.7943854331970215
1.4539897441864014
1.8404879570007324
1.5919158458709717
1.928059458732605
1.822987675666809
1.5930451154708862
1.9930094480514526
1.7586091756820679
1.4531627893447876
1.688349723815918
1.585945725440979
1.912315845489502
1.8129490613937378
1.7734936475753784
2.046635627746582
1.9233490228652954
1.72176992893219
1.6515897512435913
1.8356893062591553
1.4524571895599365
1.653859257698059
2.004427671432495
1.6708800792694092
1.641734004020691
1.5315525531768799
1.7262572050094604
1.3892301321029663
1.3318636417388916
1.5076459646224976
1.7523527145385742
1.5853296518325806
2.47566556930542
1.9995962381362915
1.5409066677093506
1.5916268825531006
1.306288719177246
1.4373066425323486
1.6487410068511963
1.5164610147476196
1.80410897731781
1.8025259971618652
1.6055647134780884
1.740696668624878
1.396461844444275
1.4299043416976929
1.4210567474365234
1.3748334646224976
1.5224624872207642
1.9258646965026855
1.5256415605545044
1.7447174787521362
1.6130790710449219
1.6764618158340454
1.5435402393341064
1.533488154411316
1.4688951969146729
2.0274479389190674
1.6853653192520142
1.6315947771072388
1.8436883687973022
1.5918418169021606
1.3309671878814697
1.6935038566589355
1.6360079050064087
1.7079828977584839
1.653719186782837
1.4908287525177002
1.6498606204986572
1.8731142282485962
1.8192232847213745
1.3396406173706055
1.9348647594451904
1.5072762966156006
1.6883057355880737
1.490034818649292
1.310561180114746
1.828778862953186
1.5046882629394531
1.2011804580688477
1.6628241539001465
1.5193138122558594
1.7351738214492798
1.802623987197876
1.745895266532898
1.706489086151123
1.41094970703125
1.4193943738937378
1.6728243827819824
1.5358346700668335
1.452155590057373
1.6959329843521118
1.5098152160644531
1.321502447128296
1.2298609018325806
1.6287147998809814
1.4131269454956055
1.7639979124069214
1.396856427192688
1.4487831592559814
1.5211902856826782
1.371050238609314
1.7446247339248657
1.5861244201660156
1.3132725954055786
1.5178231000900269
1.2427570819854736
1.658750295639038
1.2160544395446777
1.5800153017044067
1.3404117822647095
1.3585585355758667
1.5035732984542847
1.7445799112319946
1.5700571537017822
1.1952581405639648
1.848757028579712
1.4475842714309692
1.4989820718765259
1.6228888034820557
1.5896456241607666
1.337577223777771
1.6219245195388794
1.5336065292358398
1.3027276992797852
1.5360500812530518
1.6397981643676758
1.296032428741455
1.7879568338394165
1.3327240943908691
1.2876203060150146
1.4840248823165894
1.6926460266113281
1.3868436813354492
1.9925754070281982
1.6771514415740967
1.6396589279174805
1.3899356126785278
1.4938162565231323
1.6366474628448486
1.6510716676712036
1.2327051162719727
1.4431160688400269
1.3221452236175537
1.4660885334014893
1.0460593700408936
1.4827783107757568
1.543381929397583
1.2910469770431519
1.556693434715271
1.525678038597107
1.2228063344955444
1.6286402940750122
1.4148701429367065
1.3593162298202515
1.4366652965545654
1.4660365581512451
1.6945823431015015
1.559781551361084
2.158571720123291
1.4406328201293945
1.898935317993164
1.5300742387771606
1.3107913732528687
1.522578239440918
1.8600882291793823
1.4104011058807373
1.79573392868042
1.2902476787567139
1.7567559480667114
1.2541252374649048
1.522905945777893
1.4087713956832886
1.3098065853118896
1.276390552520752
1.5690901279449463
1.459773063659668
1.4770379066467285
1.1762676239013672
1.0230977535247803
1.4225151538848877
1.19649076461792
1.5870972871780396
1.3349955081939697
1.366847276687622
1.468308687210083
1.3419421911239624
1.6125901937484741
1.3367959260940552
1.5648220777511597
1.334284782409668
1.4926776885986328
1.0894020795822144
1.4335458278656006
1.4187099933624268
1.1958632469177246
1.66898512840271
1.2318862676620483
1.8122293949127197
1.3611963987350464
1.5232142210006714
1.2141350507736206
1.3891711235046387
1.4719890356063843
1.177404761314392
1.329109787940979
1.6072536706924438
1.5921894311904907
1.6616432666778564
1.2326626777648926
1.248108148574829
1.468686580657959
1.7773878574371338
1.5083056688308716
1.4356099367141724
1.4624751806259155
1.2905213832855225
1.4801335334777832
1.3525725603103638
1.532578706741333
1.023342490196228
1.0578714609146118
1.0891042947769165
1.1678552627563477
1.2518881559371948
1.2777355909347534
1.12944495677948
1.1355085372924805
1.1836735010147095
1.5232645273208618
1.1959564685821533
1.1519824266433716
1.3087118864059448
1.2826154232025146
1.2386308908462524
1.1860039234161377
1.4604482650756836
1.5079492330551147
1.33203125
1.0655361413955688
1.2557601928710938
1.124735951423645
1.3576185703277588
1.5846997499465942
1.4993616342544556
1.3545151948928833
1.3103333711624146
1.3269566297531128
1.456451654434204
1.1747238636016846
1.5725473165512085
0.9319764971733093
1.2252705097198486
1.4915858507156372
1.0734142065048218
1.6330609321594238
1.0964219570159912
0.9281936883926392
1.2362761497497559
1.3151856660842896
1.5847954750061035
0.9217960238456726
1.42220139503479
1.5074266195297241
1.1820563077926636
1.4183586835861206
1.1499210596084595
1.262497067451477
1.5319381952285767
1.1422768831253052
1.3439326286315918
1.409184455871582
1.2667360305786133
1.13058340549469
1.5907009840011597
1.3007187843322754
1.1482713222503662
1.2669847011566162
1.486095905303955
1.7585391998291016
1.5011662244796753
1.548097014427185
1.5396065711975098
1.0781100988388062
1.0577963590621948
0.9894208312034607
1.3292254209518433
1.3283063173294067
1.1382101774215698
1.0521211624145508
1.1694449186325073
1.36933171749115
1.1334158182144165
1.2483882904052734
1.329765796661377
1.2542752027511597
1.326159954071045
1.443448781967163
1.2805876731872559
1.2767448425292969
1.0325528383255005
1.3787662982940674
1.2843984365463257
1.122180700302124
1.3022878170013428
1.4366015195846558
1.6799390316009521
1.2455438375473022
1.218571662902832
1.2108083963394165
1.3184233903884888
1.5058708190917969
1.3395137786865234
1.2009618282318115
0.8019039630889893
1.300378441810608
1.104307770729065
1.0611454248428345
1.1999226808547974
1.247360110282898
1.2427502870559692
1.3589792251586914
1.2549338340759277
1.509765625
0.9978212714195251
1.0654362440109253
1.1667850017547607
1.2238354682922363
1.2253844738006592
1.3733328580856323
1.3609956502914429
1.1193389892578125
1.335483193397522
1.166929841041565
1.0430338382720947
0.8463959693908691
1.287687063217163
0.8959662914276123
1.3152512311935425
1.046181321144104
1.2192738056182861
1.149328589439392
0.8235313296318054
1.4773691892623901
0.7924257516860962
1.1619658470153809
1.0998492240905762
1.311280608177185
1.1444329023361206
1.1979068517684937
1.3507237434387207
1.2735750675201416
1.253745436668396
1.2373089790344238
1.0559816360473633
1.5714499950408936
1.5291870832443237
1.0569145679473877
1.0352078676223755
1.2907681465148926
1.2672080993652344
1.0421401262283325
0.7792800068855286
1.0278321504592896
1.8690162897109985
1.1243488788604736
1.1955647468566895
1.0118036270141602
1.3940551280975342
1.058380126953125
1.240862488746643
1.0065937042236328
1.1952455043792725
1.1296875476837158
1.0945912599563599
0.9041849374771118
1.2780671119689941
1.23298978805542
0.9713119864463806
1.1304556131362915
1.1932010650634766
1.0980218648910522
1.2374377250671387
1.1410313844680786
1.1123723983764648
1.0691146850585938
0.7870522141456604
0.901316225528717
0.9845170974731445
1.2222641706466675
1.0735169649124146
1.35702645778656
1.2925242185592651
1.133341908454895
1.1479133367538452
0.9957159161567688
1.1235523223876953
1.1761473417282104
1.1204771995544434
0.8024665117263794
1.3550111055374146
1.3005372285842896
1.2876089811325073
1.3541722297668457
1.4150911569595337
0.9771655201911926
1.0379772186279297
1.1245685815811157
1.0998125076293945
1.1633057594299316
1.3414204120635986
1.0499286651611328
1.2867505550384521
0.9736414551734924
1.1607646942138672
1.1642444133758545
0.8465317487716675
0.9818258881568909
1.3489041328430176
1.1466349363327026
1.0568877458572388
0.9541520476341248
1.0426069498062134
1.0003818273544312
0.9228143692016602
1.2476924657821655
1.3165528774261475
1.232366681098938
0.934097945690155
1.0977643728256226
1.0675970315933228
1.181772232055664
1.39507257938385
1.0899100303649902
0.8297811150550842
0.9965700507164001
1.2974804639816284
1.0387182235717773
1.3156298398971558
1.046120285987854
1.4926563501358032
1.1476640701293945
1.2340238094329834
1.0527925491333008
1.0320876836776733
1.198050618171692
1.1543457508087158
1.0804340839385986
0.9600057601928711
0.9551310539245605
1.2126647233963013
1.1752115488052368
0.8844420313835144
1.2319471836090088
0.9565351009368896
1.1851001977920532
1.086460828781128
1.010259985923767
0.9562321305274963
1.1884299516677856
0.9224573373794556
0.8054710030555725
0.8528000116348267
0.8366137742996216
1.1188743114471436
0.7736936211585999
0.9299630522727966
1.171733021736145
0.9693540930747986
1.4170995950698853
1.0759950876235962
1.0914380550384521
1.3310136795043945
0.9392042756080627
0.9150494337081909
0.8298860192298889
1.1644644737243652
1.3742403984069824
0.819648265838623
1.2163026332855225
1.008158564567566
1.0848126411437988
1.0589345693588257
1.1768542528152466
1.1248799562454224
1.1136746406555176
1.247764229774475
0.9743251800537109
1.1439437866210938
0.8519617319107056
0.8720660209655762
0.8208719491958618
1.016867995262146
0.9975520968437195
1.245918869972229
1.4565900564193726
1.1949328184127808
1.0700534582138062
0.9095635414123535
0.9083297848701477
0.9827195405960083
0.7393436431884766
1.4356648921966553
0.9323567748069763
1.237067699432373
0.9275282025337219
0.7767691016197205
0.8475686311721802
0.8723275065422058
1.0202149152755737
1.1683655977249146
1.047811508178711
0.8849032521247864
0.9416958093643188
0.758647084236145
0.8575013279914856
1.1196818351745605
1.0779595375061035
1.1931288242340088
0.7094383239746094
0.9878604412078857
0.9215268492698669
1.0614839792251587
0.9798529148101807
0.7337601780891418
1.1647666692733765
0.8440271615982056
1.011523723602295
1.0010582208633423
1.0640270709991455
1.0034469366073608
0.9917146563529968
0.9391785264015198
0.8084545731544495
0.7921242117881775
0.9737857580184937
1.0637129545211792
1.0984299182891846
0.9870810508728027
0.7646613121032715
1.1857768297195435
1.262688398361206
0.7998185157775879
0.8262932300567627
0.8935641050338745
1.1863844394683838
0.9057675004005432
0.82453453540802
0.8243632316589355
0.8405080437660217
0.7509979605674744
0.9457111954689026
0.9866549968719482
1.0623340606689453
0.9512081146240234
0.8410983681678772
0.9258459210395813
1.0181283950805664
0.9873831868171692
1.1800459623336792
1.1728847026824951
0.9892430901527405
0.9752317070960999
1.027626872062683
0.7767767310142517
0.6978463530540466
0.6579931378364563
0.9084596633911133
0.8703494668006897
0.7747600674629211
0.832493245601654
0.9249692559242249
0.5638575553894043
1.0942721366882324
1.0702624320983887
0.9450845122337341
1.2593491077423096
0.9409564137458801
1.3488030433654785
0.7788252234458923
0.9720342755317688
1.0734196901321411
0.7684251666069031
0.7199898362159729
0.991581380367279
0.8020866513252258
1.1483534574508667
0.9152867794036865
1.3276803493499756
0.8090516328811646
0.6914997696876526
1.125331163406372
0.8813336491584778
0.770474374294281
0.7766993641853333
0.6990794539451599
0.9339672327041626
0.6888955235481262
0.7077820301055908
0.8539909720420837
0.8154326677322388
0.7498896718025208
1.078356146812439
0.8362627029418945
0.7559817433357239
0.9201985001564026
0.7301636934280396
0.9140174984931946
0.937475860118866
0.7363489866256714
0.9039235711097717
1.185499668121338
1.0297322273254395
0.9395067691802979
0.9108746647834778
0.931719958782196
1.064650535583496
0.9627389907836914
0.6215469837188721
0.6949978470802307
0.9352462887763977
0.7025417685508728
1.0340076684951782
0.7628684043884277
0.697383463382721
0.7391538023948669
0.6581426858901978
0.8428109288215637
1.0062401294708252
0.9693514704704285
0.8004961609840393
0.6967783570289612
0.9366222620010376
0.7648816704750061
0.8006963729858398
0.7842875123023987
0.7923994064331055
0.8904940485954285
0.6558192372322083
0.7318221926689148
0.9515365362167358
0.7515943050384521
0.6718759536743164
0.745409369468689
0.9959725141525269
0.8315917253494263
0.8170068264007568
0.9140713214874268
0.8471229076385498
1.0108596086502075
1.1917539834976196
0.9896877408027649
0.5897066593170166
0.5890477895736694
0.719618558883667
0.917285680770874
1.0035680532455444
0.8262650370597839
0.8800906538963318
0.7472541928291321
0.8319337368011475
0.6785715222358704
0.7698372602462769
0.8238652348518372
0.6827921867370605
1.1653951406478882
0.7586977481842041
0.8620123267173767
0.9781618118286133
0.8866878747940063
0.6313406825065613
0.7415982484817505
0.8115720152854919
0.8778347969055176
0.7456400394439697
0.48799341917037964
0.6708730459213257
0.767440140247345
0.6935021281242371
0.6076019406318665
0.5938225984573364
0.47658759355545044
0.530868649482727
0.6293783783912659
0.8389319181442261
0.6684153079986572
0.8463962078094482
0.619780421257019
0.6338541507720947
0.874129056930542
0.843437135219574
0.6069534420967102
0.6858301162719727
0.8601487874984741
0.9923253059387207
0.7226130962371826
0.8542719483375549
0.7686295509338379
0.8676126003265381
0.6520012021064758
0.9009934663772583
0.9324307441711426
0.6248183250427246
0.9300739765167236
1.0728466510772705
0.6779118776321411
0.7674999833106995
0.7731813788414001
0.7408519983291626
0.8128172159194946
0.8402702212333679
0.4917367398738861
0.5967438220977783
0.9298869371414185
0.8043641448020935
0.7580972909927368
0.7044967412948608
0.7365873456001282
0.6621041893959045
0.9756693243980408
0.8770387172698975
0.8641204237937927
0.8562013506889343
0.5574021935462952
0.9256212115287781
0.905762255191803
0.6597467660903931
0.6745825409889221
0.890756368637085
0.6165775656700134
0.8010895252227783
0.7000960111618042
0.9835043549537659
0.6244293451309204
0.6371929049491882
0.6262897849082947
0.4760245978832245
0.6360222101211548
0.5093672275543213
0.5469783544540405
0.5860632061958313
0.5299050211906433
0.6769602298736572
0.8338072896003723
0.5173096060752869
0.6828054785728455
0.6371208429336548
0.47110462188720703
0.8958185315132141
0.6989319324493408
0.763691782951355
0.5750840306282043
0.6257489323616028
0.5392079949378967
0.7648075222969055
0.6851911544799805
0.5935962200164795
0.5251266956329346
0.5762867331504822
0.4570143222808838
0.5800371170043945
0.8091128468513489
0.75363689661026
0.7956518530845642
0.8942131996154785
0.5498005151748657
0.5827186107635498
0.6314429044723511
0.6039628386497498
0.7529929876327515
1.0467636585235596
0.8166071176528931
0.5791865587234497
0.5680174827575684
0.7403919100761414
0.9306444525718689
0.49828484654426575
0.6092056632041931
0.7640501856803894
0.6063007116317749
0.862983226776123
0.5391584038734436
0.7877106070518494
0.5847356915473938
0.5958095788955688
0.5476377606391907
0.41129690408706665
0.6422356963157654
0.5245953798294067
0.4962198734283447
0.4713508188724518
0.8095961213111877
0.6160341501235962
0.5049358010292053
0.6703583598136902
0.8287876844406128
0.7983792424201965
0.7230079770088196
0.5332751870155334
0.8595432043075562
0.6378706693649292
0.7766129970550537
0.569150984287262
0.6975255012512207
0.6738412976264954
0.5184317231178284
0.47343340516090393
0.6483904123306274
0.7636616826057434
0.635254442691803
0.6368377804756165
0.612703263759613
0.8863714337348938
0.7542865872383118
0.8552904725074768
0.8760458827018738
0.7016053795814514
0.5775138735771179
0.4963838756084442
0.8379524350166321
0.5696619749069214
0.488687127828598
0.7854797840118408
0.5737048983573914
0.740615963935852
0.596635103225708
0.478287011384964
0.5266764163970947
0.5450125336647034
0.5732128024101257
0.6324823498725891
0.6983000636100769
0.7288275361061096
0.36564892530441284
0.46181461215019226
0.7864634394645691
0.5088651180267334
0.5261917114257812
0.7868823409080505
0.73152756690979
0.5093351006507874
0.605746328830719
0.5029591917991638
0.7230300307273865
0.38225606083869934
0.5455722808837891
0.5452433824539185
0.6031620502471924
0.5659179091453552
0.41188716888427734
0.5481609106063843
0.6207910180091858
0.588947057723999
0.764384925365448
0.4124022424221039
0.6893919706344604
0.5674702525138855
0.8475043177604675
0.6006647348403931
0.7659057974815369
0.8544642925262451
0.7582780122756958
0.549712598323822
0.5675037503242493
0.37056317925453186
0.5583080649375916
0.6665579080581665
0.44952312111854553
0.49181729555130005
0.6622772812843323
0.5842376947402954
0.3403782248497009
0.46509885787963867
0.708071231842041
0.7077662348747253
0.6590493321418762
0.6788665056228638
0.6927528381347656
0.7567688822746277
0.719060480594635
0.4516645669937134
0.5970964431762695
0.7460911273956299
0.5810165405273438
0.7233996987342834
0.4840357005596161
0.5372552871704102
0.511182427406311
0.6843417882919312
0.5855932831764221
0.5040555596351624
0.7031006217002869
0.724215030670166
0.5082194209098816
0.6304498314857483
0.8320567607879639
0.8913118243217468
0.4625936448574066
0.6015124320983887
0.37153735756874084
0.9248639345169067
0.6084551215171814
0.8017519116401672
0.6324734687805176
0.520217776298523
0.3226713240146637
0.8383316993713379
0.8575325608253479
0.5715186595916748
0.5411782264709473
0.5380503535270691
0.5989171266555786
0.6866939067840576
0.42724376916885376
0.49061012268066406
0.45589113235473633
0.5831934809684753
0.6421502232551575
0.6783788800239563
0.4923745095729828
0.4280431568622589
0.5713184475898743
0.5700454115867615
0.8162808418273926
0.4395524859428406
0.5371897220611572
0.5434466004371643
0.5429202914237976
0.36189964413642883
0.4490453898906708
0.4191441535949707
0.7141268253326416
0.6077231168746948
0.4172995388507843
0.5489799380302429
0.5799559354782104
0.46520790457725525
0.4523877203464508
0.4399767518043518
0.43306779861450195
0.6972310543060303
0.4710496962070465
0.5826578140258789
0.3565921485424042
0.28993481397628784
0.5517269372940063
0.6252534985542297
0.36844104528427124
0.721193790435791
0.33627843856811523
0.7702733874320984
0.9698580503463745
0.8308976292610168
0.47372618317604065
0.3306080996990204
0.5393837094306946
0.7296626567840576
0.46172454953193665
0.5617406368255615
0.5705567002296448
0.28147807717323303
0.6244089603424072
0.4243395924568176
0.5767056941986084
0.6306968927383423
0.4109007716178894
0.3707582652568817
0.5503332614898682
0.42154890298843384
0.5370860695838928
0.47498759627342224
0.5755236148834229
0.6587015390396118
0.5864924192428589
0.5809197425842285
0.36241379380226135
0.5208858251571655
0.36048373579978943
0.583367645740509
0.4017409384250641
0.5596195459365845
0.3974875211715698
0.44711700081825256
0.4723219871520996
0.40606462955474854
0.4670678973197937
0.5090933442115784
0.29322555661201477
0.6161651015281677
0.441637247800827
0.518580973148346
0.370058536529541
0.41669991612434387
0.21556508541107178
0.5508870482444763
0.35920339822769165
0.5629188418388367
0.6005118489265442
0.5092002749443054
0.5826942324638367
0.4708825945854187
0.5930294990539551
0.19966425001621246
0.2851300537586212
0.5316491723060608
0.4561992883682251
0.7848677039146423
0.8209185004234314
0.503432035446167
0.6016544699668884
0.47011616826057434
0.6092577576637268
0.3409324288368225
0.47686365246772766
0.6889131665229797
0.41084593534469604
