4.57419490814209
4.58620548248291
4.567668437957764
4.512385368347168
4.5968708992004395
4.5544538497924805
4.518280506134033
4.580949783325195
4.4638872146606445
4.4834513664245605
4.417846202850342
4.527048110961914
4.503709316253662
4.452518939971924
4.4227213859558105
4.567588806152344
4.404569625854492
4.518548488616943
4.498105525970459
4.496654987335205
4.518424987792969
4.443741321563721
4.496936321258545
4.4046502113342285
4.348370552062988
4.428799629211426
4.353273868560791
4.367821216583252
4.250936031341553
4.33221435546875
4.363358497619629
4.440776824951172
4.3548736572265625
4.34106969833374
4.439925193786621
4.378786087036133
4.469056606292725
4.431760311126709
4.276087760925293
4.420227527618408
4.314978122711182
4.2677741050720215
4.359536170959473
4.374612808227539
4.4113030433654785
4.379942893981934
4.332564830780029
4.364996433258057
4.2706990242004395
4.347068786621094
4.408158302307129
4.271638870239258
4.321113109588623
4.413915157318115
4.288516044616699
4.416861534118652
4.1953840255737305
4.263167858123779
4.262104511260986
4.4524126052856445
4.329589366912842
4.176445007324219
4.324549198150635
4.341472625732422
4.248236179351807
4.331233024597168
4.362232685089111
4.4573798179626465
4.1861348152160645
4.240738868713379
4.290956497192383
4.343241214752197
4.374050140380859
4.2284955978393555
4.073190689086914
4.219152450561523
4.2443060874938965
4.185066223144531
4.282963752746582
4.317183971405029
4.3120012283325195
4.2923173904418945
4.272772312164307
4.2062578201293945
4.231565952301025
4.201285362243652
4.195248126983643
4.18726921081543
4.2375030517578125
4.129269123077393
4.135033130645752
3.99225115776062
4.229403018951416
4.17537784576416
4.063366889953613
4.054291725158691
4.047319412231445
4.2278151512146
4.272533416748047
4.005241394042969
4.153579235076904
4.2709879875183105
4.478435516357422
4.179294109344482
3.964730978012085
4.194004058837891
4.177603721618652
4.16143798828125
4.163691520690918
4.017541885375977
4.21961784362793
4.121105670928955
4.12720251083374
4.18609094619751
3.9915692806243896
4.248073577880859
3.9834177494049072
4.034302711486816
4.02677059173584
4.110940933227539
4.0225090980529785
3.9736409187316895
4.380527496337891
4.1063103675842285
4.1131463050842285
4.1183648109436035
3.988853693008423
4.342073917388916
3.9851267337799072
3.9751713275909424
4.196905612945557
3.9963974952697754
4.138802528381348
4.15830659866333
3.990328788757324
4.008070945739746
3.92659330368042
4.012463569641113
3.9264862537384033
4.057794094085693
3.9902894496917725
3.8564305305480957
4.074262619018555
4.043154716491699
4.057613372802734
3.9297025203704834
4.290039539337158
3.908984899520874
3.9020907878875732
4.110496997833252
4.1803669929504395
4.041733741760254
4.033881664276123
4.011710166931152
4.0338311195373535
3.8719632625579834
4.042407989501953
4.084549903869629
3.916947364807129
4.205914497375488
3.985842227935791
4.045464515686035
4.006415843963623
4.03284215927124
3.8922133445739746
3.9448587894439697
3.8443968296051025
3.938631296157837
4.081469535827637
4.042362213134766
3.7934389114379883
4.27218770980835
3.8441994190216064
3.9017655849456787
3.982052803039551
4.000889301300049
3.869560718536377
3.795844554901123
3.9843332767486572
3.9415156841278076
4.088278293609619
4.144549369812012
3.8515684604644775
3.98760724067688
3.9415130615234375
3.929668426513672
3.8829808235168457
3.883185863494873
3.8905720710754395
4.001105785369873
3.9418301582336426
4.030946731567383
3.8427927494049072
3.8535993099212646
3.790048360824585
3.8551485538482666
3.72147274017334
3.9158260822296143
3.9841794967651367
3.7764625549316406
4.048212051391602
3.7119321823120117
3.7619972229003906
3.888068199157715
3.889237642288208
3.6087353229522705
3.756439208984375
3.6749606132507324
3.782048463821411
3.867663860321045
4.037235736846924
3.855316400527954
3.846036195755005
3.853320360183716
3.695364475250244
3.9748849868774414
3.6989920139312744
3.663471221923828
3.8162360191345215
3.7462637424468994
3.724724292755127
3.7713465690612793
3.8050038814544678
3.844731092453003
3.636651039123535
3.767021417617798
3.950714111328125
3.9398860931396484
3.684441566467285
3.847230911254883
3.737018346786499
3.8283603191375732
3.9748997688293457
3.5255038738250732
3.703857183456421
3.98671293258667
3.8448238372802734
3.6394546031951904
3.8934390544891357
3.8739969730377197
3.8891842365264893
3.8449294567108154
3.6184253692626953
3.919037342071533
3.8745405673980713
3.9146859645843506
3.700644016265869
3.715846538543701
3.7252161502838135
3.7130517959594727
3.58143949508667
3.938857316970825
3.9729721546173096
3.9099791049957275
3.6736245155334473
3.8423690795898438
3.8457868099212646
3.7252819538116455
3.4581265449523926
3.638873815536499
3.5721774101257324
3.674086093902588
3.8932318687438965
3.526062488555908
3.7724246978759766
3.719061851501465
3.498607635498047
3.7618656158447266
3.7717502117156982
3.531611919403076
4.036506175994873
4.016524791717529
3.726123332977295
3.6982173919677734
3.454073429107666
3.845543622970581
3.631451368331909
3.5109200477600098
3.7109899520874023
3.6442372798919678
3.429450273513794
3.4852304458618164
3.7135839462280273
3.704824924468994
3.5802040100097656
3.8667962551116943
3.6353189945220947
3.624227523803711
3.835876226425171
3.6224257946014404
3.4040462970733643
3.299191474914551
3.8028340339660645
3.4451444149017334
3.7677149772644043
3.7496120929718018
3.5518438816070557
3.904515504837036
3.578537702560425
3.594764471054077
3.3278517723083496
3.404642105102539
3.617990255355835
3.2747862339019775
3.815646171569824
3.5170252323150635
3.4847421646118164
3.7405550479888916
3.3089325428009033
3.6081087589263916
3.3844504356384277
3.6937811374664307
3.7822980880737305
3.6478235721588135
3.5221476554870605
3.2700324058532715
3.638587236404419
3.4173755645751953
3.581413745880127
3.757484197616577
3.4766955375671387
3.6354963779449463
3.3993375301361084
3.302767515182495
3.615455150604248
3.3421947956085205
3.6277801990509033
3.5579822063446045
3.6047732830047607
3.3997743129730225
3.312772512435913
3.3412864208221436
3.6027510166168213
3.3582539558410645
3.4187564849853516
3.3862786293029785
3.5209834575653076
3.5214014053344727
3.3631844520568848
3.3361761569976807
3.380068778991699
3.38397216796875
3.481837034225464
3.5942320823669434
3.478332996368408
3.4641106128692627
3.58129620552063
3.4382107257843018
3.342852830886841
3.516272783279419
3.523129940032959
3.485928773880005
3.5243661403656006
3.3437118530273438
3.656008005142212
3.534860610961914
3.4326748847961426
3.248126268386841
3.3497133255004883
3.300668954849243
3.459883689880371
3.8356690406799316
3.5457568168640137
3.1888816356658936
3.5689375400543213
3.3581759929656982
3.478456974029541
3.5109353065490723
3.4927258491516113
3.3765909671783447
3.4069862365722656
3.53847336769104
3.606804609298706
3.3720057010650635
3.2895314693450928
3.566056966781616
3.5713393688201904
3.2565114498138428
3.420165538787842
3.29093074798584
3.351144552230835
3.3658056259155273
3.3916120529174805
3.259009599685669
3.2086431980133057
3.396697759628296
3.1343297958374023
3.6302576065063477
3.2985639572143555
3.5305495262145996
3.336244583129883
3.374695062637329
3.4339659214019775
3.45047664642334
3.2742202281951904
3.657482624053955
3.2895467281341553
3.132730722427368
3.560209035873413
3.382495880126953
3.118753433227539
3.2296695709228516
3.2563672065734863
3.477782726287842
3.461916923522949
3.1385416984558105
3.4765732288360596
3.3744077682495117
3.699298143386841
3.441082239151001
3.411191701889038
3.2198359966278076
3.0544304847717285
3.4892146587371826
3.362532615661621
3.3057947158813477
3.1617679595947266
3.2565712928771973
3.1741793155670166
3.0744152069091797
3.2234091758728027
3.4079031944274902
3.043473243713379
3.174252510070801
3.1576731204986572
3.41838002204895
3.3857147693634033
3.193161725997925
3.156020164489746
2.976294755935669
3.286109447479248
3.1490321159362793
3.515207529067993
3.142033815383911
3.2161686420440674
3.2290942668914795
3.3148317337036133
3.368183135986328
3.0853354930877686
3.2071986198425293
3.1270487308502197
3.0480709075927734
3.240234851837158
3.435216188430786
3.124145269393921
3.184546947479248
3.2091381549835205
3.3816328048706055
3.477769136428833
2.870572805404663
3.0480637550354004
3.1821885108947754
3.2191498279571533
3.358755111694336
2.8709352016448975
3.245633840560913
3.260894775390625
3.2761754989624023
3.4426021575927734
3.223734140396118
2.8774847984313965
2.8820483684539795
3.0643813610076904
3.3867006301879883
3.1639862060546875
3.4376919269561768
3.038296699523926
2.7210166454315186
3.237117052078247
3.230372428894043
3.0871071815490723
3.188087224960327
3.2869908809661865
2.699439764022827
3.2171459197998047
2.9372496604919434
3.197399854660034
2.8828747272491455
3.0523390769958496
3.0999042987823486
2.8868563175201416
3.281548261642456
3.1199235916137695
2.991804599761963
2.9098660945892334
3.244877338409424
3.303107738494873
3.1018476486206055
3.088458776473999
2.8813107013702393
3.4457859992980957
2.955244541168213
3.2377259731292725
3.0400478839874268
3.3066539764404297
3.0874011516571045
3.0188724994659424
3.0767977237701416
3.4517219066619873
2.906470537185669
3.1423709392547607
3.0781636238098145
3.149451732635498
3.0648064613342285
2.959618330001831
3.138854503631592
3.1066458225250244
2.9703614711761475
2.9157538414001465
3.1001808643341064
2.9283533096313477
2.9845705032348633
3.4196114540100098
2.763030529022217
3.1839957237243652
3.2111785411834717
3.3325035572052
2.818267583847046
3.1677653789520264
3.089831590652466
3.028701066970825
2.7871739864349365
3.1563186645507812
2.942774772644043
2.9199745655059814
3.0500545501708984
3.080899953842163
2.916050672531128
2.967623710632324
3.3469903469085693
2.9063613414764404
2.991473913192749
3.1716842651367188
2.835092782974243
2.949845790863037
3.2225289344787598
3.1723735332489014
2.690636396408081
2.958428144454956
3.1148877143859863
3.0999209880828857
2.955014944076538
2.645634651184082
2.932040214538574
2.9554061889648438
3.2983813285827637
2.9840164184570312
3.1970362663269043
3.402965545654297
2.903043746948242
3.027467966079712
2.967355728149414
3.1314969062805176
2.9786155223846436
2.71964693069458
3.0658037662506104
3.0005879402160645
3.237391710281372
2.791297674179077
2.6236703395843506
2.966343641281128
3.04543137550354
2.8870468139648438
2.988893747329712
2.916844606399536
2.752101421356201
2.9170711040496826
2.8202199935913086
2.6714015007019043
3.2624940872192383
2.760667085647583
2.8095169067382812
3.149893045425415
2.8827176094055176
2.9166929721832275
2.67171573638916
2.829237222671509
2.7196478843688965
2.8915507793426514
3.1876134872436523
3.2032902240753174
3.1680688858032227
2.89892315864563
2.898812770843506
2.961223840713501
3.018033027648926
2.833085775375366
3.29569149017334
2.6122918128967285
3.0687191486358643
2.822150230407715
2.6713945865631104
3.0733654499053955
3.0429515838623047
2.817112445831299
2.9631545543670654
2.851393938064575
2.8890726566314697
3.115339517593384
2.843629837036133
2.6436476707458496
3.017014503479004
2.8550710678100586
2.659153461456299
2.650624990463257
3.1915440559387207
3.0180881023406982
2.6526381969451904
2.8777976036071777
2.7679362297058105
2.7064502239227295
2.4526655673980713
2.851686477661133
2.795057535171509
2.995288133621216
2.5787463188171387
2.899726390838623
3.071763515472412
2.5922622680664062
2.746276617050171
2.4885308742523193
2.4068078994750977
2.8589284420013428
2.7591171264648438
3.1696887016296387
2.759143829345703
2.9509146213531494
2.56791353225708
2.922426223754883
2.9544825553894043
2.7973620891571045
3.0078587532043457
2.897885799407959
3.102097749710083
2.829975128173828
3.0059726238250732
3.1519386768341064
2.6252505779266357
3.1242523193359375
2.694483757019043
2.8023602962493896
2.8959875106811523
2.56506609916687
2.6897997856140137
2.8303115367889404
2.598534107208252
2.5164358615875244
2.804527521133423
2.659853458404541
2.8396286964416504
2.4557106494903564
2.929924726486206
3.093367099761963
3.0010135173797607
2.8496625423431396
2.4585742950439453
2.680164098739624
2.663459539413452
2.650331735610962
2.563920259475708
2.860779285430908
2.4712414741516113
2.5657384395599365
2.466947317123413
2.5293922424316406
3.057075023651123
3.0967795848846436
2.835533618927002
2.8815202713012695
2.6955137252807617
2.8372621536254883
3.0344762802124023
2.1727800369262695
2.444607973098755
2.5367753505706787
2.7259325981140137
3.077624797821045
2.9332587718963623
2.451585054397583
2.415850877761841
3.171677350997925
2.6744742393493652
2.6117098331451416
2.4425830841064453
2.7661359310150146
2.455159902572632
3.0360264778137207
2.525500535964966
2.709115505218506
2.5908043384552
2.7372896671295166
2.640611171722412
2.708416700363159
2.539339065551758
2.8811440467834473
2.8286778926849365
2.685559034347534
2.6534264087677
2.773930072784424
2.791316270828247
2.783555269241333
2.8385164737701416
2.572517156600952
2.286390781402588
2.4761369228363037
2.67231822013855
2.7175540924072266
2.676832914352417
2.3568549156188965
2.9249212741851807
2.7399415969848633
2.6887807846069336
2.603161573410034
2.4689769744873047
2.4353644847869873
2.6528422832489014
2.7817187309265137
2.573745012283325
2.635652780532837
2.7812836170196533
2.4207069873809814
2.700113534927368
2.6818339824676514
2.7141284942626953
2.4019534587860107
2.231553077697754
2.374699115753174
2.5687344074249268
2.551908493041992
2.5276854038238525
2.5720555782318115
2.533475160598755
2.4408438205718994
2.6756515502929688
2.686791181564331
2.326942205429077
2.646009683609009
2.7850236892700195
2.453129768371582
2.599013328552246
2.374878406524658
2.985658645629883
2.5664937496185303
2.597374200820923
2.412733793258667
2.72329044342041
2.3646771907806396
2.6863086223602295
2.5404744148254395
2.629878044128418
2.698669195175171
2.7027335166931152
2.627570867538452
2.171143054962158
2.8115084171295166
2.31730055809021
2.9256086349487305
2.479665756225586
3.1134064197540283
2.439724922180176
2.3889241218566895
2.6171791553497314
2.869079351425171
2.312303304672241
2.493631362915039
2.318307399749756
2.4823880195617676
2.2275989055633545
2.631026029586792
2.687946081161499
2.452899932861328
2.8540220260620117
2.4546620845794678
2.5619983673095703
2.394702196121216
2.44299578666687
2.226686716079712
2.498492479324341
2.3966245651245117
2.1248862743377686
2.251965045928955
2.9839701652526855
2.5805301666259766
2.623485803604126
2.5773165225982666
2.33856463432312
2.8460471630096436
2.738748550415039
2.864306926727295
2.368824005126953
3.0137276649475098
2.4884135723114014
2.7982566356658936
1.8799699544906616
2.1368472576141357
2.7605810165405273
2.560410976409912
2.6219513416290283
2.45202898979187
2.2175464630126953
2.3170065879821777
2.772000551223755
2.1920406818389893
2.6194276809692383
2.26857328414917
2.28399395942688
2.66867733001709
2.408236026763916
2.4511096477508545
2.5102272033691406
2.1277084350585938
2.315446615219116
2.445556879043579
2.4601356983184814
2.4320592880249023
2.476700782775879
2.220392942428589
2.736769437789917
2.6977427005767822
2.6358373165130615
2.6568000316619873
2.26393985748291
2.354649305343628
2.714787006378174
2.439127206802368
2.4950127601623535
2.3097403049468994
2.476789951324463
2.341029405593872
2.3836898803710938
2.733203887939453
2.9700632095336914
2.3478140830993652
2.575927257537842
2.2733352184295654
2.1868889331817627
2.530163526535034
2.3260293006896973
2.3919167518615723
2.0483622550964355
2.3203957080841064
2.1407687664031982
2.2271125316619873
2.5779058933258057
2.4794108867645264
2.4272308349609375
2.7056589126586914
2.0475854873657227
2.510632038116455
2.238161563873291
2.1815669536590576
2.1050050258636475
2.2700705528259277
2.7654926776885986
2.1285674571990967
2.2777178287506104
2.5750732421875
2.2443594932556152
2.2789807319641113
2.196183204650879
2.4020798206329346
2.163424253463745
2.2800676822662354
2.3390707969665527
2.26912522315979
2.386476516723633
2.2415385246276855
2.3725929260253906
2.539667844772339
2.1897854804992676
1.9951064586639404
2.0805160999298096
2.5951719284057617
2.2855753898620605
2.0741384029388428
2.126288890838623
1.7688404321670532
1.9911516904830933
2.136789321899414
2.1030685901641846
2.1222310066223145
2.4698965549468994
2.076051712036133
2.30338716506958
2.318127393722534
2.141683340072632
1.941226840019226
2.2480080127716064
2.471004009246826
1.7131582498550415
2.0505948066711426
2.224839687347412
2.3850033283233643
2.2966458797454834
2.135594606399536
2.731295585632324
2.097604990005493
2.052506446838379
2.3341288566589355
2.734565019607544
2.476698398590088
2.4056453704833984
2.2436060905456543
2.1774415969848633
2.4591736793518066
2.082998752593994
2.2597544193267822
2.2805545330047607
1.9923499822616577
2.249056577682495
2.4721362590789795
2.269343852996826
2.4432499408721924
1.959824562072754
2.2015464305877686
2.2531211376190186
2.078491449356079
2.3589019775390625
2.2180519104003906
2.2101333141326904
2.1603446006774902
2.356621503829956
2.291530132293701
2.418337821960449
2.067884683609009
1.728482723236084
2.1868858337402344
2.1183125972747803
1.8559836149215698
2.2584147453308105
2.011303424835205
2.160205841064453
2.0487616062164307
2.0930049419403076
2.1670172214508057
1.802042007446289
2.299523115158081
1.843699336051941
2.093731164932251
2.300987482070923
2.439696788787842
2.3762524127960205
2.1171534061431885
2.3222713470458984
2.0365419387817383
1.766828179359436
2.098585367202759
2.3539493083953857
2.0681018829345703
2.5483005046844482
2.071388006210327
2.443495750427246
1.7508862018585205
2.017402172088623
2.3652775287628174
2.0618972778320312
2.046274423599243
2.354646921157837
2.142232894897461
1.8462179899215698
1.9920597076416016
2.296663761138916
1.9403057098388672
2.43965220451355
1.9563692808151245
1.9870305061340332
2.02889084815979
2.3344831466674805
2.356571674346924
1.9341853857040405
2.1477315425872803
2.450437307357788
1.942152738571167
2.0027425289154053
2.0140578746795654
2.1322884559631348
1.856012225151062
2.2206058502197266
2.2272303104400635
2.2063753604888916
2.4657981395721436
1.9002797603607178
2.132439613342285
2.2740163803100586
1.9317532777786255
1.733093500137329
1.8158525228500366
2.641700267791748
2.0460877418518066
1.9506233930587769
2.002159357070923
2.120587110519409
1.9475927352905273
2.189349889755249
1.9004180431365967
1.9536259174346924
2.4243156909942627
2.011955499649048
1.771019697189331
2.2217564582824707
2.362419843673706
2.3738176822662354
2.0818684101104736
2.337965726852417
2.3572804927825928
1.9646071195602417
2.504472255706787
2.11240553855896
1.9123430252075195
2.0425329208374023
2.1639082431793213
2.175042152404785
2.0534043312072754
1.999561071395874
1.864660620689392
2.0399670600891113
1.9347747564315796
2.148728132247925
2.0821268558502197
1.9511669874191284
2.372709274291992
2.3596134185791016
2.2564525604248047
2.2355823516845703
2.2744710445404053
1.7686350345611572
1.9646425247192383
2.244276523590088
2.0332963466644287
2.202730894088745
2.0509133338928223
2.155567169189453
2.138916254043579
2.648937702178955
2.054384231567383
2.1082940101623535
2.255070924758911
1.7931478023529053
2.282240867614746
2.0632379055023193
1.9521560668945312
1.814726710319519
2.132883310317993
2.1022937297821045
2.0219035148620605
2.1683032512664795
1.9464095830917358
2.433537483215332
1.8850208520889282
1.864177942276001
1.8688961267471313
2.0877037048339844
1.885574460029602
1.705925703048706
1.951643466949463
1.9902417659759521
1.9394941329956055
1.9735995531082153
1.8023892641067505
2.0590903759002686
1.879730463027954
1.8576334714889526
2.2750375270843506
2.0578176975250244
1.8062880039215088
1.939383864402771
1.855039119720459
2.1728224754333496
2.2144150733947754
1.7872490882873535
1.935289978981018
1.6107890605926514
2.1022398471832275
2.0598340034484863
1.9290697574615479
2.1140058040618896
1.5528711080551147
1.917839765548706
1.964705228805542
2.0449001789093018
2.153104305267334
1.7441959381103516
1.553659200668335
1.9761443138122559
2.051090717315674
1.713809847831726
2.294949531555176
1.9552593231201172
1.8450920581817627
1.8873262405395508
2.197741746902466
1.9998661279678345
1.677038550376892
1.9898741245269775
1.8359063863754272
1.8555554151535034
1.756497859954834
1.9411406517028809
1.9858064651489258
1.7744675874710083
1.9171417951583862
1.976669430732727
2.1122283935546875
1.6998695135116577
2.145186424255371
1.5326007604599
1.6591839790344238
2.077590227127075
1.9388712644577026
1.9253214597702026
1.8307193517684937
2.0120127201080322
1.6430855989456177
1.7438236474990845
1.9952754974365234
2.179744243621826
1.7454496622085571
1.7169398069381714
1.8353990316390991
1.9690264463424683
2.2879297733306885
1.9078185558319092
1.3115407228469849
1.8413444757461548
1.97514808177948
1.9030029773712158
1.7716448307037354
2.092566728591919
1.697688341140747
2.1541714668273926
1.815682053565979
1.5725736618041992
1.6649179458618164
2.0018062591552734
1.7275351285934448
2.054121732711792
1.4562580585479736
2.1193509101867676
1.6047570705413818
1.9958317279815674
1.6460843086242676
1.7578258514404297
1.7348984479904175
1.7139185667037964
1.6837780475616455
1.4419641494750977
1.6163194179534912
2.0950217247009277
1.8515291213989258
1.783173680305481
2.085080862045288
1.9048479795455933
2.1243057250976562
1.750181794166565
2.1996607780456543
2.168790817260742
1.5857794284820557
1.9034498929977417
1.892659306526184
1.4801350831985474
1.8840299844741821
1.8337316513061523
1.7301011085510254
2.010080099105835
1.6341050863265991
1.9612390995025635
1.9857323169708252
1.2769224643707275
1.942046046257019
2.05991792678833
1.6307073831558228
1.746720790863037
1.696742296218872
1.4589965343475342
1.732336163520813
1.7513645887374878
1.5798981189727783
1.932770013809204
1.6586337089538574
1.7314684391021729
1.8148620128631592
1.7260196208953857
1.3890254497528076
1.9775259494781494
1.9249505996704102
1.8162908554077148
1.7841423749923706
1.634761095046997
2.0184617042541504
1.85797917842865
1.8162469863891602
1.5708959102630615
1.9424690008163452
1.5616803169250488
1.7696056365966797
1.4501707553863525
1.8170852661132812
2.0863523483276367
2.1176788806915283
1.6507880687713623
1.8873291015625
1.5437413454055786
1.8474531173706055
1.5741426944732666
1.4557280540466309
1.3770251274108887
1.791319727897644
1.6028413772583008
1.5436066389083862
1.6189395189285278
2.138234853744507
1.7591383457183838
1.7948484420776367
1.5703239440917969
2.0682778358459473
1.5500050783157349
1.8715119361877441
1.664023756980896
1.878598690032959
1.7116069793701172
1.8073583841323853
1.737987995147705
1.577168345451355
1.5580655336380005
1.6513725519180298
1.5494979619979858
2.0573737621307373
1.5439943075180054
1.6654680967330933
1.7559113502502441
1.4257185459136963
1.4994313716888428
1.7331238985061646
1.6381276845932007
1.5324710607528687
1.6014714241027832
1.7191288471221924
1.4140788316726685
1.946257472038269
1.6955631971359253
1.4126948118209839
1.76808500289917
1.8495622873306274
1.5688477754592896
1.6957406997680664
1.6944968700408936
1.3219807147979736
1.5964829921722412
1.5790337324142456
1.4671761989593506
1.632861852645874
1.7286436557769775
1.8890480995178223
1.7003047466278076
1.931894302368164
1.4654723405838013
1.7158405780792236
2.068905830383301
1.9062823057174683
1.6376734972000122
1.5506144762039185
1.6414530277252197
1.62366783618927
1.3557038307189941
1.590942621231079
1.6584060192108154
1.7758653163909912
1.6636029481887817
1.4986902475357056
1.543748140335083
1.7593588829040527
2.0785012245178223
1.6955350637435913
1.9232016801834106
1.5210001468658447
1.5244191884994507
1.4891271591186523
1.9724111557006836
1.600080966949463
1.2565969228744507
1.3800842761993408
1.55385160446167
1.4993003606796265
1.3416939973831177
1.8964585065841675
1.5193439722061157
1.6423161029815674
1.432612419128418
1.8887104988098145
1.5590602159500122
1.1608067750930786
1.639953851699829
1.142422080039978
1.7088788747787476
1.525636911392212
1.517243504524231
1.7220635414123535
1.6627814769744873
1.8499501943588257
1.9390289783477783
1.4675332307815552
1.5813430547714233
1.8729013204574585
1.901276707649231
1.5246870517730713
1.9480727910995483
1.0537736415863037
1.5735632181167603
1.8598140478134155
1.7467820644378662
1.7434026002883911
1.667794108390808
1.5433051586151123
1.61931312084198
1.4263548851013184
1.7701375484466553
1.6722767353057861
1.4151531457901
1.7528355121612549
1.531888723373413
1.1843130588531494
1.2816357612609863
1.180376410484314
1.790104866027832
1.55259108543396
1.5446592569351196
1.7074588537216187
1.8617686033248901
1.238675594329834
1.6341427564620972
1.435044765472412
1.5439494848251343
1.8428587913513184
1.5135201215744019
1.2316967248916626
1.5739644765853882
1.7326420545578003
1.6997644901275635
1.8198813199996948
1.5184706449508667
1.5369267463684082
1.531270146369934
2.0579779148101807
1.350650429725647
1.517319679260254
1.3463793992996216
1.4637465476989746
1.5641721487045288
1.6897227764129639
1.2665659189224243
1.2469813823699951
1.1257001161575317
1.1934444904327393
1.1968179941177368
1.447756290435791
1.10215425491333
2.1782302856445312
1.1803773641586304
1.3607330322265625
1.5987306833267212
1.5432177782058716
1.3408023118972778
1.4316027164459229
1.5760425329208374
1.4920754432678223
1.345259428024292
1.3594801425933838
1.4524548053741455
1.3299683332443237
1.5932284593582153
1.7064290046691895
1.1971187591552734
1.5976067781448364
1.3441941738128662
1.6664934158325195
1.5652004480361938
1.302623987197876
1.5319411754608154
1.5938113927841187
1.9243155717849731
1.3932883739471436
1.4194724559783936
1.167609453201294
1.590773582458496
1.5242592096328735
1.7389326095581055
1.3287478685379028
1.55449378490448
1.175766944885254
1.091180443763733
1.3243598937988281
1.661671757698059
1.7885969877243042
1.6025394201278687
1.4725375175476074
1.2688815593719482
1.232769250869751
1.2483770847320557
2.0397818088531494
1.623344898223877
1.2680972814559937
1.4738589525222778
1.1342235803604126
1.652139663696289
1.5123876333236694
1.2919353246688843
1.2425084114074707
1.3925607204437256
1.4474540948867798
1.4728492498397827
1.4962689876556396
1.3562871217727661
1.5760267972946167
1.2356311082839966
1.4232672452926636
1.4175386428833008
1.6393463611602783
1.1174378395080566
1.484696388244629
1.1462863683700562
1.7551190853118896
1.328284502029419
1.5810734033584595
1.4012324810028076
1.4861328601837158
1.2685680389404297
1.4276373386383057
1.5901237726211548
1.3162062168121338
1.5456898212432861
1.0192699432373047
1.3747472763061523
1.7909146547317505
1.459059715270996
1.2134114503860474
1.3820735216140747
1.4349026679992676
1.383298635482788
1.4740331172943115
1.1809672117233276
1.4845099449157715
1.4576138257980347
1.1653119325637817
1.2912178039550781
1.8622075319290161
1.2438781261444092
1.527331829071045
1.3407584428787231
1.1380600929260254
1.5777530670166016
1.3814438581466675
1.2975740432739258
1.3439452648162842
1.1831705570220947
1.1343414783477783
1.1054835319519043
1.1598020792007446
1.3203538656234741
1.3267271518707275
1.029547929763794
1.2095645666122437
1.088922142982483
1.5482227802276611
1.02556312084198
1.3009181022644043
1.1206293106079102
1.0698444843292236
1.557153344154358
1.4415102005004883
1.2530220746994019
1.3297480344772339
1.5263324975967407
1.3856873512268066
1.2182955741882324
1.5673658847808838
1.5794345140457153
1.5812432765960693
1.2977211475372314
1.1152024269104004
1.4897818565368652
1.6220439672470093
1.483104944229126
1.276604413986206
1.2704823017120361
1.2011497020721436
1.1671587228775024
1.2556401491165161
1.59624183177948
1.0237778425216675
1.5782088041305542
1.065537929534912
1.1521029472351074
1.7038195133209229
1.5931717157363892
1.503391981124878
1.3410645723342896
1.1940643787384033
1.27649986743927
1.4476345777511597
1.8290252685546875
1.1010485887527466
1.2294390201568604
1.2489537000656128
1.4048466682434082
1.3768422603607178
1.1320666074752808
1.2827715873718262
0.9892047643661499
1.5132356882095337
0.804568350315094
1.6390975713729858
1.1217360496520996
1.3684741258621216
1.137775182723999
1.2569278478622437
1.1474432945251465
0.9771058559417725
1.5547964572906494
1.4852700233459473
1.2610156536102295
1.1892893314361572
1.2590736150741577
1.5160253047943115
1.377946138381958
1.259337306022644
1.4213893413543701
1.1832770109176636
1.138331651687622
1.3999196290969849
1.2434372901916504
1.239587426185608
1.2117818593978882
1.189156174659729
1.203918695449829
1.2854580879211426
1.5516958236694336
1.6305009126663208
1.1133240461349487
1.062352180480957
1.3599319458007812
1.5251661539077759
1.585105538368225
1.4097590446472168
1.277772068977356
1.368272066116333
1.2191671133041382
1.3326834440231323
1.5170458555221558
1.0758246183395386
1.1688024997711182
1.3365591764450073
1.1730595827102661
1.4015004634857178
1.013127326965332
1.1532435417175293
1.082800269126892
1.264689564704895
1.1514434814453125
1.434286117553711
0.9896412491798401
1.0061691999435425
1.075412392616272
1.3378074169158936
1.1513086557388306
1.2244560718536377
1.5493032932281494
1.3803911209106445
1.0942081212997437
1.1409567594528198
1.4501473903656006
1.376700758934021
1.0838667154312134
1.200522541999817
1.4812997579574585
1.046901822090149
1.3653054237365723
1.1509265899658203
0.9697628617286682
1.4750460386276245
1.0399012565612793
1.683539867401123
0.9918823838233948
1.0656373500823975
0.9084495306015015
1.0876190662384033
1.2227058410644531
0.9525986909866333
1.2995060682296753
1.0444037914276123
1.0942296981811523
0.99384605884552
1.2812315225601196
1.2260687351226807
1.262717366218567
1.3151792287826538
1.0212180614471436
0.9100955128669739
1.1015007495880127
1.3050713539123535
1.259168028831482
0.7866122126579285
1.098900556564331
1.0914428234100342
1.0847312211990356
1.0468924045562744
1.1688646078109741
1.1925890445709229
1.174662709236145
1.0201060771942139
1.5064250230789185
0.8563659191131592
1.1435909271240234
0.821375846862793
1.1104011535644531
1.1976820230484009
1.4699493646621704
1.15627121925354
1.2011393308639526
1.1317123174667358
1.215943694114685
1.307763695716858
0.9421657919883728
1.3129242658615112
1.0812220573425293
1.1571873426437378
0.8700793385505676
1.2254873514175415
0.8801143765449524
1.0977506637573242
0.809504508972168
1.0422359704971313
1.1113717555999756
1.0001580715179443
1.0507804155349731
1.0106109380722046
0.9523166418075562
1.5410484075546265
0.8919007778167725
1.01863431930542
1.1132557392120361
1.0513259172439575
1.1139558553695679
1.0046151876449585
1.0291223526000977
1.0524612665176392
1.0642555952072144
0.849801242351532
1.2247365713119507
1.2753304243087769
1.0339152812957764
1.053329348564148
1.1279329061508179
1.2474467754364014
1.201951265335083
1.289063572883606
0.9025512337684631
1.042572021484375
1.2508213520050049
1.3285713195800781
1.46205472946167
0.9290382862091064
1.1427043676376343
0.8418975472450256
1.0870587825775146
1.3359708786010742
1.0244898796081543
1.2545244693756104
1.0874730348587036
1.1171106100082397
0.9350777864456177
1.0598679780960083
1.4292737245559692
0.8772926926612854
0.9834540486335754
0.843455970287323
1.079660415649414
1.0802701711654663
1.199329137802124
0.9665526747703552
0.8782728910446167
1.1122958660125732
1.185613751411438
0.8350049257278442
0.8868100643157959
0.839013397693634
1.206315279006958
0.7500856518745422
1.1667059659957886
0.8402839303016663
0.8993896245956421
0.7547152042388916
0.7965248823165894
1.1625380516052246
1.3564308881759644
0.8709989190101624
0.90384441614151
1.1817173957824707
1.2109843492507935
1.2338460683822632
1.0460208654403687
0.9899709820747375
0.9456875324249268
0.9390174746513367
1.0230013132095337
1.0179952383041382
0.9098131656646729
0.9387830495834351
1.0077251195907593
0.7517757415771484
0.7449579238891602
0.9531984925270081
0.9455049633979797
1.035751223564148
1.0902960300445557
0.9862358570098877
1.1638472080230713
0.5523918867111206
1.0340099334716797
1.3543946743011475
1.0181492567062378
0.8278610706329346
0.9925879240036011
1.1362230777740479
0.897567093372345
1.0424021482467651
1.1574108600616455
1.2398829460144043
0.9512664675712585
1.2411314249038696
0.8829370141029358
1.1661968231201172
0.9654213786125183
1.0406287908554077
1.3212921619415283
0.925518810749054
0.6660192012786865
1.0239007472991943
1.0006080865859985
0.8256471157073975
0.835926353931427
1.279553771018982
1.247542381286621
0.7825038433074951
0.8134689331054688
0.7664334177970886
0.9493773579597473
0.7917221188545227
0.8818613290786743
0.8706517219543457
0.9688689708709717
0.971525251865387
0.9242011308670044
1.0743396282196045
1.1109868288040161
0.9984933733940125
1.196470022201538
0.9497374892234802
0.7880270481109619
1.2408922910690308
0.9567291140556335
1.0431536436080933
1.058005928993225
0.8890241980552673
0.9985140562057495
0.869488000869751
0.8098322153091431
0.9379574060440063
1.1909937858581543
0.6131082773208618
0.9215166568756104
0.8040292859077454
0.9541845917701721
0.867925226688385
1.004606008529663
0.957707941532135
0.7999902963638306
0.7635272145271301
0.7478208541870117
0.9413568377494812
0.8970013856887817
0.8088322877883911
0.8107260465621948
0.9161656498908997
1.1021232604980469
0.8317553997039795
0.8532333970069885
0.9839633703231812
0.9379929304122925
0.9986438155174255
1.0366560220718384
0.8189815282821655
0.9693756103515625
0.9229069352149963
0.6568173766136169
1.0768574476242065
0.7523941993713379
0.6744111180305481
0.686905562877655
0.8654217720031738
0.8876491189002991
1.0459649562835693
0.7570429444313049
1.2715474367141724
1.1208769083023071
0.8264006972312927
0.7639543414115906
0.8677901029586792
1.052290439605713
0.8851485252380371
0.8621805906295776
0.8146483302116394
0.7311001420021057
0.7684168219566345
0.9260560870170593
0.8031481504440308
0.8568100929260254
0.9734421968460083
0.6813246607780457
0.9620046019554138
0.7430496215820312
0.7953251600265503
0.7039505839347839
0.9356338381767273
1.0436770915985107
0.8498028516769409
0.8872517347335815
1.1534857749938965
0.9990032315254211
0.942048966884613
0.8575130701065063
0.8652300238609314
0.9221901893615723
0.9242019653320312
0.9297460913658142
1.1056230068206787
0.8112279772758484
0.7073698043823242
0.8378321528434753
0.977279782295227
0.882352888584137
0.6820765137672424
0.6716196537017822
0.7044822573661804
0.8908128142356873
0.914605975151062
1.0484633445739746
0.9220744371414185
0.8158403038978577
0.8009942770004272
0.741003692150116
1.1186929941177368
0.7123165130615234
0.5562267899513245
0.746990978717804
0.6331716775894165
0.8291493654251099
0.8938732147216797
1.1374297142028809
0.7339290976524353
0.7766709327697754
0.45979875326156616
0.7753726243972778
0.7158440947532654
0.9703940153121948
1.0655447244644165
1.034055471420288
1.1181086301803589
1.1229556798934937
0.9096172451972961
0.978522539138794
1.0579133033752441
0.9240561723709106
0.8724138736724854
0.8226696252822876
1.3081773519515991
0.8207364678382874
0.7356389164924622
1.1553866863250732
0.7347190976142883
0.6246715784072876
0.9120451807975769
0.9857881665229797
0.647747278213501
0.7531073689460754
0.7447287440299988
0.5776523351669312
0.5925967693328857
1.1500728130340576
0.933983325958252
0.6679781079292297
0.911545991897583
0.5321450233459473
0.7790830731391907
0.7738593220710754
0.7753686904907227
0.9008191823959351
0.7924296259880066
0.7488187551498413
0.803839385509491
0.605500340461731
0.8252543210983276
0.8048384785652161
0.5611799955368042
0.814120888710022
0.7150852680206299
1.0557255744934082
0.6104914546012878
0.7992765307426453
0.8713721632957458
0.5878661274909973
0.7789748311042786
0.9167013764381409
0.7024047374725342
0.9346702694892883
1.1508349180221558
0.6925790309906006
0.9748950004577637
0.7512049078941345
0.5996901988983154
0.8352254629135132
0.5988179445266724
0.6851909756660461
0.5137302875518799
0.7796611189842224
1.0654759407043457
0.656579852104187
0.8695125579833984
0.718042254447937
0.8087342381477356
0.6850886940956116
0.9900445938110352
0.727631151676178
0.869818389415741
0.8805721998214722
0.6346592903137207
0.5970309972763062
0.5454623103141785
0.7275928258895874
0.6370810270309448
0.9175446033477783
0.6217706203460693
0.5650568008422852
0.8771594166755676
0.6934729814529419
0.7382856607437134
0.5552785396575928
0.4963526427745819
0.9196207523345947
0.7027065753936768
1.413299322128296
0.5997708439826965
0.8529889583587646
0.732883095741272
0.5030435919761658
0.8634238243103027
0.6698799729347229
0.7283307313919067
0.6163312196731567
0.8408157229423523
0.9341828227043152
0.7131600975990295
0.9832384586334229
0.6726840734481812
0.8421608209609985
0.7382065057754517
0.6815140843391418
0.7960963249206543
0.6425825357437134
0.51104736328125
0.6587364077568054
0.7043529152870178
0.5365666151046753
0.4091816544532776
0.4881189465522766
0.7635912895202637
0.5699372291564941
0.722986102104187
0.8035040497779846
0.6337429285049438
0.825070858001709
0.7379158735275269
0.5513865947723389
0.8257442712783813
0.8357921838760376
0.5627777576446533
0.7288589477539062
0.8298146724700928
0.5842095613479614
0.7446992993354797
0.8760703206062317
0.5931820273399353
0.6638477444648743
0.5977465510368347
0.9339056611061096
0.4640401601791382
0.7944765090942383
0.5578685402870178
0.8225942254066467
0.7274203896522522
0.6857320070266724
1.083143949508667
1.0459568500518799
0.5966427326202393
0.6666351556777954
0.6377891302108765
0.6747950911521912
0.6942218542098999
0.4603798985481262
0.9150834083557129
0.8419206142425537
0.6305743455886841
0.7362298965454102
0.6997783184051514
0.701076328754425
0.7616416215896606
0.4972757399082184
0.514392077922821
0.7881101369857788
0.8490990996360779
0.38430362939834595
0.9154245853424072
0.7016488909721375
0.696337878704071
0.7882765531539917
0.6616900563240051
0.7636380791664124
0.5363027453422546
0.9093315601348877
0.5618630647659302
0.7142812013626099
0.5507269501686096
0.6243872046470642
0.6624746322631836
0.5453436970710754
0.6290006637573242
0.8363390564918518
0.7734691500663757
0.8056582808494568
0.7217722535133362
0.7771907448768616
0.5810464024543762
0.757677435874939
0.4567440450191498
0.5121491551399231
0.7074105739593506
0.44348031282424927
0.8985546231269836
0.704535722732544
0.5402266383171082
0.7064654231071472
0.6798979043960571
0.48912471532821655
0.6930326819419861
0.93936687707901
0.5402290225028992
0.7624008059501648
0.5518207550048828
0.7696388959884644
0.5253676176071167
0.5284395813941956
0.8244268894195557
0.6911884546279907
0.4776882529258728
0.5117545127868652
0.4515167474746704
0.4525475800037384
0.8025434613227844
0.9763137698173523
0.6648327708244324
0.6527547836303711
0.5639739036560059
0.6159886121749878
0.6055616140365601
0.41719114780426025
0.7610629200935364
0.6421121954917908
0.56133633852005
0.8979366421699524
0.8238970041275024
0.6111024022102356
0.562887966632843
0.4654040038585663
0.5997583866119385
0.759972095489502
0.8202956914901733
0.8430072069168091
0.6207336187362671
0.44420164823532104
0.4120844602584839
0.528759241104126
0.5464938879013062
0.6430562734603882
0.7775815725326538
0.7613147497177124
0.5496570467948914
0.6939473748207092
0.4651643633842468
0.5961503386497498
0.48375627398490906
0.8638765811920166
