4.557102143002288
4.495982094493973
4.459465937236386
4.428773072064685
4.400488482106982
4.376318118151496
4.350866453117117
4.330766984568838
4.307661983363159
4.288408347102992
4.263504850894899
4.242918937102608
4.219050763818005
4.193240453215206
4.168885444131349
4.145053100707891
4.1200226969121365
4.09613308729723
4.07141222185491
4.050758642613736
4.033785755372109
4.012511439945387
3.9931430697745984
3.9774792063266724
3.961594041046279
3.9371762233012166
3.91894966379151
3.9013145451655475
3.88330436576053
3.8654730310830314
3.847638354581945
3.8297129756654313
3.8107442770467697
3.791412128816785
3.771648231064877
3.750672369052077
3.7325945586499656
3.7086682222078524
3.695800092823975
3.6760998799672824
3.655688143447232
3.6339193936199177
3.623367904092345
3.5970063843690525
3.5813482121738325
3.553565837233268
3.532746705557684
3.5121013871239275
3.4935373936772653
3.476756928826842
3.44896649521635
3.4288107690298952
3.4143787896846565
3.3887015721377205
3.372378443513075
3.350444056798735
3.3353969556901157
3.3153377719547437
3.297699482544609
3.283873047365252
3.263064984165494
3.2422187139311105
3.225244209589556
3.2071189956591866
3.1942471424332055
3.1811113427667057
3.1618287078559857
3.144379242606785
3.131018293483178
3.1110282694287315
3.0981750963898875
3.0800572048367747
3.069462587156564
3.046085852186393
3.0379100351992165
3.022314605810453
3.0025446823490856
2.9874711478762612
2.9676443399370784
2.9522566414245253
2.9384582015254614
2.9219951922326444
2.907349320323876
2.8946343751819543
2.8732370000970944
2.8572144871172696
2.843393886790556
2.8269186946742066
2.815638060155122
2.8021183151113407
2.782773563928921
2.7681999133371025
2.7552109600028114
2.7400838578753457
2.7161620708987537
2.713090246900573
2.6850208303202754
2.6753352185344452
2.6637644783005383
2.6523275555247237
2.6334572963397522
2.6234844118128042
2.602374615876571
2.5921690464019775
2.5790858899845794
2.5605755998655355
2.5494340947826806
2.5319173086024915
2.521541828542109
2.5045319733107485
2.494624631179263
2.4795283063903186
2.4726747291167372
2.4483395670076162
2.4339102320658887
2.420567283849887
2.4115819298397856
2.394132890969591
2.382193480153828
2.3684299498262917
2.359552421990563
2.3455492559906164
2.3331414134910955
2.3103260551877036
2.3012445084274273
2.290237915180528
2.2743128873503116
2.2665093884138803
2.2512934078340945
2.236476369068751
2.221752781849688
2.2096539322677478
2.204330138843078
2.190378187562499
2.176461819645084
2.1646909654292914
2.147253319125651
2.1411075784117366
2.1274298841081314
2.10798322224556
2.1044298963778463
2.0978879410287607
2.0784716374428984
2.0677275227768646
2.0529613494873047
2.0456390545496244
2.026145873014884
2.015416720486663
2.01652219777217
1.997881350157511
1.9802333740017297
1.9701344181814462
1.9611135722731081
1.9490167117484696
1.9378997540230032
1.9244871920027087
1.9088794157633087
1.8969922387386526
1.896654713946535
1.8761774397567106
1.8636667615617328
1.8576432149428541
1.8442786494484338
1.8221247725169678
1.8288233580491733
1.8116180294614923
1.8022432254098566
1.7922923423140251
1.7790324492832583
1.7654367418545287
1.7459474367558803
1.743509805873227
1.7294954620968654
1.7157880171485569
1.7117571949653918
1.708951893974753
1.680611278699792
1.6727991305348817
1.668037816844023
1.6568050242750847
1.648563765656308
1.633836956890038
1.6234664593816108
1.6120662474266403
1.6084392898527862
1.5925208362167145
1.5838421200547377
1.559501241540055
1.565268456478558
1.5559608889052936
1.5390675227965236
1.526977170763723
1.5238882556290883
1.514405710084359
1.4990100952822838
1.4960232115615055
1.47843589265938
1.4676920049025883
1.4645195142997196
1.4361263343592738
1.4380442305751469
1.4244970107627342
1.4209450724179788
1.4091062721084147
1.3976082237022918
1.3816183042495758
1.3716277049478058
1.377244784322846
1.3650722507473148
1.3534759878350036
1.3345103781394032
1.3275936740591092
1.3210024451813125
1.3050172365534947
1.2931968976774484
1.2888201643591342
1.269338136210161
1.2662528065007057
1.254552844006692
1.248558106553524
1.2443092843455732
1.221235915827934
1.2157377966529572
1.205630125901888
1.198283098847665
1.191367430302798
1.1780459987537941
1.1656915188750343
1.1613938068337453
1.1442520318128873
1.1376225242529379
1.1268886961900364
1.1192404592738432
1.1118087856208576
1.1126042086145151
1.0948920529669204
1.088691886047573
1.0871063012753606
1.0671996840887972
1.0534988321611642
1.0530194761731742
1.0426208174899412
1.046931608177512
1.0215139235834332
1.017354921459237
1.0088641154949012
1.003282777183806
0.9951573134688161
0.978937033192276
0.9779226658746715
0.9591092381940778
0.9601121504822046
0.9457346771074377
0.9409215558520363
0.927926753869142
0.9241472878648193
0.9193418154021358
0.903649052085779
0.9056198319129627
0.8879051647908852
0.877838457636821
0.8770277873253274
0.8644101910883814
0.8620935537473625
0.8460776626758868
0.8396781033186047
0.8295306972682933
0.8294527535624516
0.8162452294241132
0.8097832034082364
0.8061737048122889
0.7965750887494563
0.7830451560752166
0.7854454255165042
0.77460566749963
0.7643597248341422
0.765749747605275
0.7491235729983395
0.742690562973242
0.7413031437893962
0.7308316299753725
0.7187454931418914
0.7129334482695441
0.713092896677649
0.7063638923494407
0.6999725664363188
0.6889360154909856
0.6843833476686112
0.6817327428351888
0.6642822797417336
0.662081848325022
0.6509643009556528
0.6479635692542166
0.6445509560806367
0.6429687468215938
0.6310524000307484
0.6346002600686934
0.6229115293916229
0.6215233181596107
0.6089256470618041
