1.6219999999999999
2.21
3.02
3.4819999999999998
3.994
4.434
4.676
4.904
5.252
5.2780000000000005
5.454
5.722
5.94
6.35
6.4719999999999995
6.812
7.158
7.3660000000000005
7.580000000000001
7.974
8.283999999999999
8.626000000000001
8.632
9.04
9.1
9.41
9.74
9.896
10.472
10.546
10.834000000000001
10.74
11.072
11.444
11.623999999999999
12.016
12.2
12.726
13.0
13.33
13.767999999999999
14.086000000000002
14.254
14.621999999999998
14.934
15.478
15.764
16.292
16.672
16.950000000000003
17.328
17.554
17.804000000000002
18.112000000000002
18.522
19.008
18.934
19.368
19.81
19.82
20.236
20.688000000000002
20.926000000000002
21.378
21.532
21.754
21.994
22.364
22.554
22.782
23.206
23.308
23.79
24.238
24.11
24.610000000000003
24.988
25.247999999999998
25.438
25.91
26.022000000000002
26.497999999999998
26.764
26.856
27.398
27.55
27.906
28.264
28.618
28.804000000000002
29.206
29.424
29.65
30.048000000000002
30.508000000000003
30.702
31.22
31.272
31.444
31.772
32.128
32.35
32.7
32.698
33.176
33.556000000000004
33.872
34.102
34.25
34.8
34.836
35.104
35.358000000000004
35.92
36.156
36.398
36.52
37.15
37.419999999999995
37.476
37.796
37.984
38.244
38.976
39.068000000000005
39.376
39.64
39.816
40.12
40.464
40.772000000000006
40.992
41.192
41.384
41.732
41.964
42.208
42.524
43.0
43.402
43.480000000000004
43.796
44.002
44.278
44.446000000000005
44.666
45.272
45.444
45.338
45.986
46.123999999999995
46.63
46.582
47.08
47.48
47.454
47.839999999999996
48.404
48.198
48.852000000000004
48.962
49.242000000000004
49.488
50.14999999999999
49.748
50.064
50.598
50.651999999999994
50.882000000000005
51.476
51.952
51.937999999999995
52.31400000000001
52.444
52.538
52.6
53.55
53.461999999999996
53.666000000000004
54.04
54.266000000000005
54.635999999999996
54.669999999999995
55.228
55.00000000000001
55.458
55.791999999999994
56.238
56.204
56.510000000000005
56.842000000000006
57.21000000000001
57.284
57.599999999999994
58.008
57.846
58.47
58.664
58.73199999999999
59.346
59.292
59.955999999999996
59.72
60.129999999999995
60.266
60.828
61.12800000000001
60.988
61.273999999999994
61.48400000000001
62.08
61.96
62.536
62.732
63.182
63.062
63.739999999999995
63.73
64.312
64.05999999999999
64.30799999999999
64.788
64.98
65.354
65.444
65.574
66.256
66.434
66.47800000000001
67.044
67.14
67.518
67.712
67.794
67.738
68.134
68.554
68.39
69.204
69.19
69.472
69.554
69.628
70.306
70.36
70.78
70.828
70.814
71.446
71.34
72.07000000000001
71.756
72.2
72.602
72.82600000000001
73.10799999999999
73.156
73.366
73.52199999999999
73.82
74.006
74.16199999999999
74.496
74.666
75.104
75.35
75.524
75.69399999999999
75.864
76.166
76.042
76.334
76.90599999999999
76.752
76.998
77.306
77.29
77.842
77.97800000000001
78.036
78.408
78.634
79.034
78.75
79.034
79.092
79.636
79.55799999999999
79.742
80.394
80.34599999999999
80.658
80.67800000000001
80.78800000000001
81.008
81.17
81.254
81.34599999999999
81.44200000000001
81.894
