303.3348751068115
296.9205505847931
297.2029230594635
296.8309829235077
297.0651750564575
297.23686265945435
296.774121761322
297.08070397377014
297.08105206489563
296.85943937301636
296.9603214263916
297.002064704895
296.93721556663513
296.99693965911865
297.07550263404846
296.94176483154297
297.13860607147217
297.0148594379425
297.0287299156189
297.17529940605164
296.9598865509033
297.1277480125427
297.0499906539917
296.8915476799011
297.1827812194824
297.05042695999146
296.9218430519104
297.1062550544739
297.05874466896057
296.88023805618286
297.21334624290466
297.0930976867676
296.9581289291382
297.0761630535126
297.03299593925476
297.10881900787354
297.2606258392334
296.85210490226746
296.98674154281616
297.1183204650879
296.8586070537567
297.01275086402893
296.95673394203186
296.9660484790802
297.141996383667
296.90843200683594
297.00947666168213
297.17749857902527
296.9221498966217
296.9647784233093
297.21892285346985
296.91461992263794
297.00625562667847
297.1550042629242
296.77019238471985
297.090368270874
296.9914207458496
296.82607769966125
297.0414810180664
296.9130573272705
297.0046167373657
297.21067333221436
297.0218930244446
297.03677248954773
297.1077790260315
296.87376832962036
297.1193461418152
297.1192846298218
296.84213399887085
297.13426446914673
297.0039060115814
296.8760824203491
297.16220140457153
296.9071924686432
296.8803548812866
297.0157587528229
296.96080350875854
296.8273148536682
297.8070447444916
297.19808053970337
297.1346757411957
297.0880832672119
296.90905928611755
297.169508934021
297.00065422058105
296.92498564720154
297.16929817199707
297.00990056991577
296.992990732193
296.9976942539215
297.02301836013794
297.1495487689972
297.05877566337585
297.0038459300995
297.02842950820923
297.0010566711426
297.02480006217957
297.2127015590668
297.12885093688965
296.8477177619934
297.1620042324066
297.1376247406006
297.68959975242615
297.1218864917755
297.0997693538666
296.8987286090851
296.86466693878174
296.9462947845459
296.88473558425903
296.978698015213
296.88507556915283
296.98658514022827
297.0850944519043
296.96705198287964
297.0272011756897
297.0436851978302
297.02481722831726
298.0364603996277
296.8530309200287
297.1419141292572
297.02490878105164
296.9672634601593
297.00400376319885
296.93841552734375
296.95088386535645
297.1931412220001
297.0165240764618
296.94167947769165
297.30026721954346
297.0436358451843
296.9425296783447
297.33301520347595
296.9724769592285
296.99378418922424
297.14091086387634
296.9484257698059
297.0560336112976
297.01211428642273
296.8851845264435
297.0820474624634
296.9992513656616
296.95005202293396
297.0774552822113
296.95386600494385
296.88098430633545
297.1727774143219
296.94737434387207
297.01808619499207
297.22012162208557
296.9280517101288
297.0028088092804
297.3001809120178
296.99930119514465
297.11349296569824
297.0276987552643
296.9963481426239
296.9717209339142
297.07920718193054
296.9978687763214
297.1003894805908
297.0357577800751
296.97386932373047
297.214910030365
296.9311590194702
297.23832988739014
297.9974887371063
297.28546929359436
298.0232870578766
298.17601895332336
298.37650871276855
298.7764992713928
298.7253575325012
298.33910965919495
298.47545433044434
299.5676267147064
298.6568446159363
298.9825644493103
299.1414177417755
298.2940888404846
298.6850063800812
298.9167811870575
316.44356417655945
351.67515444755554
355.3025951385498
354.5554895401001
352.3922715187073
343.265043258667
347.26332092285156
297.0951797962189
297.3326494693756
297.34040784835815
297.16666650772095
297.46144342422485
297.33903408050537
297.07948207855225
297.4459297657013
297.18546080589294
297.1424648761749
297.3647549152374
297.12462759017944
297.2934820652008
297.3371739387512
297.1458990573883
297.32283210754395
297.3145112991333
297.2207341194153
297.3053185939789
297.2977285385132
297.1249108314514
297.40924882888794
297.2471573352814
297.1822290420532
297.4247660636902
297.2663311958313
297.15102529525757
297.4738585948944
297.564213514328
297.212872505188
297.3888339996338
297.2684237957001
297.3230528831482
297.3081593513489
297.10409665107727
297.3112087249756
297.3326690196991
297.1553795337677
299.4573118686676
308.3271858692169
334.8934106826782
299.3573203086853
299.20156717300415
300.52724027633667
306.05485796928406
297.7276933193207
297.52023363113403
297.7909462451935
297.55680799484253
297.4857723712921
297.6621057987213
297.5320694446564
297.61241722106934
297.7796528339386
297.5656900405884
297.8434135913849
297.7584481239319
297.326189994812
297.8032658100128
297.59293818473816
297.5336420536041
297.8029570579529
297.5860013961792
297.47463488578796
297.59818720817566
297.56769609451294
297.801860332489
297.60546827316284
297.6415042877197
297.5574584007263
297.74357891082764
297.3856887817383
297.6836521625519
297.7344560623169
297.36971259117126
297.7834496498108
297.4683244228363
297.52525329589844
297.6538395881653
297.45946764945984
298.1177043914795
297.68167424201965
297.4550566673279
297.52755093574524
297.6720938682556
297.56330394744873
297.8036382198334
297.5838589668274
297.5282063484192
297.80029821395874
297.60324025154114
297.39072012901306
297.74112939834595
297.47521471977234
297.5847325325012
297.6891167163849
297.4170217514038
297.6403033733368
297.4729599952698
297.4599006175995
297.4951922893524
297.67359471321106
297.3640773296356
297.78613781929016
297.67250418663025
297.4190926551819
297.7348642349243
297.52108812332153
297.40825033187866
298.2177884578705
298.8931095600128
298.8272714614868
