4.587972640991211
4.523158550262451
4.574476718902588
4.598659992218018
4.483156204223633
4.566040992736816
4.513625144958496
4.567264556884766
4.5118842124938965
4.455269813537598
4.363754749298096
4.475955486297607
4.584425449371338
4.562320709228516
4.508550643920898
4.477875232696533
4.439323902130127
4.571194171905518
4.466195106506348
4.411871910095215
4.51458740234375
4.5062432289123535
4.452991962432861
4.43838357925415
4.489913463592529
4.45216178894043
4.365494251251221
4.430408000946045
4.4320597648620605
4.452338218688965
4.495776176452637
4.402290344238281
4.426998138427734
4.420412540435791
4.439488887786865
4.342597961425781
4.399710178375244
4.317286014556885
4.366786956787109
4.496957778930664
4.313223838806152
4.304255485534668
4.403905391693115
4.360793590545654
4.395809650421143
4.325047016143799
4.2024664878845215
4.351415157318115
4.333378791809082
4.295505523681641
4.522099494934082
4.346324920654297
4.340677738189697
4.252348899841309
4.306308269500732
4.337543964385986
4.3904829025268555
4.241117477416992
4.278051376342773
4.338534832000732
4.2535529136657715
4.243131160736084
4.365235328674316
4.302457809448242
4.284712791442871
4.177576065063477
4.301634788513184
4.1833109855651855
4.265445709228516
4.009858131408691
4.288983345031738
4.156699180603027
4.230547904968262
4.36789083480835
4.327336311340332
4.270589351654053
4.190762042999268
4.327033519744873
4.1534318923950195
4.453962802886963
4.13953971862793
4.27750301361084
4.306321620941162
4.118054389953613
4.117280006408691
4.406418323516846
4.260447025299072
4.1023268699646
4.096654891967773
4.131142616271973
4.0954718589782715
4.196688652038574
4.1283111572265625
4.330967426300049
3.923219919204712
4.217936992645264
4.197920322418213
4.018066883087158
4.207079887390137
4.280264377593994
4.227503776550293
4.26127815246582
3.996389150619507
4.2486891746521
4.133678913116455
4.219880104064941
4.1750993728637695
3.9293556213378906
4.084441184997559
4.208982467651367
4.195374965667725
4.244784355163574
4.262482643127441
4.4061665534973145
3.9970624446868896
4.396946907043457
3.993173837661743
4.073203086853027
4.1666131019592285
4.092273712158203
4.095213890075684
3.913163185119629
3.9369380474090576
4.152211666107178
4.104098796844482
4.242351531982422
4.0724287033081055
4.340880393981934
4.2325663566589355
4.031114101409912
3.894529342651367
3.98177170753479
4.351743698120117
4.235416889190674
4.013217926025391
4.052481174468994
3.8436737060546875
4.326823711395264
4.187033653259277
4.289065837860107
4.0339155197143555
3.939251184463501
3.977252960205078
4.054079532623291
3.801013708114624
4.157003879547119
4.328939437866211
4.012423515319824
4.003146171569824
4.054113864898682
4.052127838134766
4.210903167724609
4.057671070098877
4.251882553100586
4.022012710571289
3.9346675872802734
4.184961795806885
4.191691875457764
3.967073917388916
4.083491325378418
3.764288902282715
4.075619220733643
4.113003253936768
3.9261651039123535
3.8327598571777344
3.879547595977783
4.0005645751953125
3.9491965770721436
3.829291343688965
4.006680488586426
3.701688051223755
4.063284873962402
3.848524570465088
3.9723007678985596
4.110837936401367
3.9407906532287598
4.059912204742432
3.918558359146118
4.0460004806518555
3.9552860260009766
3.9376232624053955
3.7943811416625977
3.786989212036133
3.8550045490264893
4.195304870605469
3.9367785453796387
3.9906275272369385
4.153122425079346
3.942195177078247
3.930204391479492
3.954862117767334
4.0409698486328125
3.827845335006714
3.855350971221924
3.7600486278533936
3.8886194229125977
3.7809488773345947
4.039736747741699
3.9641335010528564
4.003210067749023
3.796699047088623
3.8579530715942383
4.0395917892456055
3.9528424739837646
3.9058210849761963
3.809034824371338
3.753640651702881
3.724583148956299
3.7705488204956055
3.7793638706207275
3.977954149246216
4.060098171234131
3.930698871612549
3.9112281799316406
4.148041248321533
4.0048933029174805
3.900261640548706
3.6857242584228516
3.74685001373291
3.8772597312927246
4.032980442047119
3.703958511352539
3.8875606060028076
3.9894001483917236
3.81697940826416
3.8123106956481934
3.7506394386291504
3.9021990299224854
3.544238567352295
3.887307643890381
3.840620517730713
3.9346022605895996
3.785318613052368
3.7585644721984863
3.7175357341766357
3.900919198989868
3.741964101791382
3.636361837387085
3.7833077907562256
3.938030242919922
3.832659959793091
3.6760923862457275
3.900524139404297
3.7919697761535645
3.7008471488952637
3.766630172729492
4.072315692901611
3.6341183185577393
3.701840400695801
3.7845866680145264
3.6467511653900146
3.524176597595215
3.722029447555542
3.7067904472351074
3.729264259338379
3.744213581085205
3.467414617538452
3.893259286880493
3.6998109817504883
3.6421704292297363
3.5792453289031982
4.11856746673584
3.8944976329803467
3.540492057800293
3.7138750553131104
3.728309154510498
3.518641233444214
3.764009475708008
3.783231019973755
3.8260858058929443
3.3522849082946777
3.7252848148345947
3.59025239944458
3.5428647994995117
3.5565097332000732
3.8275585174560547
3.6553304195404053
3.726370096206665
3.9181504249572754
3.4807546138763428
3.8103842735290527
3.992090940475464
3.804924726486206
3.5462729930877686
3.5509464740753174
3.723102331161499
3.7766950130462646
3.5864615440368652
3.449521064758301
3.8390002250671387
3.4251883029937744
3.806236982345581
3.6118929386138916
3.822629451751709
3.6730613708496094
3.488515615463257
3.5513880252838135
3.8145644664764404
3.3890480995178223
3.6621766090393066
3.723768711090088
3.549025535583496
3.9706103801727295
3.7139086723327637
3.3645520210266113
3.647620916366577
3.4697961807250977
3.4546263217926025
3.789654016494751
3.629840135574341
3.583926200866699
3.5029830932617188
3.540499448776245
3.3532896041870117
3.4638333320617676
3.3712050914764404
3.60760760307312
3.567089796066284
3.545593500137329
3.330042600631714
3.4944276809692383
3.3729794025421143
3.49212384223938
3.729968786239624
3.7411949634552
3.5262961387634277
3.578220844268799
3.6080567836761475
3.4313714504241943
3.394761800765991
3.5025007724761963
3.47145676612854
3.3502323627471924
3.5622222423553467
3.729254722595215
3.204362392425537
3.5433623790740967
3.2982141971588135
3.2006731033325195
3.2867188453674316
3.6843886375427246
3.511427640914917
3.466581344604492
3.353909969329834
4.056042194366455
3.393502712249756
3.604339361190796
3.4519684314727783
3.661141872406006
3.7021467685699463
3.239914894104004
3.5755348205566406
3.4965453147888184
3.680438995361328
3.374756336212158
3.4298486709594727
3.6035330295562744
3.526336193084717
3.5004615783691406
3.305638551712036
3.393613815307617
3.484954595565796
3.4640791416168213
3.343599319458008
3.3713440895080566
3.296142578125
3.4229440689086914
3.3445723056793213
3.4512381553649902
3.4380643367767334
3.3362767696380615
3.4373834133148193
3.5760297775268555
3.5981783866882324
3.5676333904266357
3.2680470943450928
3.5177760124206543
3.160025119781494
3.245516300201416
3.55294132232666
3.388577699661255
3.4107067584991455
3.394073486328125
3.1909964084625244
3.178731679916382
3.197058916091919
3.3918874263763428
3.5092763900756836
3.300809144973755
3.7567551136016846
3.0114970207214355
3.4303534030914307
3.4063310623168945
3.3586928844451904
3.3377978801727295
3.3008391857147217
3.2250654697418213
3.449287176132202
3.5632035732269287
3.5773050785064697
3.3748886585235596
3.2392067909240723
3.188114643096924
3.2892279624938965
3.268720865249634
3.067209243774414
3.098296642303467
3.560410737991333
3.4759185314178467
3.42291259765625
3.341897964477539
3.6256301403045654
3.523603916168213
3.316462516784668
3.210373640060425
3.296119451522827
3.04620361328125
3.3746023178100586
3.3715877532958984
3.464536428451538
3.2090506553649902
3.5737481117248535
3.192854881286621
3.2711143493652344
3.0219919681549072
3.3652806282043457
3.76706862449646
3.2836906909942627
3.438631772994995
3.2081410884857178
3.0511631965637207
3.3533570766448975
3.180541753768921
3.242783784866333
3.3229188919067383
3.485926866531372
3.2229886054992676
3.1701040267944336
3.1530637741088867
3.1513843536376953
3.282505512237549
3.4380180835723877
3.333055257797241
3.2323801517486572
3.103970527648926
2.837362051010132
3.3468713760375977
3.571310520172119
3.1286404132843018
3.1237633228302
2.9237148761749268
3.3015332221984863
2.822658061981201
3.363779306411743
3.0986948013305664
3.2127413749694824
3.5797171592712402
3.3700520992279053
3.1473429203033447
3.137662410736084
2.9724929332733154
3.309001922607422
3.4650607109069824
3.388355255126953
3.2454137802124023
2.9613091945648193
3.06148099899292
2.98750376701355
3.545875072479248
3.4384758472442627
3.149980068206787
3.2538323402404785
3.291856288909912
3.0545594692230225
3.1274311542510986
3.1658499240875244
3.599858045578003
3.024956226348877
3.457054615020752
2.9843573570251465
3.0692591667175293
3.416639804840088
3.1720287799835205
3.0578725337982178
3.1736092567443848
3.271653652191162
3.066709280014038
3.3524317741394043
3.147230625152588
3.190133810043335
3.0297014713287354
3.1772656440734863
3.6311213970184326
3.2747933864593506
3.217726945877075
3.029376745223999
3.281026840209961
3.1826870441436768
3.0736465454101562
3.013049840927124
3.083937644958496
2.9890027046203613
3.334566354751587
3.3079564571380615
3.025463581085205
3.1663291454315186
2.9359662532806396
3.0039639472961426
3.004262924194336
3.0942418575286865
3.0821409225463867
3.3309524059295654
3.2312190532684326
3.1900460720062256
3.2751474380493164
3.1938765048980713
3.329509973526001
3.110384225845337
3.482123851776123
3.3973052501678467
2.9460668563842773
2.9396939277648926
2.8693645000457764
2.9894182682037354
3.0808181762695312
3.2488644123077393
2.9303317070007324
3.1715478897094727
2.8088793754577637
3.093886375427246
3.350842237472534
2.9446325302124023
2.843992233276367
2.923419952392578
3.281123161315918
3.4336047172546387
3.0453696250915527
2.9810690879821777
3.4108071327209473
3.318974018096924
3.0586812496185303
2.507388114929199
2.9464845657348633
3.2242727279663086
2.9841790199279785
3.192316770553589
3.027272939682007
3.116036891937256
3.070554733276367
2.7820873260498047
3.2566347122192383
3.248554229736328
2.8542163372039795
3.1273834705352783
2.703640937805176
2.7342090606689453
3.276388168334961
2.7236483097076416
3.0137758255004883
2.963895559310913
2.778768301010132
2.958127498626709
2.952467918395996
3.118753671646118
3.260457992553711
2.9332704544067383
2.946929693222046
2.903724193572998
2.884610891342163
2.9976747035980225
2.8849880695343018
3.1394617557525635
2.9120054244995117
2.782572031021118
3.244361162185669
3.158409357070923
2.8098058700561523
3.253596305847168
2.793585777282715
2.935253620147705
2.966407299041748
2.8277339935302734
2.798888921737671
3.430048942565918
2.8430378437042236
2.7706940174102783
3.0375823974609375
2.970989465713501
3.052480936050415
2.8006668090820312
2.9120001792907715
2.9157655239105225
3.18037486076355
3.191744089126587
2.884629249572754
3.282254457473755
2.9871678352355957
3.011927604675293
2.9016880989074707
2.966658115386963
2.7606284618377686
3.000361204147339
2.642604112625122
3.043196678161621
2.8717105388641357
2.8946189880371094
3.1452770233154297
2.724992513656616
2.838611602783203
3.0688140392303467
3.0204451084136963
3.0225799083709717
3.2108685970306396
2.9700982570648193
2.933481454849243
3.10304856300354
3.0286214351654053
2.7617640495300293
3.143603563308716
2.9490084648132324
2.7075934410095215
2.7891297340393066
2.8985795974731445
2.799922466278076
3.1079955101013184
3.037076950073242
3.268756151199341
3.0329766273498535
2.952254295349121
2.8419222831726074
2.993882656097412
3.3536393642425537
2.8544223308563232
2.867234230041504
2.970076084136963
3.0600693225860596
2.693847894668579
3.261690139770508
2.9251909255981445
3.025949001312256
3.0448050498962402
2.8794338703155518
2.7027618885040283
3.1626453399658203
2.8083043098449707
2.8776328563690186
3.0602664947509766
2.776702880859375
2.9167251586914062
3.0194945335388184
2.864302158355713
3.0190279483795166
2.6899218559265137
2.7059152126312256
2.6336681842803955
2.8653299808502197
2.912858009338379
2.5853021144866943
2.3342881202697754
3.481555223464966
2.9353959560394287
2.6476521492004395
2.796827793121338
2.7856199741363525
2.9101219177246094
2.6066715717315674
2.6753013134002686
2.7451205253601074
2.834986686706543
3.051527738571167
3.0934290885925293
2.8493294715881348
2.635073661804199
3.0285463333129883
2.815690040588379
2.859286308288574
2.662696123123169
3.232982873916626
3.2400712966918945
3.025953769683838
2.7358016967773438
3.0055859088897705
3.0322279930114746
3.1133933067321777
2.5662131309509277
2.9701433181762695
2.8140757083892822
2.964434862136841
3.1177148818969727
2.7125370502471924
2.8654284477233887
2.9373795986175537
2.914228916168213
2.7182652950286865
3.049314498901367
2.9123728275299072
2.6261146068573
3.236888885498047
2.597602367401123
2.517115831375122
3.105785846710205
2.987733840942383
2.9643609523773193
2.747483015060425
2.9100089073181152
2.7633590698242188
2.4900338649749756
2.745059013366699
2.655961275100708
2.6590309143066406
3.03650164604187
2.7495100498199463
2.736557722091675
2.4879722595214844
2.598830461502075
2.527120351791382
3.1966350078582764
2.8434362411499023
2.74961256980896
2.7124316692352295
2.655470132827759
2.882943630218506
2.7799253463745117
2.7567899227142334
2.658013105392456
2.5889737606048584
2.772179365158081
2.73225998878479
2.574476718902588
2.679992914199829
2.7924675941467285
2.6749627590179443
2.712650775909424
2.7389988899230957
2.82504940032959
2.756059169769287
2.9818150997161865
2.80265212059021
2.465064287185669
2.9082624912261963
2.918457508087158
2.895354747772217
2.7382090091705322
2.600241184234619
2.781569242477417
2.6800003051757812
2.4244954586029053
2.939470052719116
2.758620500564575
2.871579885482788
2.643925666809082
2.5006046295166016
2.791141986846924
2.808614730834961
2.533156394958496
2.4516892433166504
2.57004451751709
3.0077590942382812
2.5296881198883057
2.9326674938201904
2.4496750831604004
2.453559637069702
2.5926685333251953
2.772068738937378
2.8430659770965576
2.933556318283081
2.932725667953491
2.851381301879883
2.968106746673584
2.6777634620666504
2.6973624229431152
2.5862889289855957
2.810581922531128
2.4832563400268555
2.9731998443603516
2.4264297485351562
2.8070030212402344
2.630992889404297
2.627835273742676
2.9033284187316895
2.435173988342285
2.669217586517334
2.7346742153167725
2.7143478393554688
2.766847610473633
2.989873170852661
2.50347900390625
2.6106715202331543
2.927474021911621
2.7941019535064697
2.913600206375122
2.654633045196533
2.456348180770874
2.8271658420562744
2.8104875087738037
2.57063364982605
2.5535244941711426
2.641842842102051
2.6864848136901855
2.368863344192505
2.791442394256592
2.8888328075408936
2.6978766918182373
2.9315481185913086
2.40285062789917
2.511904001235962
2.7178478240966797
2.797731399536133
2.640045166015625
2.6042068004608154
2.7143774032592773
2.7826478481292725
2.821446418762207
2.5121991634368896
2.584118366241455
2.5697245597839355
2.655315637588501
2.555173635482788
2.548640727996826
2.8232264518737793
2.9235615730285645
2.3925766944885254
2.1328163146972656
2.559011220932007
2.533003807067871
2.652009963989258
2.834770917892456
2.35282301902771
2.3098111152648926
2.239802837371826
2.7327592372894287
2.6689445972442627
2.4674458503723145
2.6159496307373047
2.6626391410827637
2.5250210762023926
2.783607244491577
2.4515562057495117
2.996520519256592
2.7943758964538574
2.65096378326416
2.4353692531585693
2.366856336593628
2.75856876373291
2.9495692253112793
2.4647886753082275
2.186350107192993
2.5410079956054688
2.480215549468994
2.7723870277404785
2.6831233501434326
2.86006760597229
2.2643814086914062
2.418179988861084
2.4536802768707275
2.690821409225464
2.4146313667297363
2.6134204864501953
2.1814589500427246
2.188732862472534
2.6239657402038574
2.637119770050049
2.3471014499664307
2.072361469268799
2.5449135303497314
2.318148136138916
2.300637722015381
2.339042901992798
2.620462656021118
3.1102452278137207
2.775778293609619
2.655669689178467
2.1203060150146484
2.552217960357666
2.141535997390747
2.6927719116210938
2.4780099391937256
2.322965383529663
2.6830992698669434
2.3765616416931152
2.0741066932678223
2.4270102977752686
2.607900857925415
2.1616451740264893
2.35254168510437
2.8407211303710938
2.5685863494873047
2.479646682739258
2.7591257095336914
2.454094886779785
2.425802707672119
2.44321608543396
2.4981305599212646
2.7803452014923096
2.5336296558380127
2.345839262008667
2.533358573913574
2.5424582958221436
2.748389482498169
2.5369768142700195
2.2446072101593018
2.5241453647613525
2.40842342376709
2.4358105659484863
2.5818212032318115
2.512911796569824
2.782453775405884
2.5693917274475098
2.6187448501586914
2.7285103797912598
2.595689296722412
2.4845547676086426
2.8615477085113525
2.3631627559661865
2.1931848526000977
2.397578001022339
2.2610862255096436
2.733973979949951
2.5800764560699463
2.3709816932678223
2.289275646209717
2.247978687286377
2.7133193016052246
2.618973970413208
2.3593969345092773
2.7259061336517334
2.3653039932250977
2.33872389793396
2.2503933906555176
2.732370376586914
2.4221115112304688
2.0679986476898193
2.689148426055908
2.969202756881714
1.8074673414230347
2.5806338787078857
2.7082104682922363
2.7201709747314453
2.218242883682251
2.3964338302612305
2.3765430450439453
2.6516528129577637
2.154879570007324
2.585184335708618
2.333292245864868
2.4150149822235107
2.4550087451934814
2.531202793121338
2.3352527618408203
2.519651412963867
2.6398766040802
2.759514093399048
2.520007610321045
2.255138397216797
2.586562395095825
2.4195849895477295
2.1701972484588623
2.331254720687866
1.9063401222229004
2.2622947692871094
2.4527535438537598
2.0036940574645996
2.3799898624420166
2.547863721847534
2.4073526859283447
2.242802143096924
2.407421827316284
1.9644993543624878
2.9681859016418457
2.626302719116211
2.450103282928467
2.325620412826538
2.435774564743042
2.6584391593933105
2.319014310836792
2.2338218688964844
2.4417760372161865
2.4288923740386963
2.3824548721313477
2.018155097961426
2.380763292312622
2.3156540393829346
2.4077978134155273
2.518510341644287
2.515920400619507
2.4738991260528564
2.4470856189727783
2.227896213531494
2.7731311321258545
2.335257053375244
2.4054629802703857
2.54189395904541
2.1764914989471436
2.5946128368377686
2.431171178817749
2.3174479007720947
2.114267110824585
2.0475058555603027
2.1112515926361084
2.1661267280578613
2.273885726928711
2.3847429752349854
2.0841310024261475
2.410240411758423
1.942562222480774
2.363232374191284
2.71769118309021
2.3581299781799316
2.230325698852539
2.446323871612549
2.2791457176208496
2.547410011291504
2.3379578590393066
2.195173740386963
2.015683174133301
2.3900973796844482
2.332048177719116
2.288574695587158
2.2155842781066895
2.2300939559936523
1.9178942441940308
2.518446445465088
2.2009317874908447
2.3381006717681885
2.5612173080444336
2.259511709213257
1.9837250709533691
2.6170926094055176
1.964475154876709
2.1986398696899414
2.2526443004608154
2.7271227836608887
2.21284556388855
2.2355563640594482
2.42460298538208
2.3442471027374268
2.4003796577453613
2.3981807231903076
2.4072470664978027
2.3575003147125244
2.1934926509857178
2.277127742767334
2.4713687896728516
2.5009655952453613
2.179405689239502
2.154097557067871
2.3819093704223633
2.595982074737549
2.3932292461395264
2.190553903579712
2.658499240875244
2.407421112060547
2.1955974102020264
2.1953022480010986
2.4539401531219482
2.4698996543884277
2.354332685470581
2.28035569190979
2.4562063217163086
2.1817660331726074
2.189781665802002
2.230106830596924
2.3891212940216064
2.776860237121582
1.8570668697357178
2.0406336784362793
2.0449843406677246
2.4077682495117188
2.306666612625122
2.355280876159668
2.278879165649414
2.334855556488037
2.142411470413208
1.8241047859191895
2.2893640995025635
2.1040844917297363
2.258493423461914
2.0111865997314453
1.6721153259277344
2.0326385498046875
2.1393494606018066
2.3634908199310303
2.2477807998657227
2.766223430633545
1.8741852045059204
2.109529733657837
2.2757749557495117
2.4336979389190674
1.9662545919418335
2.537853717803955
2.2937142848968506
2.0187880992889404
2.3814327716827393
2.4480113983154297
1.9530630111694336
2.0006048679351807
2.270129919052124
2.4572417736053467
2.131993532180786
2.2113897800445557
2.3730084896087646
2.2779340744018555
2.123178482055664
1.987917423248291
2.297196626663208
2.051285982131958
2.260277271270752
2.4358623027801514
2.0977790355682373
2.313608169555664
2.274336099624634
1.8907272815704346
2.114912509918213
1.9826902151107788
2.0800485610961914
2.0222361087799072
2.3499460220336914
2.230607032775879
2.0791478157043457
2.262011766433716
2.1525967121124268
2.219116687774658
2.136385202407837
1.8262397050857544
1.9832353591918945
2.058589458465576
2.05972957611084
2.209070920944214
2.062980890274048
2.161900520324707
2.2204103469848633
1.9911717176437378
2.285259485244751
2.297758102416992
2.136838436126709
2.0119478702545166
2.03871750831604
2.163784980773926
2.598907947540283
2.3025970458984375
2.2433383464813232
2.4311225414276123
2.3379831314086914
2.2767815589904785
1.8290894031524658
2.4373157024383545
2.420862913131714
2.6564643383026123
2.021615505218506
2.167034149169922
2.0826480388641357
2.1427013874053955
1.8866609334945679
2.3788652420043945
2.1161906719207764
1.9850331544876099
1.831899642944336
1.8971562385559082
2.2928664684295654
2.322847604751587
2.248856782913208
2.1220057010650635
1.8395262956619263
2.265498161315918
2.421867847442627
2.2259740829467773
2.253448963165283
2.1264514923095703
2.0132339000701904
1.9873870611190796
2.0507893562316895
2.140080451965332
1.913590669631958
2.034519672393799
1.953197956085205
1.9924283027648926
2.3857526779174805
1.8332552909851074
1.828845500946045
2.101862668991089
2.1667115688323975
1.9298254251480103
1.9750326871871948
1.8705474138259888
2.16154146194458
2.0363192558288574
1.927797555923462
2.11807918548584
1.8137869834899902
1.7491267919540405
2.177706718444824
2.217198371887207
2.327784299850464
2.0391910076141357
1.7397547960281372
1.9319238662719727
2.093087673187256
2.1576292514801025
2.205247163772583
2.3619863986968994
2.022524118423462
1.9911727905273438
2.0126097202301025
2.535691261291504
2.023381471633911
1.91277015209198
2.155273675918579
1.6868993043899536
2.254350423812866
1.9084463119506836
1.654430627822876
2.012078046798706
1.9783146381378174
2.086376190185547
2.049098491668701
1.797978401184082
2.174283981323242
1.9468140602111816
1.955452799797058
2.042238712310791
1.601487398147583
1.966799020767212
2.095238208770752
2.194018602371216
1.9515554904937744
1.7732371091842651
1.7388584613800049
2.092702865600586
2.556825876235962
1.8541128635406494
1.6942851543426514
2.0330848693847656
1.903741717338562
1.7731727361679077
1.6664716005325317
2.1795759201049805
2.269350290298462
2.322237730026245
2.2620387077331543
2.342449426651001
2.001004219055176
2.3875887393951416
2.1787192821502686
1.8729166984558105
2.0506632328033447
1.7717068195343018
1.6658538579940796
1.9601527452468872
1.8519328832626343
2.1280710697174072
2.0177223682403564
2.0893259048461914
1.9463157653808594
1.8493177890777588
2.2506496906280518
2.375633955001831
2.4052131175994873
1.9484323263168335
1.6776866912841797
2.173980951309204
2.0197675228118896
2.105226755142212
1.9458671808242798
1.898392915725708
1.9924956560134888
2.3051562309265137
2.289199113845825
1.6850637197494507
1.8766288757324219
1.7807204723358154
1.8653851747512817
2.203418493270874
1.7177448272705078
2.107374906539917
1.606168270111084
2.1320316791534424
1.939602255821228
2.086285352706909
1.9233206510543823
2.154387950897217
2.2802700996398926
1.8262219429016113
1.7209774255752563
2.0472450256347656
2.0999772548675537
2.0412871837615967
2.099010467529297
1.8378353118896484
2.1854746341705322
2.0128390789031982
1.7129848003387451
2.1770875453948975
2.067628860473633
2.011458158493042
2.034615993499756
1.414795160293579
1.8188068866729736
2.0649988651275635
1.8238955736160278
1.9547882080078125
1.889865517616272
2.0603208541870117
2.3294308185577393
2.50543475151062
1.8676633834838867
2.0904572010040283
1.801253318786621
2.1049463748931885
1.8924586772918701
2.1048219203948975
1.9201804399490356
2.320035934448242
1.9934499263763428
1.9280734062194824
2.1794660091400146
1.9718708992004395
2.1893763542175293
1.6107302904129028
1.929686427116394
1.9067671298980713
1.8671809434890747
2.1010823249816895
1.5997114181518555
1.96220862865448
2.234382390975952
2.007814884185791
1.7704122066497803
1.7138912677764893
1.8644343614578247
1.7785269021987915
1.9531383514404297
1.7750446796417236
1.968247413635254
1.9846278429031372
1.716782569885254
1.614480972290039
1.8135783672332764
2.002411365509033
1.767900824546814
1.867040753364563
1.7605355978012085
1.968368649482727
1.9218846559524536
1.6591695547103882
1.643664002418518
1.9552907943725586
1.807908296585083
1.7308375835418701
1.9820019006729126
2.230689287185669
1.8902907371520996
2.1838676929473877
1.8378381729125977
2.1972804069519043
1.6908771991729736
1.8269178867340088
2.017219305038452
1.677242636680603
1.6155846118927002
1.831545114517212
1.7620270252227783
1.8567851781845093
2.0797767639160156
1.7043187618255615
1.902946949005127
1.8099849224090576
2.177534818649292
1.9011098146438599
1.506782054901123
2.1291863918304443
1.4306895732879639
1.757280707359314
1.9579269886016846
1.7770681381225586
1.7649195194244385
1.8664971590042114
1.854870319366455
1.9759478569030762
1.6316759586334229
1.9003831148147583
1.9197697639465332
2.1396524906158447
1.8439733982086182
1.8338373899459839
1.9142725467681885
2.074829339981079
1.6413224935531616
1.7441105842590332
1.6926696300506592
1.7584717273712158
1.6961958408355713
1.801080584526062
1.9867796897888184
1.764984130859375
1.742780327796936
1.7883567810058594
2.0419809818267822
1.8088117837905884
2.135627269744873
1.8755501508712769
1.5138193368911743
1.8746074438095093
1.9154974222183228
1.7434180974960327
1.7274268865585327
1.7212717533111572
1.5574551820755005
2.0958096981048584
1.9375838041305542
2.2450764179229736
1.730258584022522
2.530452251434326
1.6709116697311401
1.5971903800964355
1.56392240524292
1.5166387557983398
1.5781196355819702
1.6006866693496704
1.6968203783035278
1.802229404449463
1.8534035682678223
1.5839483737945557
1.6999871730804443
2.0231776237487793
1.2935348749160767
1.7899638414382935
1.715206503868103
1.71787428855896
1.631561279296875
2.143393039703369
2.1712098121643066
1.995499849319458
1.4283571243286133
1.7579262256622314
1.8229646682739258
1.720065712928772
1.8466986417770386
2.0245096683502197
1.79322350025177
1.823349118232727
1.6813838481903076
1.8072694540023804
1.5604525804519653
1.8501726388931274
1.4509161710739136
1.9756157398223877
1.7743562459945679
1.911622405052185
1.624448299407959
1.5892990827560425
1.5922317504882812
1.6432623863220215
1.5552505254745483
1.8230994939804077
1.651436686515808
1.8291537761688232
1.728788137435913
1.941039800643921
1.4743173122406006
1.742291808128357
1.5231269598007202
1.7025277614593506
1.8460044860839844
1.7788249254226685
1.6846572160720825
2.005120038986206
1.4851802587509155
1.6793067455291748
1.628736138343811
1.858782172203064
1.4617975950241089
1.3832759857177734
1.3664075136184692
1.5286507606506348
1.9533356428146362
2.0898921489715576
1.870185375213623
1.7172003984451294
1.4992072582244873
1.8549251556396484
2.0097105503082275
1.88009774684906
1.885010838508606
1.7027578353881836
1.3434303998947144
1.4620163440704346
1.563830852508545
1.4403948783874512
1.786751627922058
1.7647960186004639
1.3074510097503662
1.7653452157974243
1.8076953887939453
1.4543646574020386
1.9445304870605469
1.5844390392303467
1.768234372138977
1.4383444786071777
1.5851168632507324
1.3881210088729858
1.8006346225738525
1.6618788242340088
1.5596295595169067
1.8184990882873535
1.5452519655227661
1.3421204090118408
1.948933482170105
1.7184876203536987
1.6378498077392578
1.5886905193328857
1.5978034734725952
1.8065811395645142
1.7698075771331787
1.9412282705307007
1.9994738101959229
1.6721504926681519
1.5531541109085083
1.6346529722213745
1.5082308053970337
1.914480447769165
1.7875359058380127
1.7281678915023804
1.483686923980713
1.6210119724273682
1.8189550638198853
1.7335823774337769
1.293420433998108
1.6774625778198242
1.5868374109268188
1.4455429315567017
1.660404086112976
1.67585027217865
1.4216374158859253
1.3181862831115723
1.568995714187622
1.4759929180145264
1.7296549081802368
1.6279467344284058
1.6503546237945557
1.8155320882797241
1.67076575756073
1.6209784746170044
1.448840618133545
1.4987149238586426
1.4705816507339478
1.5095882415771484
1.9019768238067627
1.3854342699050903
1.2785758972167969
1.3720109462738037
1.7520415782928467
1.4623613357543945
1.4245425462722778
1.6085325479507446
1.380329966545105
1.879684567451477
1.7830946445465088
1.7684110403060913
1.4358432292938232
1.690877914428711
1.541947364807129
1.5859458446502686
1.6631383895874023
1.4757866859436035
1.477879524230957
1.9651581048965454
1.663872480392456
1.53499174118042
1.1673800945281982
1.5908780097961426
1.865446925163269
1.5881984233856201
1.8723728656768799
1.776516318321228
1.9510011672973633
1.5686222314834595
1.48638117313385
1.4623116254806519
1.6679813861846924
1.9538477659225464
1.7161678075790405
1.6453943252563477
1.5309224128723145
1.7547487020492554
1.229650855064392
1.13046395778656
1.7959388494491577
1.7677175998687744
1.525424838066101
1.8573997020721436
1.4472242593765259
1.398736834526062
1.509612798690796
1.2625136375427246
1.8554682731628418
1.5421377420425415
1.7147786617279053
1.8018674850463867
1.5061163902282715
1.6184648275375366
1.4859468936920166
1.4271467924118042
1.4024509191513062
1.915785312652588
1.6839256286621094
1.6746125221252441
1.543662428855896
1.2579331398010254
1.3486950397491455
1.898828387260437
1.5333099365234375
1.9249484539031982
1.443272352218628
1.5505309104919434
1.2653857469558716
1.6858618259429932
1.2153630256652832
1.2470022439956665
1.1976028680801392
1.6049994230270386
1.879694938659668
1.3311353921890259
1.654767632484436
1.3503421545028687
1.4798698425292969
1.505023717880249
1.2666863203048706
1.4448137283325195
1.577468752861023
1.6982271671295166
1.4720280170440674
1.7097350358963013
1.117927074432373
1.7087301015853882
1.7163670063018799
1.4640122652053833
1.3192741870880127
1.5513591766357422
1.3984545469284058
1.1592777967453003
1.4577072858810425
1.5558054447174072
1.6054315567016602
1.2913811206817627
1.8012292385101318
1.2186607122421265
1.5168840885162354
1.5637086629867554
1.4760775566101074
1.670379400253296
1.4853782653808594
1.382870078086853
1.3423736095428467
1.5193067789077759
1.6290431022644043
1.5345906019210815
1.9659433364868164
1.5273008346557617
1.5120261907577515
1.1197280883789062
1.5976859331130981
1.34749436378479
1.5826079845428467
1.6479920148849487
1.402847409248352
1.741880178451538
1.3311558961868286
1.5006593465805054
1.1054890155792236
1.2348449230194092
1.4563239812850952
1.1304845809936523
1.3392478227615356
1.0499176979064941
1.3905434608459473
1.5205614566802979
1.4322818517684937
1.175935983657837
1.6626224517822266
1.1319435834884644
1.4687449932098389
1.5648424625396729
1.3548686504364014
1.401999592781067
1.289495825767517
1.5018926858901978
1.3530807495117188
1.4407377243041992
1.142292857170105
1.2869057655334473
1.6773467063903809
1.345270037651062
1.491355299949646
1.381644606590271
1.2894192934036255
1.6344753503799438
1.3556331396102905
1.635568618774414
1.524538516998291
1.4410713911056519
1.1139482259750366
1.3126521110534668
1.356396198272705
1.5046943426132202
1.4016202688217163
1.5674519538879395
1.4312955141067505
1.3523162603378296
1.4169241189956665
1.6701438426971436
1.2262965440750122
1.2060723304748535
1.2801629304885864
1.4033939838409424
1.5135952234268188
1.0973079204559326
1.2276031970977783
1.441890001296997
1.2990144491195679
1.1684348583221436
1.266011118888855
1.2422164678573608
1.498783826828003
1.402936339378357
1.3680778741836548
1.4155551195144653
1.0754108428955078
1.2473323345184326
1.3817908763885498
1.6607025861740112
1.7347618341445923
1.420214056968689
1.307435154914856
1.3322426080703735
1.455018162727356
1.3374567031860352
1.4161807298660278
1.6143792867660522
1.3389540910720825
1.1580407619476318
1.3402302265167236
1.3133361339569092
1.3939753770828247
1.476814866065979
1.3085776567459106
1.3228123188018799
1.0228705406188965
1.2946324348449707
1.3089767694473267
1.4234474897384644
1.2454407215118408
1.1960309743881226
1.25913405418396
1.3336124420166016
1.3045408725738525
1.554189682006836
1.523871660232544
1.0367156267166138
1.34733247756958
1.484192967414856
1.4906255006790161
1.225143313407898
1.4720042943954468
1.4242430925369263
1.1688848733901978
1.4763000011444092
1.5262588262557983
1.235307216644287
1.3753042221069336
1.426750659942627
1.0299067497253418
1.1258352994918823
1.4313225746154785
1.3898274898529053
1.3393468856811523
1.1955680847167969
1.5183035135269165
0.9851521849632263
0.879378080368042
1.2701870203018188
1.1684502363204956
1.4558883905410767
1.6627554893493652
1.0013649463653564
1.2423597574234009
1.2489343881607056
1.364792823791504
1.3693387508392334
1.55467689037323
1.2835564613342285
1.4809339046478271
1.616449236869812
1.3054471015930176
1.0287539958953857
1.337534785270691
1.4907134771347046
1.2458891868591309
0.9701459407806396
1.1105728149414062
1.1760104894638062
1.4315747022628784
0.928871214389801
1.1354095935821533
1.3071445226669312
1.1832098960876465
1.0648927688598633
1.3885705471038818
1.2330716848373413
1.464582085609436
1.516116976737976
1.1441909074783325
1.2468016147613525
1.437912106513977
1.2518349885940552
0.9214345216751099
1.19131600856781
1.1493667364120483
1.0349833965301514
1.1233943700790405
1.5361602306365967
1.11298668384552
1.2382428646087646
1.349832534790039
1.329664707183838
1.055729866027832
1.4629149436950684
1.3985350131988525
1.383886694908142
1.4750028848648071
1.5786219835281372
1.3653674125671387
1.2151634693145752
1.4037518501281738
1.1336569786071777
1.220753788948059
1.1994906663894653
1.3964000940322876
1.0134612321853638
1.5052311420440674
1.5356674194335938
1.3222935199737549
1.3787957429885864
1.5198163986206055
1.2348915338516235
0.9694063067436218
1.544837474822998
1.0926498174667358
1.330198049545288
1.1233046054840088
1.3043235540390015
1.1167123317718506
1.0584471225738525
1.2653639316558838
1.1512424945831299
1.2997938394546509
1.005913496017456
1.0173763036727905
1.2061909437179565
1.3490171432495117
0.9709972143173218
1.252967119216919
1.1144113540649414
1.203987956047058
1.0234642028808594
1.13352370262146
1.2696882486343384
1.1677507162094116
1.5451202392578125
1.3395991325378418
1.111714243888855
1.1498000621795654
0.8607281446456909
1.3274174928665161
1.0505088567733765
0.9211941361427307
1.087444543838501
1.3068735599517822
1.1711045503616333
1.2227305173873901
1.0195120573043823
1.0999577045440674
1.2653666734695435
1.037623643875122
1.2743983268737793
1.1286544799804688
0.9461470246315002
1.133562684059143
1.1415718793869019
0.9688585996627808
0.9765850305557251
1.0998536348342896
1.0829108953475952
1.151509165763855
1.2555980682373047
1.3810454607009888
1.3513365983963013
1.315630555152893
1.0901343822479248
1.0849822759628296
1.1417078971862793
1.2476392984390259
1.1842502355575562
0.9281774759292603
1.199920415878296
1.0433460474014282
1.1470937728881836
1.1725629568099976
1.144850730895996
1.0139456987380981
1.1580040454864502
1.0874565839767456
1.0851378440856934
0.8485931158065796
0.9438273906707764
0.9043858647346497
1.1650621891021729
1.5152608156204224
0.9248209595680237
1.1003363132476807
1.156264066696167
1.0667178630828857
1.2398834228515625
1.1286402940750122
1.2925879955291748
1.0848968029022217
1.5183535814285278
1.4758425951004028
1.0078648328781128
0.925585150718689
1.2428350448608398
1.394877552986145
0.7008153796195984
1.388476014137268
0.9819846749305725
1.2156635522842407
1.1892461776733398
1.1146011352539062
1.1443251371383667
0.9902084469795227
1.2165850400924683
1.0820770263671875
1.10892653465271
0.8856461048126221
1.0588960647583008
1.0248032808303833
1.0617971420288086
0.9942407011985779
0.834956705570221
0.9656777381896973
1.0819913148880005
1.557075023651123
1.3275525569915771
1.051563024520874
1.374132752418518
1.2458600997924805
0.9567434787750244
1.1460720300674438
1.1122090816497803
0.8813254833221436
0.9828488826751709
1.346199870109558
1.0987783670425415
1.0096092224121094
1.2195664644241333
1.259763240814209
0.9285824298858643
0.8778693079948425
1.0786893367767334
0.943989098072052
1.4491313695907593
0.9619007110595703
0.8832783699035645
0.8869485259056091
1.1614502668380737
1.0387476682662964
0.7782639265060425
0.9468483924865723
1.3248246908187866
0.9917089939117432
0.8803990483283997
0.9723310470581055
0.9731101989746094
1.0809086561203003
1.041710615158081
1.2521553039550781
0.8411524295806885
1.2044720649719238
0.9427132606506348
0.9013582468032837
0.9042844772338867
0.9454992413520813
0.993269145488739
1.0868111848831177
0.8769003748893738
0.8993358612060547
1.0510084629058838
1.2422280311584473
1.1739842891693115
1.2885158061981201
0.9482750296592712
0.9957806468009949
0.9271126985549927
0.8385688066482544
1.0621826648712158
0.9280474781990051
0.979171872138977
0.9127833247184753
1.4110230207443237
1.1164087057113647
0.8200804591178894
0.975923478603363
1.071955919265747
0.8832597136497498
0.880825400352478
0.8007786870002747
1.0471051931381226
0.9195103645324707
1.2349227666854858
1.106127381324768
1.2942625284194946
0.7650894522666931
0.9240224957466125
0.8885377049446106
1.0964717864990234
0.9045192003250122
0.8409596085548401
1.0688897371292114
1.1517542600631714
1.0932493209838867
1.0305655002593994
0.711668074131012
0.9778528213500977
0.904371440410614
1.096941351890564
1.0597437620162964
0.8143618702888489
1.1479958295822144
1.2514097690582275
0.9945921897888184
1.2136887311935425
0.9975631833076477
1.2953358888626099
0.9103001952171326
1.1597535610198975
0.9600985050201416
1.0277819633483887
0.9033083915710449
0.8593202233314514
1.1082289218902588
0.8177986145019531
0.9113097786903381
1.0751465559005737
0.8298953175544739
0.8901140093803406
0.8736048340797424
0.8335766196250916
1.1961538791656494
0.9948825240135193
0.849044680595398
0.768819272518158
0.9277360439300537
1.0194861888885498
1.0509029626846313
0.8736927509307861
0.8992770910263062
0.711383581161499
1.0671346187591553
1.061800479888916
1.1528222560882568
0.7275153398513794
1.2275257110595703
0.750298023223877
0.8972623944282532
0.8025937676429749
0.8998162746429443
1.1052470207214355
0.9999945759773254
1.027693748474121
1.0035783052444458
1.0336779356002808
0.9428118467330933
0.8251470327377319
0.926160991191864
1.0615028142929077
0.8518971800804138
1.0403327941894531
1.3429888486862183
1.0803674459457397
1.1567102670669556
0.8387690186500549
0.9508508443832397
1.088496446609497
0.6975401043891907
1.2549679279327393
0.9722449779510498
0.8056218028068542
0.8266857862472534
0.8975497484207153
1.0150667428970337
0.8359811305999756
