1.7000000000000002
2.3560000000000003
2.4979999999999998
2.9979999999999998
3.3300000000000005
3.718
4.0120000000000005
4.428
4.574
4.878
5.0200000000000005
5.478000000000001
5.742
5.9799999999999995
6.242
6.5360000000000005
6.844
7.03
7.172000000000001
7.498
7.7780000000000005
8.04
8.424
8.716
8.932
9.382
9.610000000000001
9.99
10.15
10.367999999999999
10.784
11.338
11.784
12.13
12.518
12.524
13.258000000000001
13.306000000000001
13.564000000000002
13.966000000000001
14.002
14.244000000000002
14.64
15.032
15.272
15.722
15.716
16.156000000000002
16.522000000000002
16.6
17.136000000000003
17.06
17.44
17.906
17.986
18.166
18.718
18.91
19.214000000000002
19.468
19.66
19.91
20.119999999999997
20.305999999999997
20.638
20.818
20.848
21.686
21.556
21.792
21.956
22.375999999999998
22.496
22.744
23.022000000000002
23.368
23.662
23.54
23.756
24.598
24.488
24.802
24.954
25.354
25.507999999999996
25.916
26.134
26.362000000000002
26.479999999999997
26.656000000000002
26.93
27.082
27.374
27.439999999999998
27.732
28.138
28.104000000000003
28.317999999999998
28.624
28.932000000000002
29.03
29.322
29.438
29.598000000000003
29.524
30.06
30.422
30.664
30.697999999999997
31.016
30.880000000000003
31.262
31.741999999999997
32.024
32.042
32.322
32.916000000000004
32.800000000000004
32.86
33.102
33.556000000000004
33.95
33.910000000000004
34.142
34.182
34.455999999999996
34.88
34.910000000000004
35.214
35.286
35.614000000000004
35.955999999999996
36.278
36.372
36.546
36.678
36.892
37.032
37.626
37.54
37.978
38.129999999999995
38.16
38.498
38.622
38.903999999999996
39.03
39.284
39.462
39.778000000000006
40.111999999999995
40.176
40.355999999999995
40.388000000000005
40.688
41.142
41.158
41.518
41.804
41.808
41.978
42.282
42.49
42.778
42.934
43.214000000000006
43.378
43.758
43.712
44.102000000000004
44.67
44.498
44.757999999999996
45.316
45.406
45.428000000000004
45.89
45.782000000000004
45.989999999999995
46.37
46.556
46.954
47.25
47.244
47.56
47.5
48.004000000000005
48.044
48.256
48.704
48.916
48.79
49.153999999999996
49.412
49.416
49.984
50.012
50.678
50.832
50.734
51.182
51.258
51.208
51.784
51.832
52.134
51.908
52.442
52.80200000000001
52.876
53.032000000000004
53.403999999999996
53.715999999999994
54.047999999999995
54.358
54.336
54.513999999999996
55.04599999999999
54.884
55.33
55.708
55.846
55.702
56.188
56.464000000000006
56.330000000000005
56.87799999999999
57.589999999999996
56.926
57.606
57.75599999999999
57.592
58.304
58.238
58.37
58.699999999999996
58.797999999999995
59.214
59.568
59.89600000000001
60.132
60.12
60.38400000000001
60.634
60.92999999999999
60.998
61.526
61.5
62.132
62.026
62.25000000000001
62.660000000000004
62.892
63.12799999999999
63.104000000000006
63.366
63.812000000000005
63.88
64.196
64.31
64.494
64.982
64.98
65.7
65.574
65.55
66.184
66.696
66.726
66.876
67.228
67.364
67.854
67.904
68.26
68.34599999999999
68.30000000000001
68.69800000000001
68.742
69.244
69.502
69.67
69.702
69.94399999999999
70.54599999999999
70.762
70.54
71.366
71.486
71.788
71.65
72.012
72.34
72.77799999999999
72.89
73.02
73.262
73.31400000000001
73.664
73.5
