4.549279500151534
4.487357479836935
4.463805445014973
4.436314805389365
4.399815302065877
4.371501781141666
4.34605359055502
4.3196080426121
4.2915673768124005
4.264199485559293
4.236463375713514
4.212206310323437
4.186811205066379
4.169440608195332
4.152586800667941
4.12774599757036
4.11005031818624
4.094862540359692
4.074891436130494
4.056519960503444
4.038326901548049
4.022567564569166
4.001342092328669
3.981759227755125
3.96264248888206
3.941688059236083
3.923372475082612
3.9014930624486235
3.8832523368508616
3.862425929445135
3.8392557564293943
3.8171092646811013
3.793417302848738
3.7662789428325567
3.746354902796733
3.7229177043261124
3.702769522776689
3.6831953351759847
3.6648116130048356
3.645258933381961
3.6209599191270523
3.6108450612143788
3.5895296457173576
3.5724639962701237
3.55384225735579
3.5375091584442218
3.5234175188767027
3.500396439181569
3.482550442066339
3.470885867352986
3.450148455322246
3.4376329628707807
3.4186601019881264
3.406398482030005
3.3917832749578958
3.3748427010558144
3.3560732447582744
3.344105546431773
3.3297098219547125
3.313898430455981
3.297936462380392
3.2866072282766745
3.2789659555001025
3.2667483661485757
3.249855618037836
3.240424028442949
3.228796020188295
3.201288822056997
3.1940177986993814
3.1813958724746314
3.1688506966051846
3.1503650050638887
3.142283921351518
3.1310738505000044
3.1175055839216617
3.101360996360974
3.08803282552363
3.0775156554663576
3.066743072036587
3.0501503624269724
3.0383213910910176
3.025132291152349
3.014154102491296
3.0005263096231327
2.986525512717264
2.97159495835414
2.962835025909307
2.9524995204432845
2.94248548584521
2.9224110305156854
2.91082961571491
2.900130099042907
2.8941526053201816
2.8808918880379717
2.867763561056093
2.852147063026038
2.842521674797663
2.8354237357063976
2.819018502674444
2.8098230529624177
2.8021415816548534
2.7870024729262837
2.7787594023872826
2.766409015411611
2.765947647106922
2.744641772316545
2.7340722596249005
2.723893427482956
2.711722578234075
2.714079374547505
2.69454959652308
2.6818747380200554
2.6721401912781895
2.656664036119076
2.6479498632728595
2.6337007851246983
2.62042565114053
2.6151643942689042
2.611951939590142
2.59227002581672
2.5787216909706134
2.567586879900959
2.563505409928539
2.5505682621770505
2.5430776426554336
2.5303548815305277
2.517428138219487
2.5108119127390633
2.4994078709951144
2.491967513738081
2.4763114504192187
2.465774992085479
2.4445437942929282
2.446275384682219
2.441140653227296
2.424713871363179
2.4192233913389924
2.403564364251578
2.3921748498821502
2.3900626661527493
2.373185594978235
2.3611792607990374
2.3546131242571584
2.345922026945197
2.335597382329614
2.326783369721659
2.3148672187419805
2.3053770066832033
2.3017309916293835
2.2787835254998465
2.272098081038736
2.2648377429188975
2.261180684237224
2.2506153719199586
2.239807178297311
2.2286346605061875
2.219500927669008
2.210494810967799
2.1988202757237816
2.1955645027977733
2.1795378415785787
2.172319227014966
2.156381706904877
2.1507664034738565
2.145717795547622
2.1306630847094308
2.125009896200331
2.108577124907842
2.1034748413983513
2.0923829869845942
2.0780810061318187
2.0765770010631104
2.0631399605890066
2.05121806789847
2.041237707333187
2.031396558979893
2.0244389546801673
2.021093526002391
2.0121413539437687
2.0048642522843596
1.9837757330721297
1.973598823065648
1.9654020266154844
1.9590678591557475
1.9523681219276565
1.9393960539337314
1.9315613985366529
1.922131979099625
1.9140228116908646
1.901305621237401
1.8870971205899172
1.8883237134465172
1.8754861371596452
1.8656293263520731
1.8637249547502268
1.8455013733385774
1.8434134954991548
1.8174010864304155
1.81133666474496
1.8165695719096973
1.7997846232960597
1.7879222023212695
1.780627838485991
1.7677381630138973
1.7620400694934912
1.751983250041142
1.7504405966195304
1.7432064081701781
1.7273384203081545
1.7169715716405902
1.7107004241260422
1.7006495088872398
1.68939495193379
1.682280292443912
1.6644186106179377
1.6604888862965967
1.651515263273283
1.6434692449277015
1.6368867552188962
1.6306331845195703
1.6087242146892011
1.6061472563487489
1.6017351903573935
1.5866240679150652
1.5743719499434352
1.5716916886741852
1.561640099796188
1.538780351886359
1.548695505275141
1.5286523743968485
1.5209902738366285
1.523195420994478
1.506036077618904
1.5024212572123388
1.492151388350655
1.4840661346759942
1.4773068639171092
1.4639076411419207
1.453127199197974
1.439555805662404
1.4370697467680782
1.4265082822278943
1.4244785272251919
1.4121634579070694
1.3962147459197227
1.3933801049619075
1.3787376773174462
1.3749533822316953
1.3579713102344357
1.3573313237303664
1.3456246765220867
1.3307666372307732
1.3300312252148339
1.3166973640394333
1.3124135792865168
1.3005298655051405
1.2858535456840339
1.2842103085859353
1.272307712251268
1.266659769560675
1.253532412640579
1.2470818038486764
1.2340976345112256
1.229749851290832
1.2195359766483307
1.2099757429279026
1.1996825383142438
1.1812830417205
1.1796712634508566
1.1799211259693136
1.159959410462538
1.1556021085633037
1.145228613596743
1.1379894527327983
1.1238018527360218
1.1190313179322215
1.1206213261007958
1.1081278755536774
1.1019149373864274
1.0831177534197298
1.0777670049758823
1.0724492563158654
1.0643332682912001
1.0533192704248306
1.039086511068027
1.0322784369863818
1.03555815619276
1.0087872677294494
1.0047028387141654
1.0046481069396525
0.9931841559727174
0.9871272921867078
0.9782884450214903
0.9645192071300028
0.953998821318302
0.9502849893649216
0.9453172366637403
0.9410508045226412
0.9226393961083249
0.9300793425353897
