193.91558408737183
190.74467492103577
190.58533453941345
190.8039231300354
190.57622289657593
190.6506130695343
190.5830192565918
190.58818435668945
190.6970272064209
190.4255862236023
190.73504400253296
199.44133400917053
208.9119520187378
198.08443331718445
191.51279020309448
195.3917360305786
197.07152318954468
191.88778710365295
191.72350454330444
214.30637049674988
192.86098170280457
204.43411254882812
207.54852986335754
224.08899998664856
212.7064666748047
224.5048475265503
196.84167051315308
192.7823281288147
195.07521772384644
212.1151671409607
194.92510747909546
209.999657869339
194.12112879753113
215.08746528625488
233.47091507911682
233.6755473613739
232.34620594978333
235.38299870491028
232.4181365966797
238.14232420921326
230.76080322265625
237.92553520202637
232.7321093082428
238.04141569137573
219.52614665031433
193.1194748878479
191.00297784805298
199.5365629196167
210.30734062194824
192.33748483657837
192.43097281455994
192.22361421585083
191.1808307170868
190.50215673446655
190.12549090385437
192.08812355995178
195.10885310173035
232.95875120162964
209.7232789993286
191.185213804245
191.56147050857544
211.358966588974
196.81355047225952
218.61033368110657
193.84655904769897
192.46773767471313
207.51234436035156
193.02921628952026
190.44610786437988
190.5270915031433
190.48317503929138
190.46504139900208
193.87555122375488
192.1953263282776
192.19764709472656
191.09043383598328
234.54351687431335
220.004625082016
201.3252408504486
221.37351989746094
209.5471169948578
210.9388883113861
225.18361592292786
235.17167019844055
234.41951847076416
236.11622834205627
235.745037317276
235.26079845428467
235.75876140594482
235.7747688293457
237.26142764091492
233.86620497703552
237.1379520893097
235.11245226860046
237.15270471572876
233.24934720993042
236.0477352142334
233.98196649551392
236.83814811706543
235.82560920715332
236.16162061691284
235.9849443435669
236.14195609092712
234.92233967781067
232.6149115562439
235.2659318447113
233.88332056999207
237.4883575439453
234.16875290870667
238.94305419921875
234.53764605522156
225.99343872070312
208.68526220321655
201.50932025909424
191.8858664035797
191.5440697669983
191.25146579742432
191.31042861938477
191.4485800266266
191.18527007102966
221.06944918632507
231.95671677589417
236.13706231117249
233.2467749118805
235.40826392173767
234.233491897583
236.79262733459473
235.55027770996094
236.3177216053009
236.219979763031
231.66432452201843
237.8633370399475
233.16347885131836
236.64545965194702
233.37551474571228
237.9803512096405
231.75465273857117
236.3953275680542
232.90485334396362
236.25962567329407
235.76265573501587
235.63938069343567
235.91557502746582
233.8063669204712
237.41331386566162
233.25255060195923
237.9915907382965
232.6668918132782
237.24981594085693
232.01029300689697
238.7735846042633
231.8876187801361
235.79929423332214
233.13905024528503
235.7218554019928
234.40837144851685
236.8178985118866
235.53679394721985
236.11670470237732
236.0834503173828
234.3561728000641
236.9154303073883
233.31058192253113
236.59807085990906
233.19242191314697
237.6579625606537
233.16741704940796
236.29718828201294
234.046715259552
235.22134590148926
234.29257774353027
234.6711404323578
235.74812865257263
233.71582508087158
236.5221836566925
233.376122713089
237.75345301628113
231.9664204120636
237.14631128311157
233.0651502609253
237.10323452949524
232.28110074996948
236.91471457481384
234.10277819633484
235.65589451789856
235.29487657546997
235.49941110610962
234.9184651374817
234.7693738937378
220.6205973625183
195.59554862976074
219.25745344161987
190.83022499084473
190.62985849380493
190.6210424900055
190.70123744010925
190.45947360992432
190.82149362564087
190.5215940475464
190.66657710075378
190.63670110702515
190.45966339111328
190.86335372924805
190.45419025421143
190.79226922988892
190.52129435539246
190.5662453174591
190.671870470047
190.3226282596588
190.78390645980835
190.4174609184265
190.69963097572327
190.58527970314026
190.55578804016113
190.52540636062622
190.39355182647705
190.6190209388733
190.45150423049927
190.6950764656067
190.68193125724792
190.55834126472473
190.51559329032898
190.46961045265198
190.70254349708557
190.33186411857605
190.6885826587677
190.40588688850403
190.38162636756897
190.79009008407593
190.339262008667
191.08000326156616
190.57709217071533
190.67578291893005
190.58703088760376
190.52158737182617
190.8391649723053
190.39400362968445
190.7605972290039
190.47617888450623
190.64011454582214
191.16299510002136
190.33811378479004
190.6726198196411
190.31770086288452
190.74192833900452
190.49929857254028
190.45704007148743
190.61229825019836
190.48467373847961
190.76772046089172
190.45588874816895
190.68275713920593
190.39480352401733
190.4755449295044
190.54128551483154
190.57826447486877
190.68462872505188
190.44736742973328
190.74691367149353
190.477215051651
190.42580842971802
190.6799123287201
190.41831350326538
190.76716113090515
190.46352815628052
190.61757373809814
190.39815855026245
190.56343579292297
190.6062753200531
190.453697681427
191.29870009422302
190.51637148857117
190.56269574165344
190.43149590492249
190.57234120368958
190.67871141433716
190.43596816062927
190.72974300384521
190.32276058197021
190.61238980293274
190.48702263832092
190.40420150756836
190.71838808059692
190.3454442024231
190.62438797950745
190.41721940040588
190.54169368743896
190.5957555770874
190.4112503528595
190.6452865600586
190.47352957725525
190.6799590587616
190.42169213294983
190.53169989585876
190.50300884246826
190.42771673202515
190.6536407470703
190.42213034629822
190.74677062034607
190.35857963562012
