1.814
2.328
2.938
3.4099999999999997
3.666
4.24
4.5760000000000005
4.760000000000001
5.158
5.724
6.274
6.566
7.08
7.796
8.241999999999999
8.654
8.962
9.408
9.682
9.998
10.54
10.911999999999999
11.286
11.842
12.054
12.332
12.692
13.232
13.672
13.947999999999999
14.302000000000001
14.841999999999999
15.479999999999999
15.758
16.148
16.534
16.830000000000002
17.046
17.464
17.986
18.486
18.790000000000003
19.124
19.56
19.84
20.36
20.888
21.298000000000002
21.474
21.951999999999998
22.29
22.548000000000002
22.875999999999998
23.304
23.528
23.599999999999998
24.474
24.651999999999997
25.0
25.514
25.582
25.854
26.142
26.476
26.886
27.126
27.639999999999997
27.860000000000003
28.152
28.49
29.233999999999998
29.456
29.57
29.852
30.312
30.354
30.575999999999997
31.134
31.464
31.503999999999998
32.052
32.718
32.406
32.96
33.336
33.51
33.910000000000004
34.38
34.576
35.278
35.038000000000004
35.64
36.138
36.326
36.586
37.0
37.419999999999995
37.25
37.558
38.086
38.308
38.448
38.702
39.147999999999996
40.062
39.912
40.306
40.339999999999996
40.874
40.868
41.088
41.884
42.181999999999995
42.302
42.642
42.943999999999996
43.324
43.492
43.586000000000006
43.980000000000004
44.208
44.67
44.728
45.178000000000004
45.692
45.696
46.424
46.034000000000006
46.926
47.152
47.715999999999994
47.67
47.848
48.314
48.722
48.848
49.146
49.388
49.902
50.251999999999995
50.38
50.586
50.986
51.37199999999999
51.794
51.952
52.062
52.666000000000004
53.09199999999999
53.300000000000004
53.738
53.410000000000004
54.178000000000004
54.306
54.928
54.918
55.374
55.666000000000004
55.916
56.102
56.41199999999999
56.8
57.242000000000004
57.434
57.692
58.182
58.42
58.620000000000005
58.855999999999995
59.128
59.912
59.53000000000001
60.194
60.768
60.55199999999999
61.104
61.199999999999996
61.716
62.00599999999999
62.188
62.558
63.007999999999996
63.476
63.641999999999996
63.964
64.59
64.4
64.802
65.13799999999999
65.348
65.61399999999999
66.11
66.566
66.86800000000001
67.098
67.12
67.61200000000001
67.828
68.048
68.508
68.902
69.376
69.44200000000001
69.488
69.87
70.204
70.608
70.92399999999999
71.74000000000001
71.41199999999999
71.764
72.41
72.798
72.966
73.058
73.504
73.58
73.63
74.55199999999999
74.534
74.64
75.286
75.034
75.954
76.048
76.09
76.39399999999999
76.95
76.59
77.614
78.05
77.908
78.064
78.544
78.762
78.822
79.51
79.704
79.542
79.708
79.746
80.28
80.67800000000001
80.818
81.35
81.384
81.81
82.106
82.268
82.16
82.676
83.108
83.236
83.314
83.316
84.08
83.8
84.21600000000001
84.122
84.384
84.932
84.816
85.21
85.258
85.71
85.366
85.854
86.26599999999999
86.31400000000001
86.556
86.788
87.12
86.888
86.75
87.304
87.188
87.372
87.304
88.056
88.46000000000001
88.104
88.32600000000001
88.738
88.606
88.928
88.788
89.092
89.266
89.256
89.254
89.61200000000001
89.30399999999999
89.828
90.17399999999999
90.146
90.116
90.424
90.132
90.29
90.518
