4.639720916748047
4.522042751312256
4.626311779022217
4.504328727722168
4.499565124511719
4.551490783691406
4.466435432434082
4.491593360900879
4.464463710784912
4.531125068664551
4.500437259674072
4.45669412612915
4.495077133178711
4.501220226287842
4.490943908691406
4.468274116516113
4.495955467224121
4.552061080932617
4.436049461364746
4.337954998016357
4.458985805511475
4.3677897453308105
4.374545097351074
4.364798545837402
4.392138957977295
4.299701690673828
4.404772758483887
4.394949436187744
4.300885200500488
4.325801849365234
4.285431385040283
4.481694221496582
4.463802814483643
4.437946796417236
4.3380961418151855
4.345577716827393
4.27178955078125
4.471844673156738
4.288506984710693
4.2283759117126465
4.2761383056640625
4.3240180015563965
4.28078556060791
4.168756484985352
4.265925407409668
4.254317283630371
4.381503105163574
4.2532501220703125
4.345763206481934
4.083288192749023
4.299932479858398
4.264383316040039
4.173511505126953
4.157905101776123
4.1524505615234375
4.005556106567383
4.17669677734375
4.215095043182373
4.198960304260254
4.346095561981201
4.246895790100098
4.10092830657959
4.390374183654785
4.164422988891602
4.4364447593688965
4.178210735321045
4.248538494110107
4.066659927368164
4.1294097900390625
4.047528266906738
4.132336139678955
3.9920501708984375
4.219400405883789
4.012005805969238
4.099516868591309
4.032241344451904
4.1413893699646
3.863868474960327
3.9644482135772705
4.216273307800293
4.10459566116333
4.239771366119385
4.013535499572754
4.0495686531066895
4.109742164611816
4.153435707092285
4.019730091094971
4.146392822265625
4.208992958068848
4.197412490844727
4.343290328979492
3.946564197540283
4.034737586975098
4.252414703369141
3.9750866889953613
4.08289098739624
3.9538445472717285
4.335376739501953
4.063563823699951
3.9017834663391113
3.976898431777954
4.058309078216553
4.004310607910156
3.728531837463379
3.9922080039978027
3.735508680343628
3.877987861633301
4.073062419891357
3.9941115379333496
4.22481632232666
3.84889554977417
3.869041681289673
3.8637735843658447
3.894315481185913
4.047880172729492
3.9609055519104004
4.009465217590332
4.014737606048584
3.8495349884033203
4.150116443634033
3.861281394958496
4.044777870178223
3.788785457611084
3.8568012714385986
4.012310028076172
3.9796040058135986
4.157183647155762
3.9344899654388428
4.084043502807617
3.651921272277832
3.8301849365234375
3.7647390365600586
4.006425857543945
3.863436460494995
3.7042882442474365
3.862841844558716
3.7709107398986816
3.6180665493011475
3.874268054962158
3.6132519245147705
3.7555482387542725
3.7618894577026367
3.8207874298095703
3.9118731021881104
3.8068346977233887
4.065789699554443
3.908759117126465
3.8159618377685547
3.7992420196533203
3.783595323562622
3.6040220260620117
3.7333824634552
3.760808229446411
3.803997278213501
3.748843193054199
3.8099582195281982
3.7248682975769043
3.6136081218719482
3.8774795532226562
3.6582512855529785
3.7669219970703125
3.7604708671569824
3.7030255794525146
3.889040470123291
3.624192237854004
3.9421377182006836
3.8916358947753906
3.871856212615967
3.7781460285186768
3.8221449851989746
3.706014633178711
3.857283353805542
3.6799325942993164
3.677340507507324
3.7381069660186768
3.434401273727417
3.478238821029663
3.472522735595703
3.6379289627075195
3.612020969390869
3.4188714027404785
3.7636759281158447
3.7032837867736816
3.8812551498413086
3.775569438934326
3.6819510459899902
3.643610715866089
3.6113338470458984
3.741819143295288
3.6529994010925293
3.7861196994781494
3.6494181156158447
3.6047329902648926
3.7067394256591797
3.6071906089782715
3.6022658348083496
3.5111358165740967
3.7048017978668213
3.765920639038086
3.815187931060791
3.6172726154327393
3.6569771766662598
3.596005916595459
3.9462950229644775
3.8545939922332764
3.6440775394439697
3.4359774589538574
3.635685682296753
3.7772748470306396
3.5283076763153076
3.5475618839263916
3.6914255619049072
3.8681275844573975
3.6257874965667725
3.7950315475463867
3.6366453170776367
3.5757932662963867
3.677182674407959
3.5710628032684326
3.6959352493286133
3.74257755279541
3.520414352416992
3.3881821632385254
3.720935106277466
3.7678802013397217
3.514641523361206
3.8063740730285645
3.9104347229003906
3.3029632568359375
3.6343257427215576
3.5705349445343018
3.8877968788146973
3.8646109104156494
3.709512710571289
3.5718562602996826
3.4023547172546387
3.5151968002319336
3.5393311977386475
3.3439385890960693
3.739361047744751
3.410813331604004
3.5325324535369873
3.1589856147766113
3.5145623683929443
3.4987480640411377
3.7726712226867676
3.5102474689483643
3.718454360961914
3.3357839584350586
3.6430389881134033
3.526447296142578
3.3980419635772705
3.6495726108551025
3.2904157638549805
3.66372013092041
3.1747851371765137
3.5763301849365234
3.7238991260528564
3.9438178539276123
3.237098455429077
3.4135143756866455
3.399078607559204
3.4128899574279785
3.6637895107269287
3.3780715465545654
3.4283957481384277
3.5684151649475098
3.5533816814422607
3.365988254547119
3.354104518890381
3.3554673194885254
3.343745231628418
3.1504952907562256
3.144493818283081
3.6371450424194336
3.449516534805298
3.512782573699951
3.4895474910736084
3.257512331008911
3.213113784790039
3.239053726196289
3.166090250015259
3.3213326930999756
3.497253656387329
3.4105114936828613
3.5983262062072754
3.1254513263702393
3.0981221199035645
3.336052656173706
3.3632681369781494
3.609602689743042
3.0387935638427734
3.4806771278381348
3.174363613128662
3.412752389907837
3.618595600128174
3.15946364402771
3.277414321899414
3.333674430847168
3.367053985595703
3.22554349899292
3.4737370014190674
3.3756587505340576
3.4232699871063232
3.4676733016967773
3.31965970993042
3.1930787563323975
3.1449484825134277
3.2425131797790527
3.1644644737243652
3.463989019393921
3.5217137336730957
3.3527371883392334
3.3399930000305176
3.4122531414031982
3.0696539878845215
3.154050827026367
3.3658125400543213
3.143394708633423
3.072023630142212
3.188403844833374
3.394524097442627
3.3537726402282715
3.1155993938446045
3.1186726093292236
3.235236406326294
3.1307806968688965
2.9910380840301514
3.3222780227661133
2.8820228576660156
3.1226513385772705
2.9250926971435547
3.3106491565704346
3.3073184490203857
3.3185651302337646
3.0759856700897217
3.277728796005249
3.133681535720825
3.320059299468994
3.1176843643188477
3.2647204399108887
3.477710008621216
2.9625234603881836
3.242222785949707
3.13618803024292
3.2053678035736084
3.1338682174682617
3.075881242752075
3.0754833221435547
2.9517948627471924
3.3828039169311523
3.158581495285034
3.1840572357177734
2.853299856185913
3.246086359024048
3.3820574283599854
2.7379279136657715
3.276031494140625
3.221653699874878
2.98512601852417
3.0536770820617676
3.1493568420410156
3.4204726219177246
3.04472017288208
2.8255455493927
3.2543606758117676
3.0211181640625
2.9533369541168213
3.1811769008636475
3.031033515930176
3.1502485275268555
3.2039377689361572
3.248755931854248
3.090815305709839
3.2023086547851562
3.574608564376831
3.157996892929077
3.1080119609832764
2.947392463684082
3.213766098022461
2.946476936340332
3.0094330310821533
3.2814066410064697
3.021456003189087
2.902364492416382
2.935385227203369
2.7025716304779053
3.326388359069824
2.7576353549957275
2.9595787525177
2.9663584232330322
3.1020519733428955
3.0074970722198486
2.9750587940216064
3.34476900100708
3.1263813972473145
3.00390887260437
3.208751916885376
3.2277352809906006
3.159010410308838
2.9490108489990234
3.20701265335083
3.045910358428955
2.9781579971313477
3.0858700275421143
3.216963768005371
3.0446181297302246
3.033236265182495
3.268461227416992
2.994351387023926
2.919750690460205
3.079514503479004
3.0442020893096924
2.8346362113952637
2.946629047393799
2.9674887657165527
2.6930899620056152
2.846285581588745
2.8052027225494385
3.063612222671509
3.247622013092041
3.0976860523223877
2.4993720054626465
2.7815184593200684
2.7781503200531006
2.6066222190856934
2.6265976428985596
3.1021976470947266
3.3184053897857666
3.3879783153533936
3.1097474098205566
2.8393752574920654
2.5585598945617676
2.7661008834838867
2.8973283767700195
2.6536216735839844
2.927199363708496
2.657534599304199
3.2785089015960693
2.68449068069458
3.1110665798187256
2.607318639755249
2.7359726428985596
3.1418936252593994
3.0103795528411865
2.8604986667633057
3.067203998565674
2.7991533279418945
2.8234047889709473
3.0612077713012695
3.0149240493774414
2.9644112586975098
2.85312819480896
2.9294731616973877
3.005523443222046
2.880138397216797
2.93673038482666
2.4892196655273438
2.8052501678466797
2.996480703353882
2.96110463142395
2.986797332763672
2.871884346008301
2.9570353031158447
3.037768840789795
3.2736127376556396
3.030473470687866
2.928924798965454
2.8906352519989014
3.1486756801605225
3.0758349895477295
2.731192111968994
2.6673388481140137
2.7276487350463867
3.016535758972168
2.6219089031219482
2.7028896808624268
2.416897773742676
2.7123630046844482
2.9617881774902344
2.8018224239349365
2.966186285018921
2.7035775184631348
2.8393726348876953
2.745126724243164
2.875831127166748
3.359804153442383
2.936772346496582
2.8309357166290283
2.8025269508361816
2.718581199645996
2.679656982421875
2.737123966217041
3.2087037563323975
2.5141732692718506
2.796468496322632
2.833683490753174
2.5538978576660156
2.6953420639038086
2.7336502075195312
2.5363335609436035
2.741743326187134
2.7334182262420654
2.825439929962158
2.5208935737609863
2.8643922805786133
2.8531174659729004
2.7888293266296387
2.9319982528686523
2.529794216156006
2.799844264984131
2.7317986488342285
2.6842901706695557
2.5661494731903076
2.682007312774658
2.74843168258667
2.757721424102783
2.565748453140259
2.9277663230895996
2.5380914211273193
2.8606042861938477
2.5818839073181152
2.689119577407837
2.8303415775299072
2.332629919052124
2.652231454849243
2.2731895446777344
2.7492659091949463
2.7467172145843506
2.971831798553467
2.9732847213745117
2.978461265563965
2.5365383625030518
2.783535957336426
2.7925124168395996
2.6083099842071533
2.827817440032959
2.5571136474609375
2.5501489639282227
2.5931594371795654
2.6422345638275146
2.499087333679199
3.0530147552490234
2.477196216583252
2.388530731201172
3.0403199195861816
2.8263537883758545
2.884559154510498
2.857189178466797
2.731186628341675
2.614853620529175
2.6952452659606934
2.4847991466522217
2.412708044052124
2.8088507652282715
2.4650306701660156
2.631103277206421
2.523418664932251
2.9250478744506836
2.7868635654449463
2.4559497833251953
2.5708258152008057
2.896167039871216
2.4432079792022705
2.7167820930480957
2.537325620651245
2.603550672531128
2.672466516494751
2.7783920764923096
2.7603986263275146
2.815929651260376
2.7134218215942383
2.262661933898926
2.393710136413574
2.8840060234069824
2.1973512172698975
2.5007801055908203
2.1554007530212402
2.410583734512329
2.553403854370117
2.5924079418182373
2.555950403213501
2.608830451965332
2.6193225383758545
2.711902141571045
2.828737735748291
2.68096923828125
2.813633441925049
2.742938280105591
2.502915620803833
2.478395700454712
2.826714038848877
2.4926490783691406
2.581282377243042
2.555048942565918
2.3265016078948975
2.7266151905059814
2.587543249130249
2.4382240772247314
2.7118544578552246
2.639359951019287
2.8861422538757324
2.534132719039917
2.3716471195220947
2.6112537384033203
2.697646141052246
2.466794013977051
2.252440929412842
3.2415378093719482
2.376215934753418
2.706469774246216
2.8261220455169678
2.6961162090301514
2.177924156188965
2.307199239730835
2.5984692573547363
2.7211642265319824
2.3310608863830566
2.6452879905700684
2.746295690536499
2.5647077560424805
2.7051570415496826
2.3485000133514404
2.5714166164398193
2.4469337463378906
2.312014579772949
2.4552972316741943
2.352177858352661
2.321887731552124
2.485884666442871
2.78226900100708
2.187335729598999
2.473616361618042
2.712275505065918
2.7052128314971924
2.138225793838501
2.226269006729126
2.412431240081787
2.5629401206970215
2.56791090965271
2.567526340484619
2.913283348083496
2.4405853748321533
2.36982798576355
2.3703038692474365
2.7173776626586914
2.311455726623535
2.4956023693084717
2.4369845390319824
2.2472102642059326
2.5009517669677734
2.318154811859131
2.4411070346832275
2.6492116451263428
2.4887888431549072
2.47088623046875
2.506132125854492
2.865060329437256
2.2576003074645996
2.4246246814727783
2.4822165966033936
2.3675882816314697
2.647118330001831
2.6132004261016846
2.478271961212158
2.641958475112915
2.0857760906219482
2.9703118801116943
2.0675289630889893
2.287175178527832
2.1660711765289307
2.458871364593506
2.6367480754852295
2.074659585952759
2.2748208045959473
2.365973949432373
2.5726420879364014
2.4212653636932373
2.360454797744751
2.393751859664917
2.153188705444336
2.1878139972686768
2.388477087020874
2.313523292541504
2.5560734272003174
2.121572494506836
2.2793567180633545
2.166306257247925
2.4701809883117676
2.4077463150024414
2.104956865310669
2.570884943008423
2.3111612796783447
2.7272582054138184
2.1141128540039062
2.1700308322906494
2.4333598613739014
2.3139381408691406
2.435612440109253
2.223378896713257
2.706453323364258
2.357710599899292
2.0523905754089355
2.181345224380493
2.1001389026641846
2.27776837348938
2.288573741912842
2.162179470062256
2.4891486167907715
2.4503731727600098
2.314082622528076
2.4815497398376465
1.914119839668274
2.124668598175049
2.2456247806549072
2.1015307903289795
2.290811538696289
2.277080774307251
2.421015501022339
2.19004225730896
2.0991005897521973
1.9705235958099365
2.399749517440796
2.4569218158721924
2.186868190765381
2.010779857635498
2.284243106842041
2.1353461742401123
2.417719841003418
2.0949478149414062
2.649522304534912
2.0689449310302734
2.044128179550171
2.302119493484497
2.4469828605651855
2.063075065612793
2.0560359954833984
2.4479570388793945
2.0982747077941895
2.00675630569458
2.208433151245117
2.470184564590454
2.3440351486206055
2.0135135650634766
2.0522758960723877
2.257371187210083
2.151174545288086
2.223496437072754
2.065969705581665
2.4424149990081787
2.6858372688293457
2.1634278297424316
2.25398588180542
2.5721044540405273
2.1897873878479004
2.3626017570495605
2.455057382583618
2.205063581466675
2.1662657260894775
2.6846485137939453
2.0475656986236572
1.9925376176834106
2.1937475204467773
2.323690414428711
2.0046610832214355
2.488104820251465
2.264608144760132
2.357499599456787
2.404871940612793
2.101896047592163
2.3026950359344482
2.231138229370117
2.13144850730896
2.2895352840423584
2.2203304767608643
2.527994394302368
2.3209681510925293
2.2469441890716553
2.45818829536438
2.2823569774627686
2.2294719219207764
2.343536853790283
2.1944682598114014
2.0900583267211914
2.1848347187042236
1.8468505144119263
2.3348047733306885
2.3903346061706543
2.34529185295105
1.7261607646942139
1.9325611591339111
1.9629237651824951
2.124176263809204
2.0733232498168945
2.1782960891723633
1.9239403009414673
1.8607378005981445
2.4841232299804688
1.9840668439865112
2.168976068496704
1.6632071733474731
1.960889458656311
2.13982892036438
2.06203031539917
2.0231237411499023
1.9297113418579102
2.131024122238159
2.2077572345733643
2.492647409439087
2.275407552719116
2.176349639892578
2.0626583099365234
2.138883352279663
1.9565937519073486
2.3563966751098633
2.1046812534332275
2.34698748588562
2.2777836322784424
2.372568130493164
2.126990556716919
2.1443986892700195
2.199030876159668
2.2085399627685547
2.1517069339752197
2.146483898162842
2.233029365539551
2.1644399166107178
2.4378182888031006
1.9178102016448975
1.7969133853912354
2.218078374862671
2.0209243297576904
2.0155107975006104
2.0235543251037598
2.0438292026519775
2.2957191467285156
2.2670202255249023
2.0920984745025635
1.99131178855896
2.0691537857055664
1.933722734451294
1.8705638647079468
2.0402913093566895
2.0573513507843018
2.3866047859191895
1.892160415649414
1.8924152851104736
1.9341250658035278
2.0799334049224854
1.9392690658569336
2.1478703022003174
2.3337085247039795
1.7823988199234009
1.9227745532989502
2.072157621383667
2.059361457824707
2.2231948375701904
2.2344119548797607
2.0710809230804443
2.116640329360962
1.8827202320098877
2.218982696533203
2.258521795272827
1.886746883392334
2.0230801105499268
2.308043956756592
1.8723677396774292
1.9416619539260864
1.8183598518371582
1.9588021039962769
1.8064008951187134
1.699784755706787
2.202291250228882
1.934735655784607
2.072704792022705
2.2732622623443604
2.3651351928710938
1.7880324125289917
1.7899415493011475
2.278362989425659
2.007173776626587
2.017887592315674
1.8096923828125
1.7326607704162598
2.02038311958313
2.1241085529327393
1.9360605478286743
2.230316162109375
2.116459608078003
1.9638484716415405
2.1285884380340576
1.8104480504989624
2.112785816192627
2.2101190090179443
1.8094923496246338
1.938513159751892
2.055457353591919
2.0378634929656982
1.8377217054367065
1.8781710863113403
1.9370778799057007
1.7980338335037231
1.999543309211731
1.6235486268997192
1.7225099802017212
1.7130522727966309
1.8423163890838623
1.9312231540679932
1.996802806854248
2.031914472579956
1.9869463443756104
2.3939743041992188
1.731269359588623
1.8875705003738403
1.6460912227630615
1.7051666975021362
1.691534399986267
1.6266651153564453
2.3532657623291016
2.045208692550659
2.0211148262023926
1.6922123432159424
2.1549606323242188
2.307229518890381
1.7389307022094727
2.204529047012329
1.911039113998413
2.105015516281128
2.0518300533294678
1.6019164323806763
1.5205063819885254
1.9543019533157349
1.874638557434082
2.13364839553833
1.6740765571594238
2.0610191822052
2.017526149749756
1.537026286125183
2.0520694255828857
1.7385761737823486
1.8171032667160034
1.8421423435211182
1.7511610984802246
1.936484456062317
1.7247631549835205
1.9687836170196533
1.7951560020446777
1.767019510269165
2.332334041595459
1.8769593238830566
1.8757405281066895
2.064718246459961
2.082273483276367
1.8114689588546753
1.7430617809295654
1.9063225984573364
1.7337216138839722
1.9990499019622803
1.839109182357788
2.0595085620880127
1.7762304544448853
1.949383020401001
1.6450541019439697
1.5659420490264893
2.0322585105895996
1.603665828704834
1.6153637170791626
1.7334314584732056
1.8919731378555298
1.9692171812057495
1.331601619720459
2.0222885608673096
1.8495304584503174
1.5722745656967163
2.198888063430786
2.003875255584717
1.6117401123046875
1.9984498023986816
1.903554081916809
1.4947463274002075
1.8957210779190063
2.024675130844116
2.180288314819336
1.7237849235534668
1.6352577209472656
1.6347665786743164
1.666991949081421
1.4568119049072266
1.7933205366134644
1.9808598756790161
1.7945733070373535
1.7549577951431274
1.816150188446045
1.8418331146240234
1.803695559501648
1.6511266231536865
1.706940770149231
1.767067551612854
1.91566002368927
1.5253294706344604
1.9140838384628296
1.6450002193450928
2.1924021244049072
2.0294666290283203
1.7925339937210083
2.0093894004821777
1.7607777118682861
1.440061092376709
1.931437611579895
1.932624340057373
2.032709836959839
1.2626571655273438
1.7460994720458984
1.7990460395812988
1.535791039466858
1.8202078342437744
1.7226847410202026
1.7516924142837524
1.7576173543930054
1.9712163209915161
1.8493931293487549
1.9865819215774536
1.966508150100708
2.1901650428771973
2.0503807067871094
1.7020548582077026
1.4506590366363525
1.653294324874878
1.7749042510986328
1.908381462097168
1.5034434795379639
1.8335117101669312
1.8955105543136597
1.6762560606002808
1.831475019454956
1.8481138944625854
1.7996954917907715
1.6667876243591309
1.9563499689102173
1.870760202407837
1.6288063526153564
1.7406781911849976
2.034778118133545
1.8426837921142578
1.49502694606781
1.9632530212402344
1.7932243347167969
1.848635196685791
1.4472535848617554
1.5990488529205322
1.7303948402404785
1.7338552474975586
1.7526668310165405
1.5533537864685059
1.5624547004699707
1.978487491607666
1.6406012773513794
1.7127788066864014
2.2176642417907715
1.7384166717529297
1.8298617601394653
1.5860668420791626
1.7849904298782349
1.5215336084365845
1.912224531173706
1.586054801940918
1.507793664932251
1.4865047931671143
1.847570538520813
1.4951045513153076
1.673213005065918
1.4841301441192627
1.9845441579818726
1.6686315536499023
1.4821064472198486
1.5806572437286377
1.7096726894378662
1.5844531059265137
1.6482182741165161
1.719723105430603
1.6824711561203003
1.3095160722732544
1.9975972175598145
1.4592337608337402
1.5792860984802246
1.6792018413543701
1.503376841545105
1.5869755744934082
1.557276725769043
2.0285146236419678
2.0704386234283447
1.634720802307129
1.8716495037078857
1.6975666284561157
1.531354308128357
1.3366423845291138
1.548386573791504
1.7057868242263794
1.3507426977157593
1.4738160371780396
1.3882625102996826
1.578737735748291
1.8190919160842896
1.4785418510437012
1.6718388795852661
1.9494743347167969
1.5455352067947388
1.6573526859283447
1.5181292295455933
1.3812671899795532
1.5834770202636719
1.4923652410507202
1.4830855131149292
1.7945846319198608
1.6259430646896362
1.4296900033950806
1.4741382598876953
1.7866533994674683
1.555219054222107
1.7638975381851196
1.6115299463272095
1.638450026512146
1.7428786754608154
1.5213923454284668
1.3445383310317993
1.5060492753982544
1.5512688159942627
1.3477035760879517
1.5976386070251465
1.3698558807373047
1.4594565629959106
1.8061696290969849
1.3445957899093628
1.4624048471450806
1.6844968795776367
1.3706709146499634
1.5662370920181274
1.7696871757507324
1.2882905006408691
1.5046672821044922
1.4900282621383667
1.1862001419067383
1.5036325454711914
1.5082911252975464
1.2960975170135498
1.6284815073013306
1.6495718955993652
1.54738187789917
1.7991260290145874
1.515480399131775
1.4785139560699463
1.490728735923767
1.4494818449020386
1.7287005186080933
1.5072702169418335
1.932827353477478
1.2164353132247925
1.6031330823898315
1.7379192113876343
1.6966880559921265
1.4482156038284302
1.469182014465332
1.4004915952682495
1.8472404479980469
1.5944087505340576
1.3152210712432861
1.9524637460708618
1.775488018989563
1.411971092224121
1.4399182796478271
1.308875322341919
1.144152045249939
1.7019946575164795
1.3807381391525269
1.8048721551895142
1.5433683395385742
1.4346240758895874
1.83638334274292
1.2895545959472656
1.6428245306015015
1.7903742790222168
1.4439969062805176
1.3509787321090698
1.8077601194381714
1.4964072704315186
1.7797515392303467
1.6124053001403809
1.7751998901367188
1.6203004121780396
1.306182622909546
1.3454184532165527
1.1647379398345947
1.5420970916748047
1.614072561264038
1.3419055938720703
1.49070405960083
1.277753233909607
1.2684729099273682
1.5760066509246826
1.3541109561920166
1.3414450883865356
1.7446590662002563
1.4091249704360962
1.363211989402771
1.3488407135009766
1.1991603374481201
1.5608969926834106
1.5255604982376099
1.4837396144866943
1.1006896495819092
1.4022164344787598
1.421255350112915
1.9164409637451172
1.1768745183944702
1.5664722919464111
1.2153375148773193
1.5586614608764648
1.8456029891967773
1.1203218698501587
1.218155026435852
1.386250615119934
1.413996934890747
1.180312156677246
1.241020679473877
1.6005642414093018
1.2274004220962524
1.5563843250274658
1.238038420677185
1.3804889917373657
1.2658637762069702
1.2695627212524414
1.4684069156646729
1.4988152980804443
1.5611448287963867
1.4277312755584717
1.1693668365478516
1.315768837928772
1.30333411693573
1.4303728342056274
1.4266968965530396
1.455364465713501
1.3982954025268555
1.2657949924468994
1.3938331604003906
1.3712387084960938
1.6521785259246826
0.9477195143699646
1.4166074991226196
1.4102251529693604
1.2304059267044067
1.345110297203064
1.5947468280792236
1.3815655708312988
1.2731300592422485
1.339955449104309
1.1457592248916626
1.1945775747299194
1.155877709388733
1.376213788986206
1.3310641050338745
1.0512248277664185
1.5352617502212524
1.3320850133895874
1.2072477340698242
0.97846919298172
1.2485970258712769
1.1013522148132324
1.302119255065918
1.1084028482437134
1.3171026706695557
1.3421941995620728
1.256438970565796
1.0372939109802246
1.312477707862854
1.0948446989059448
1.141672134399414
1.2076488733291626
1.4449149370193481
1.3355399370193481
1.381312370300293
1.2908159494400024
1.2661253213882446
1.1814860105514526
1.6088428497314453
1.2601181268692017
1.2229869365692139
1.7128139734268188
1.0505717992782593
1.1700652837753296
1.3075703382492065
1.2901438474655151
1.5985968112945557
1.4539976119995117
1.453941822052002
1.39200758934021
1.1403191089630127
1.274489402770996
1.0805290937423706
1.3949400186538696
1.388129472732544
1.580827236175537
1.1797550916671753
0.9596454501152039
1.224941611289978
1.2501188516616821
1.17241370677948
1.2440319061279297
1.1602826118469238
1.0912641286849976
1.6247867345809937
1.0781184434890747
1.3233418464660645
1.45218026638031
1.2830206155776978
0.9401746988296509
1.4835044145584106
1.3147149085998535
1.3013701438903809
1.6740561723709106
1.3440017700195312
1.6600804328918457
1.034368872642517
1.4979658126831055
1.0314884185791016
1.0487420558929443
1.2849479913711548
1.4492992162704468
0.9930727481842041
1.1514315605163574
1.2539552450180054
1.2318259477615356
1.0214227437973022
1.0326629877090454
0.7856156826019287
1.3167338371276855
1.0513980388641357
1.2813291549682617
1.1184725761413574
1.0423903465270996
1.5680606365203857
1.2830190658569336
0.8818747997283936
1.2310764789581299
1.2064789533615112
1.21111261844635
1.1826342344284058
1.0819085836410522
1.147013545036316
1.2027184963226318
1.0828152894973755
1.3253167867660522
0.7631010413169861
1.0399514436721802
1.2443777322769165
1.1258872747421265
1.173558235168457
0.9676627516746521
0.9308545589447021
1.0092233419418335
1.0489962100982666
1.4914370775222778
1.1597031354904175
1.4897983074188232
1.2920433282852173
1.38126540184021
0.9608861207962036
1.3692972660064697
1.1875724792480469
1.2529807090759277
1.274438738822937
0.9820059537887573
1.0498148202896118
1.3974677324295044
1.1447196006774902
0.9255200028419495
0.7193425893783569
1.2763844728469849
1.3117146492004395
1.1437071561813354
0.9254871606826782
0.9243466258049011
1.5450901985168457
1.2901901006698608
1.072429895401001
1.0763202905654907
1.222486138343811
1.3908640146255493
1.153149127960205
1.0506491661071777
0.9623597264289856
0.9468116760253906
1.2156447172164917
1.095821499824524
1.190334439277649
0.9949101805686951
1.127269983291626
1.1318180561065674
0.9122835993766785
0.7708103656768799
0.9828713536262512
0.9470949172973633
1.1765042543411255
1.106473684310913
0.9070690274238586
1.0071790218353271
1.0005288124084473
0.9714872241020203
0.7861661314964294
1.0112165212631226
1.137650966644287
1.149475336074829
1.1279606819152832
0.8432601690292358
1.0695619583129883
0.8585270643234253
1.1780718564987183
0.9606485366821289
0.8976187705993652
0.8861184120178223
0.8016891479492188
0.8564207553863525
1.0527442693710327
1.0639110803604126
0.7565529942512512
1.0123907327651978
0.9918279051780701
1.1414188146591187
1.465047836303711
0.8964167237281799
1.097641110420227
0.9040589332580566
0.9445136785507202
0.8677253127098083
1.182879090309143
0.782345712184906
1.2028816938400269
0.8190491199493408
1.1091442108154297
1.008156180381775
1.0307400226593018
1.0094420909881592
0.9188975691795349
1.0167450904846191
1.158039927482605
0.7428897619247437
0.9622711539268494
1.0119985342025757
1.002790093421936
1.0070620775222778
0.8915586471557617
1.0950757265090942
1.0939912796020508
1.350759506225586
0.9634264707565308
0.973033607006073
1.3676174879074097
0.8884231448173523
0.9032484292984009
0.9233644008636475
1.0438348054885864
0.994585394859314
0.7745236754417419
0.8794232606887817
1.244257926940918
1.0219141244888306
0.8597840070724487
1.1636004447937012
0.9231268167495728
0.8828477263450623
0.9191072583198547
0.8180818557739258
0.87514728307724
1.0056917667388916
1.11703360080719
0.8643980622291565
1.117053508758545
1.1529206037521362
0.9093027710914612
0.7973185777664185
1.5659841299057007
1.1035600900650024
0.9235782623291016
1.0917836427688599
1.1358332633972168
0.9308236241340637
1.0135788917541504
0.830451488494873
1.0355080366134644
0.713153064250946
1.1549206972122192
0.7129583954811096
1.0626574754714966
0.838097333908081
1.222741961479187
1.1449403762817383
0.6436733603477478
1.1553840637207031
1.103127360343933
0.8328484296798706
1.148891806602478
1.0507786273956299
1.2474167346954346
1.1831575632095337
0.953289270401001
0.8773412704467773
1.104473352432251
1.0378646850585938
1.0554696321487427
0.8859014511108398
1.2785965204238892
0.9239437580108643
1.1312257051467896
0.8657897114753723
0.9378054141998291
0.7859301567077637
0.6386655569076538
0.9531159400939941
0.9635077118873596
1.202340841293335
0.9706963300704956
0.8900777697563171
0.7630169987678528
0.7716640830039978
1.2036681175231934
0.8430114984512329
1.0161961317062378
0.9295544028282166
0.745588481426239
0.7116309404373169
0.6456360220909119
0.7291020750999451
1.0676474571228027
0.963990330696106
0.8673275113105774
0.9503938555717468
0.7539034485816956
0.8281658291816711
0.720980167388916
1.0042719841003418
0.9881616830825806
0.7607744336128235
0.6915801763534546
0.9539802670478821
1.0671658515930176
0.7874627113342285
0.9127129316329956
0.977611243724823
1.1386865377426147
0.907140851020813
0.8633280992507935
0.7819299697875977
0.6955646276473999
0.6092005372047424
1.055610179901123
0.7542959451675415
0.8993290066719055
0.8943266272544861
0.7989816665649414
0.6723237633705139
0.8392074108123779
1.1412074565887451
0.7775886058807373
0.7156376242637634
0.6855175495147705
0.5761984586715698
0.5088388323783875
0.846830427646637
0.8169015049934387
0.9566797614097595
0.8878980875015259
0.7561829090118408
0.8730486631393433
0.6081433296203613
0.7676050662994385
0.8542666435241699
0.8473777174949646
0.7442209720611572
0.8595670461654663
1.0441995859146118
0.7033857703208923
0.8156269788742065
0.5545158982276917
0.9262157678604126
0.6937076449394226
0.5686408281326294
0.5189051628112793
0.978329062461853
0.9577884078025818
0.7753036618232727
1.1308979988098145
0.7855658531188965
0.6982116103172302
0.9655511975288391
0.5977460145950317
0.7920329570770264
1.0951344966888428
0.8388633131980896
0.61127108335495
0.7940165996551514
1.0093955993652344
0.7761006355285645
0.7463527321815491
1.1156307458877563
0.6393978595733643
0.6457787752151489
0.7687982320785522
1.0160304307937622
0.746397078037262
0.8681607842445374
0.6697126626968384
0.727310299873352
0.954401433467865
0.5260791182518005
0.5269836187362671
0.7912469506263733
0.9818668961524963
1.059931993484497
0.9584570527076721
0.7377105355262756
0.7540078163146973
0.9165055155754089
0.9230602979660034
0.6621516346931458
0.8054881691932678
0.6633598208427429
0.8647159934043884
0.759033203125
0.6782745122909546
0.8196061849594116
0.7589923739433289
0.5214451551437378
0.919771671295166
0.5893480777740479
0.738226592540741
1.1097052097320557
1.0001205205917358
0.6341719627380371
0.8613162040710449
0.6381485462188721
0.7380025386810303
0.7241814732551575
0.6169220209121704
0.9595191478729248
0.8143792152404785
0.5761862397193909
0.7815760970115662
0.5248265266418457
0.6490188241004944
1.0033818483352661
0.6159482598304749
0.927793562412262
0.9008668065071106
0.8971739411354065
0.8216067552566528
0.6451954245567322
0.6366310715675354
0.8841944932937622
0.6368533372879028
0.5387807488441467
0.6240636706352234
0.7167266607284546
0.7167231440544128
0.778742253780365
0.9110701680183411
0.807876467704773
0.47385039925575256
0.8549320697784424
0.5368962287902832
0.6789254546165466
0.6092740297317505
0.8295931220054626
0.7245794534683228
0.5523996353149414
0.6297281384468079
0.7097423076629639
0.7803590893745422
0.7663692831993103
0.5616917610168457
0.6637451648712158
0.6701174974441528
0.7600129246711731
0.5294705629348755
0.8897675275802612
0.6820924878120422
0.7395780086517334
0.6641054749488831
0.9077222943305969
0.7037394046783447
0.6236528754234314
0.6173397302627563
0.7980426549911499
0.718024730682373
0.7429711222648621
0.5648297071456909
0.8037291169166565
0.7232263088226318
0.7045114636421204
0.8704365491867065
0.5694149136543274
0.8051964640617371
0.8586398959159851
0.6898764967918396
0.5549771785736084
0.6172423958778381
0.8033202290534973
0.6311262249946594
0.6499900221824646
0.550710141658783
0.5048909783363342
0.5677803158760071
0.708254337310791
0.6653645634651184
0.621684193611145
0.7140733599662781
0.5219093561172485
0.6119885444641113
0.40782737731933594
0.6777610778808594
0.6279917359352112
0.6233970522880554
0.435707688331604
0.7120794653892517
0.637458860874176
0.7253730893135071
0.6397804617881775
0.5435550808906555
0.4672356843948364
0.4887142479419708
0.6653042435646057
0.7073671817779541
0.6598845720291138
0.455285906791687
0.6055133938789368
0.592432975769043
0.52043217420578
0.5684678554534912
0.7468847036361694
0.5824623703956604
0.585089921951294
0.5974916219711304
0.6557227373123169
0.5297037363052368
0.63651043176651
0.7040274143218994
0.5531524419784546
0.45892876386642456
0.7177687883377075
0.7718096971511841
0.3771912157535553
0.5901175141334534
0.8051926493644714
0.6548820734024048
0.6501981019973755
0.6585237979888916
0.669232964515686
0.5995915532112122
0.49878552556037903
0.5996949076652527
0.5754707455635071
0.5190329551696777
0.5640036463737488
0.6359505653381348
0.5208332538604736
0.6093094944953918
0.6544253826141357
0.5602920651435852
0.7353537082672119
0.753704309463501
0.6515951752662659
0.5252321362495422
0.592473566532135
0.6761307120323181
0.6074373722076416
0.6376604437828064
0.45674967765808105
0.44580286741256714
0.6551929712295532
0.6147400736808777
0.4231194257736206
0.5922428965568542
0.3416098356246948
0.6284650564193726
0.750848114490509
0.45347195863723755
0.7945219874382019
0.6650459170341492
0.5487276315689087
0.5451116561889648
0.40524822473526
0.7282404899597168
0.49161002039909363
0.8767256140708923
0.540328860282898
0.5460673570632935
0.7447182536125183
0.8346413373947144
0.503544807434082
0.6119132041931152
0.29459941387176514
0.5910061001777649
0.5398963093757629
0.3613893389701843
0.7721081376075745
0.609778106212616
0.4077032804489136
0.41080451011657715
0.6035008430480957
0.43549099564552307
0.7086974382400513
0.5891412496566772
0.696783185005188
0.4738848805427551
0.5066742897033691
0.4465022385120392
0.661978006362915
0.5778478980064392
0.5231319069862366
0.6455796957015991
0.5557267665863037
0.560317873954773
0.5825116038322449
0.4862108528614044
0.3583707809448242
0.5157212018966675
0.5744662880897522
0.4319007694721222
0.4803258180618286
0.5674335360527039
0.7879951596260071
0.6623031497001648
0.46581387519836426
0.5586414337158203
0.3605387210845947
0.6015723347663879
0.6129275560379028
0.5085098147392273
0.4326914846897125
0.37773609161376953
0.5769425630569458
0.5709657073020935
0.4903256595134735
0.34286805987358093
0.42495185136795044
0.6504403352737427
0.520290195941925
0.49423104524612427
0.6764546632766724
0.6633101105690002
0.3609316349029541
0.44653451442718506
0.5952926874160767
0.6231303811073303
0.5208444595336914
0.4490046203136444
0.7781451344490051
0.49314814805984497
0.44866713881492615
0.3818521797657013
0.6093206405639648
0.378139853477478
0.4296269416809082
0.37659087777137756
0.7339795827865601
0.311196506023407
0.5089731812477112
0.7099089622497559
0.41469091176986694
0.5485814809799194
0.49778878688812256
0.49443262815475464
0.44400104880332947
0.3727433979511261
0.37094685435295105
0.5082101821899414
0.5533735752105713
0.49251917004585266
0.40971627831459045
0.5292855501174927
0.5144223570823669
0.39021989703178406
0.549984335899353
0.4469684064388275
0.5133743286132812
0.509637713432312
0.3942846655845642
0.6360130906105042
0.41538336873054504
0.6668946146965027
0.5778981447219849
0.49711984395980835
0.43463069200515747
0.5980521440505981
0.2590586841106415
0.4725947976112366
0.6578488349914551
0.8084002733230591
0.39977729320526123
0.4618270695209503
0.9403400421142578
0.47329550981521606
0.7229851484298706
0.333228200674057
0.230280339717865
0.4330451488494873
0.45630770921707153
0.49339088797569275
0.3874274492263794
0.5249444246292114
0.26240816712379456
0.3399166464805603
0.5021882653236389
0.5840579271316528
0.6900457739830017
0.4804025888442993
0.6237601637840271
0.46155065298080444
0.40874505043029785
0.3049401342868805
0.2982988655567169
0.5224882364273071
0.580278217792511
0.5715287327766418
0.4488891363143921
0.409848690032959
0.5324763059616089
0.2621314823627472
0.2506712079048157
0.3846335709095001
0.32020968198776245
0.4630099833011627
0.33880266547203064
0.49396368861198425
0.4633632302284241
0.5252236723899841
0.42192500829696655
0.4874287247657776
0.37499478459358215
0.2622291147708893
0.32781076431274414
0.5901768207550049
0.4318333566188812
0.33995112776756287
0.3329995572566986
0.39616280794143677
0.5278007984161377
0.4018874764442444
0.3826313018798828
0.2838802933692932
0.333088219165802
0.3142772614955902
0.4187273383140564
0.2884819805622101
0.48270338773727417
0.5086545348167419
0.2153472751379013
0.41181856393814087
0.30652350187301636
0.34304752945899963
0.5372422337532043
0.34063199162483215
0.3854181170463562
0.4076026380062103
0.44181734323501587
0.3620319068431854
0.3371829390525818
0.3899542987346649
0.47141438722610474
0.39952802658081055
0.4376762807369232
0.3504426181316376
0.2838488221168518
0.3176864683628082
0.3295975923538208
0.27872952818870544
0.3951890170574188
0.37338507175445557
0.296078622341156
0.2392183393239975
0.2634044587612152
0.35886526107788086
0.20661400258541107
0.5361828207969666
0.40265458822250366
0.31586742401123047
0.36390435695648193
0.4128463566303253
0.4712753891944885
0.4265196919441223
0.30874645709991455
0.28185564279556274
0.339338093996048
0.4870811998844147
0.4050641655921936
0.38624390959739685
0.34834024310112
0.5334030985832214
0.38791903853416443
0.38136816024780273
0.518304705619812
0.4289481043815613
0.28285208344459534
0.4848679006099701
0.591895341873169
0.5143004655838013
0.25955772399902344
0.3797640800476074
0.18674258887767792
0.5192260146141052
0.6506966948509216
0.5462962985038757
0.3135351538658142
0.27184170484542847
0.37471580505371094
0.4766077399253845
0.3617423474788666
0.34482598304748535
0.20308201014995575
0.49452969431877136
0.35634276270866394
0.24400390684604645
0.37057334184646606
0.7066219449043274
0.3447490930557251
0.3343051075935364
0.2534363865852356
0.39450570940971375
0.7560253739356995
0.34333157539367676
0.39541754126548767
0.4777701497077942
0.3249805271625519
0.27263566851615906
0.5353536009788513
0.39193278551101685
0.3586927354335785
0.3261432647705078
0.47912365198135376
0.4158787131309509
0.4137016534805298
0.30720970034599304
0.27322784066200256
0.2865877151489258
0.3913807272911072
0.5454623103141785
0.23074576258659363
0.3277036249637604
0.17851394414901733
0.22353149950504303
0.36748751997947693
0.31308507919311523
0.3450545370578766
0.4824966788291931
0.36608824133872986
0.247650146484375
0.44217053055763245
0.3508678674697876
0.4726400375366211
0.6491401791572571
0.29492753744125366
0.3908308148384094
0.42028337717056274
0.30936557054519653
0.24309246242046356
0.3057516813278198
0.26466649770736694
0.4749617278575897
0.3664133846759796
0.3042849898338318
0.302982896566391
0.34269508719444275
0.45201003551483154
0.3314875066280365
0.17019131779670715
0.14277270436286926
0.3504071831703186
0.5876429677009583
0.6034120321273804
0.37025031447410583
0.3947983980178833
0.17796266078948975
0.38573113083839417
0.7749947309494019
0.3918225169181824
0.2584899067878723
0.32582926750183105
0.15771052241325378
0.2812708020210266
0.2002098113298416
0.4547422230243683
0.30669423937797546
0.45979782938957214
0.3316437005996704
0.43965744972229004
0.15940797328948975
0.29288458824157715
0.34461960196495056
0.21627333760261536
0.2242429405450821
0.2771075367927551
0.1935369223356247
