4.5546182647080675
4.490169569659416
4.446465471516484
4.402770782675584
4.3608519146814375
4.314320352071387
4.281141288445124
4.254890907146132
4.222871843506308
4.189172785300428
4.15173293227125
4.114589240849781
4.079005724328863
4.049122373466297
4.0194199073040275
3.983582155174002
3.957291208569656
3.919307978561772
3.89546439928167
3.8643911686699712
3.8353636030041045
3.8091970834585713
3.776549219170495
3.751171813596545
3.7313998687602674
3.708368136754731
3.685245994411771
3.6568690297548727
3.63421469423777
3.6122806654561814
3.5941684727778522
3.5682408681610966
3.5417318161186353
3.5267376722887045
3.501208460849264
3.4787029534044778
3.4671663423938215
3.4427360521862878
3.4166232713348115
3.3951904801151636
3.3739430072057583
3.353681572258015
3.3385609735918167
3.3139880764514893
3.290129238382325
3.263429498733462
3.2445184016776514
3.221014813084127
3.2002146109900513
3.180104616352969
3.161870589341654
3.1445677493844193
3.124209025022014
3.1023802010299604
3.0822690457029416
3.068333325788493
3.049096380963045
3.0299288183831803
3.0074046188608157
2.986985441973752
2.9751453515513777
2.952240277129366
2.939914968617432
2.924092705597353
2.9062212297068837
2.8923113550371524
2.868620815179537
2.8520192968875855
2.838807009979892
2.8220045917174397
2.8039782669233237
2.7849713438917
2.767631242342312
2.7512118179170066
2.743532230177194
2.7288521189823784
2.703683820526923
2.6951318909140194
2.674968151485219
2.6682387087351223
2.637766951185358
2.631189181371723
2.6205882376722056
2.598353236227694
2.5877928570713227
2.5657998835644147
2.5579002650497515
2.542042574309327
2.5268218573706838
2.5001205782146405
2.496835597335835
2.4817959922353934
2.468224265538823
2.4508949868819294
2.4388482223081467
2.418095164591699
2.4030227741926833
2.398135231431488
2.3890266650168184
2.363751421651572
2.3591604955361016
2.343353415084312
2.324650872089064
2.3142862873309102
2.2941018428339066
2.2816825493827197
2.2675055205974433
2.2576626136784665
2.2431104704547113
2.228446712121939
2.220778248041792
2.2018487769014694
2.182287916502989
2.176878002141138
2.1641615728283172
2.143239492040766
2.13635135931737
2.121070894591339
2.11209469179973
2.094327065341003
2.086622043948649
2.063729220796424
2.0622080256566977
2.045976002198046
2.0252388040427967
2.024397394083955
1.9991041449329736
1.9922393676265122
1.9700033711960248
1.956806270362776
1.9502355715502864
1.9408145685634954
1.9214675187149926
1.9114566873711394
1.8960479964380679
1.8790658880072786
1.8714038833327915
1.8630589147662873
1.853294044199502
1.838488444495384
1.8232338260811614
1.806273747740499
1.7967006605299538
1.783635489928448
1.7686442906594337
1.759526218752117
1.751513773370582
1.7327087489540314
1.724032043953381
1.7022604230419753
1.6857505625166247
1.6867250164451502
1.6646164487999724
1.659339696397562
1.6409077999536947
1.6334839364146942
1.6209826339846072
1.598180126274943
1.5905932366390667
1.5774843910770953
1.5721801975956353
1.5604347319859069
1.5380397833826598
1.5304001056019911
1.5246354710415502
1.503638614931375
1.4889676339181184
1.4834949012912448
1.4700011056097573
1.4629426173236975
1.446434724818715
1.4392008431579755
1.4241548603605432
1.4025843683868418
1.400661063392449
1.3865725231140167
1.3762327897579163
1.3550071713259764
1.3503925037353546
1.3365235007784861
1.322951788716304
1.311384705097779
1.296329449738383
1.2859174750192697
1.2741260078099683
1.2571340059990164
1.258836957880908
1.238477453856212
1.228332365184184
1.2174248033777222
1.206166301541926
1.1993825903633977
1.1776986988761542
1.1667891083013675
1.15511636576994
1.1489145664302893
1.1311080120408628
1.1182445402797836
1.1143982042284573
1.097641936424748
1.0894814036081515
1.0697275946664688
1.0618366931405518
1.0648057998903573
1.049426554261571
1.0314368402104244
1.024506908396016
1.0018917797776439
0.9811330721963702
0.9919607325283157
0.9772256302940266
0.9594084239753006
0.9492779251407174
0.9390821809049152
0.9350545835464507
0.9172164104936068
0.9132112993303773
0.9033490096592842
0.8820559598143448
0.8796257450223883
0.8740041576078176
0.8541197731824177
0.85771650521804
0.8318528388924611
0.8253279053189261
0.8161227330756005
0.8117149731387263
0.8004730949392709
0.8005143928405879
0.7779375026979105
0.76474823400645
0.7682654884693872
0.7596730201140695
0.7399075663912936
0.7350641481025749
0.7234714397079195
0.7070568181440958
0.6993652421723852
0.7026780675667936
0.6984145177142395
0.693601266654861
0.6660998717064748
0.6660224208441536
0.6597686001788015
0.6472388044037782
0.6401394660896658
0.6268577736509425
0.6151948437056578
0.614639813294801
0.6106837052289787
0.5993350846192721
0.5893068717568731
0.5855057049742745
0.5771630342163698
0.5716122949824614
0.5532305695859673
0.5574138238835518
0.5458106677169385
0.5425691575840916
0.5364363248772024
0.5218120795838973
0.5259304292823958
0.5132253275960302
0.5092459274146258
0.4934110833365289
0.5004779982482991
0.48736398480356197
0.47723796721690753
0.47480847259692827
0.4665119851870305
0.45947169743078137
0.4530804949190915
0.4518848254209589
0.45521549499400743
0.4399135980726508
0.44147318552064774
0.4356964523225184
0.44060389821410484
0.4152394332125059
0.4071472781088651
0.4129079571351066
0.4067925482302371
0.3981980596814314
0.3996633085067315
0.39078767115578933
0.38756495809463587
0.3815029884886254
0.3788542311705287
0.37967235871288174
0.37305588575313464
0.3624820812984043
0.3683373700932164
0.3526678458808938
0.34539588994306064
0.3498913404981956
0.34795004905908916
0.3378520159293776
0.3453763926882878
0.3420678143915923
0.3303462595719358
