301.4995834827423
300.4540979862213
299.71289324760437
299.5199067592621
299.44695377349854
299.664306640625
299.4695711135864
299.45734429359436
299.55310344696045
301.32197523117065
299.5724470615387
299.6292176246643
299.4921088218689
299.4916396141052
299.74584197998047
299.5255982875824
299.55613017082214
299.5743443965912
299.4263925552368
299.5437424182892
299.4859802722931
299.3781793117523
299.59395122528076
299.46882152557373
299.4028830528259
299.5926926136017
299.47505140304565
305.84729766845703
299.81768441200256
299.75730872154236
299.59230637550354
299.69352316856384
299.4468352794647
299.4793562889099
302.47458696365356
300.08067560195923
300.1266884803772
300.29044103622437
299.96879291534424
300.05231404304504
299.81029415130615
299.72795844078064
299.8709406852722
299.9930045604706
299.80319690704346
299.6461820602417
299.9490067958832
299.7228276729584
299.83773255348206
299.9799289703369
299.7493255138397
299.9670341014862
299.96818137168884
299.7038652896881
299.8937966823578
299.76679396629333
299.7833642959595
299.88274025917053
299.87373447418213
299.7754726409912
301.5285646915436
299.82072830200195
299.7807161808014
304.5613842010498
300.01118540763855
300.06822633743286
300.1687593460083
299.9682586193085
299.86059832572937
299.82683801651
299.7819662094116
299.8013422489166
299.7537519931793
299.6722779273987
299.73478055000305
299.8223490715027
299.68064737319946
299.79233598709106
299.80299615859985
304.79970717430115
300.28983092308044
300.0119698047638
299.91568541526794
300.075168132782
299.6449944972992
299.74665689468384
299.7968168258667
299.7859787940979
299.73329997062683
299.8061308860779
299.8325262069702
299.69515442848206
299.9723572731018
299.7598023414612
299.82825684547424
300.23315382003784
299.6992018222809
299.8422441482544
299.89399218559265
299.6916003227234
299.8896498680115
299.6176996231079
299.727205991745
299.82632088661194
299.8577227592468
299.67124938964844
300.0358157157898
299.81824803352356
299.72162556648254
299.82891821861267
299.84827876091003
299.85353684425354
300.0429472923279
299.7338445186615
299.8117341995239
299.8158688545227
299.7188377380371
299.811518907547
299.85292410850525
299.63426446914673
299.67086458206177
300.09168457984924
299.76039028167725
299.7723078727722
299.8945667743683
299.69557428359985
299.8656189441681
299.8714382648468
299.7408230304718
299.90971302986145
299.7816684246063
299.750608921051
299.79335284233093
299.59609174728394
299.7652349472046
299.8040566444397
299.7204065322876
299.72995924949646
299.79492950439453
299.709440946579
299.8125059604645
299.80414366722107
299.74206924438477
299.7674903869629
299.7736895084381
299.6667015552521
299.78860688209534
299.868123292923
299.6609354019165
299.8649377822876
299.91831707954407
299.69209480285645
299.95113945007324
299.6735303401947
299.717964887619
299.80009746551514
299.7522642612457
299.73490619659424
299.8370723724365
299.7368493080139
299.8165669441223
300.0615155696869
299.78269624710083
299.8575053215027
299.87517404556274
299.641229391098
299.8236153125763
299.74454259872437
299.683758020401
299.64417481422424
299.83538031578064
299.7351520061493
299.9731662273407
299.89213848114014
299.7388253211975
300.01449489593506
299.8543927669525
299.6578857898712
299.8353588581085
299.6906051635742
299.7708833217621
299.73877930641174
299.73651814460754
299.7945644855499
299.9078142642975
299.75297951698303
299.8340587615967
299.86971402168274
299.7001554965973
299.73393201828003
299.7331793308258
299.67718529701233
299.8287742137909
299.88381695747375
299.8196597099304
299.7545256614685
299.8766915798187
299.66336703300476
299.8883376121521
299.83684158325195
299.67050409317017
299.8487410545349
299.7313621044159
299.7134883403778
299.960165977478
299.6303834915161
313.30220341682434
346.41682744026184
347.11189341545105
348.14013957977295
348.4264600276947
347.2839267253876
347.59794425964355
350.2193295955658
347.964558839798
346.89266300201416
347.5627248287201
348.5714364051819
349.2088325023651
341.9143509864807
337.5111382007599
349.0199074745178
349.4113664627075
346.5020158290863
344.6957459449768
346.748895406723
347.8206796646118
348.6664593219757
347.61355996131897
348.7841708660126
348.27228116989136
348.48479557037354
346.58773040771484
346.82319498062134
348.7294409275055
349.40976428985596
347.74805879592896
347.7643337249756
347.37826800346375
349.8665030002594
349.9228072166443
348.17754101753235
349.30527567863464
351.66247940063477
351.52986311912537
348.82497668266296
348.36977910995483
350.0294075012207
349.6259377002716
348.77308177948
349.56342220306396
349.88094544410706
351.0987026691437
350.1870536804199
349.85722279548645
349.0102925300598
349.4629728794098
348.795405626297
349.7117283344269
349.8284513950348
350.4305531978607
351.26415061950684
351.05153942108154
350.1235303878784
349.910395860672
350.31264662742615
348.23120951652527
349.06150817871094
349.28995084762573
349.8606252670288
351.9614133834839
351.37991309165955
349.4381604194641
349.8924226760864
351.44353127479553
352.22983622550964
349.97166180610657
341.2831687927246
350.68868684768677
341.56039547920227
316.1449890136719
349.3815860748291
350.15377855300903
350.12619829177856
348.76078057289124
349.1714804172516
350.31247210502625
350.4641971588135
351.711092710495
349.5734622478485
350.54280400276184
350.30517053604126
326.7673966884613
300.0901937484741
300.0147776603699
299.8305923938751
300.0559947490692
299.91832756996155
299.8881366252899
300.01546120643616
