4.539866924285889
4.512063980102539
4.5459465980529785
4.609001159667969
4.463900566101074
4.530806541442871
4.54248046875
4.5804972648620605
4.547656059265137
4.6177544593811035
4.560305595397949
4.475024223327637
4.415564060211182
4.469250202178955
4.507018566131592
4.327240943908691
4.466302871704102
4.415644645690918
4.505953788757324
4.441596984863281
4.458725929260254
4.46782922744751
4.390669822692871
4.452496528625488
4.363986968994141
4.407255172729492
4.371075630187988
4.557956218719482
4.486383438110352
4.329237937927246
4.326357364654541
4.398342132568359
4.492834568023682
4.413182258605957
4.364362716674805
4.369225978851318
4.326541900634766
4.349085330963135
4.307895183563232
4.367307662963867
4.352277755737305
4.382605075836182
4.265994548797607
4.423279285430908
4.3625807762146
4.413838863372803
4.436000823974609
4.288553237915039
4.3967742919921875
4.335025310516357
4.373619079589844
4.380741596221924
4.196873188018799
4.386734962463379
4.321952819824219
4.293843746185303
4.3278985023498535
4.373089790344238
4.209158420562744
4.2934184074401855
4.2295050621032715
4.275897979736328
4.392606258392334
4.194691181182861
4.219152927398682
4.248050212860107
4.238718509674072
4.360818862915039
4.208521842956543
4.345890045166016
4.392237663269043
4.369698524475098
4.256542682647705
4.26057767868042
4.157397270202637
4.257012367248535
4.141632556915283
4.345610618591309
4.268718719482422
4.247808456420898
4.161499500274658
4.2327680587768555
4.201936721801758
4.385376930236816
4.336549282073975
4.266341209411621
4.156675815582275
4.199296951293945
4.185901641845703
4.226733207702637
4.238297939300537
4.256692886352539
4.130781650543213
4.046019554138184
4.115898132324219
4.2827839851379395
4.1564764976501465
4.115225315093994
4.004075050354004
4.217535972595215
4.075674533843994
4.130013465881348
4.182765007019043
4.330196380615234
4.304227828979492
3.970960855484009
4.169520378112793
4.184922695159912
4.114583492279053
4.221429347991943
4.2588300704956055
4.182074546813965
4.184952259063721
4.122550010681152
4.007328987121582
4.0667266845703125
4.135725498199463
4.059581279754639
4.0182204246521
4.100572109222412
3.9947078227996826
4.062437534332275
3.8453774452209473
4.244007587432861
3.930155038833618
4.171875476837158
4.0686821937561035
3.96793794631958
3.9861748218536377
4.047796249389648
4.209208965301514
4.052903175354004
4.1100239753723145
4.0121541023254395
3.8718976974487305
4.081969261169434
4.036552906036377
4.04511022567749
4.185694217681885
4.06556510925293
4.121113300323486
4.266482353210449
4.0874247550964355
3.912382125854492
4.178361892700195
4.007534980773926
3.9948744773864746
4.009207248687744
4.028867244720459
4.047630310058594
4.016965866088867
4.059352397918701
4.074687957763672
4.002537250518799
3.9728596210479736
3.946503162384033
3.827686071395874
4.0166335105896
4.176209449768066
4.023501396179199
3.9537675380706787
4.003866195678711
4.024119853973389
4.129365921020508
3.8908824920654297
3.901533842086792
4.1363654136657715
3.9784018993377686
3.9565534591674805
4.029196262359619
4.207753658294678
3.85414719581604
3.9565937519073486
3.8088011741638184
4.049067974090576
3.7201685905456543
4.193027496337891
3.7648744583129883
3.807034492492676
4.19780158996582
3.9732227325439453
3.8657565116882324
3.9941415786743164
4.0949931144714355
3.8148632049560547
4.000645637512207
3.7691497802734375
4.0217061042785645
4.094608306884766
4.042848587036133
4.090407848358154
4.038959980010986
3.984678030014038
3.7994377613067627
3.8297762870788574
3.8038487434387207
3.957312822341919
3.8733787536621094
3.8130829334259033
3.92777943611145
3.9408912658691406
4.055246829986572
4.0455121994018555
3.7716615200042725
3.8746438026428223
3.8597497940063477
3.905275583267212
4.158353805541992
3.825678586959839
3.7357935905456543
3.7770369052886963
3.7411201000213623
3.872375965118408
4.002786159515381
3.863311529159546
3.798532724380493
3.899451732635498
3.7410876750946045
3.8924689292907715
3.8319432735443115
3.6332895755767822
3.830890655517578
4.065502166748047
3.848031759262085
3.9216952323913574
3.8481743335723877
3.785327672958374
3.8478386402130127
3.5982625484466553
3.9577794075012207
3.83016037940979
3.859344244003296
3.8909895420074463
3.6891894340515137
3.723083734512329
3.512491226196289
3.759805917739868
3.853902816772461
3.806835412979126
3.8710787296295166
3.6011366844177246
3.687037467956543
3.910714626312256
3.8661417961120605
3.7612249851226807
3.922715187072754
3.6590418815612793
3.855098009109497
3.740485668182373
3.6851043701171875
3.717573642730713
3.8940889835357666
3.7201528549194336
3.5495314598083496
3.78580379486084
3.7318193912506104
3.5778017044067383
3.821115732192993
3.9267890453338623
3.6705219745635986
3.9965028762817383
3.824122428894043
3.8163440227508545
3.7511537075042725
3.61126708984375
3.8454556465148926
3.6864309310913086
3.779627561569214
3.555396795272827
3.798158645629883
3.7214176654815674
3.8344814777374268
3.8181989192962646
3.6841542720794678
3.915154457092285
3.91640043258667
3.7641592025756836
3.9069483280181885
3.4585494995117188
3.435511589050293
3.816453456878662
3.681504726409912
3.529012680053711
3.9635367393493652
3.661022186279297
3.658111095428467
3.743215560913086
3.67676043510437
3.824530839920044
3.7741518020629883
3.781000852584839
3.6397478580474854
3.8661041259765625
3.7140839099884033
3.819807767868042
3.6865289211273193
3.573385000228882
3.7728378772735596
3.8892459869384766
3.8055408000946045
3.605611562728882
3.7279844284057617
4.127379417419434
3.612659215927124
3.6429758071899414
3.8690736293792725
3.6885201930999756
3.680342435836792
3.6723291873931885
3.664700508117676
3.5974490642547607
3.6854119300842285
3.640566825866699
3.6938412189483643
3.7040798664093018
3.7006731033325195
3.7626006603240967
3.753361940383911
3.5316321849823
3.8174703121185303
3.7650396823883057
3.5642893314361572
3.6617748737335205
3.66426157951355
3.7369375228881836
3.6539101600646973
3.4875078201293945
3.497711658477783
3.611889600753784
3.579796314239502
3.6296274662017822
3.763502836227417
3.6951677799224854
3.594581365585327
3.665917158126831
3.793700695037842
3.3350048065185547
3.524974822998047
3.722771644592285
3.718242645263672
3.5788590908050537
3.598513603210449
3.588840961456299
3.379101276397705
3.6040709018707275
3.619156837463379
3.559323310852051
3.4691996574401855
3.367053747177124
3.685178279876709
3.4876625537872314
3.5099074840545654
3.5963354110717773
3.502492666244507
3.632399320602417
3.656376600265503
3.4874892234802246
3.6585943698883057
3.594461679458618
3.440117359161377
3.2998414039611816
3.4278905391693115
3.375620126724243
3.5741968154907227
3.6627070903778076
3.5247647762298584
3.471876382827759
3.6034770011901855
3.5595505237579346
3.3859856128692627
3.6408400535583496
3.535501718521118
3.6653871536254883
3.6248342990875244
3.69468355178833
3.749941110610962
3.776059865951538
3.4476561546325684
3.800532817840576
3.611694812774658
3.486100912094116
3.480928897857666
3.7572104930877686
3.7062249183654785
3.691866397857666
3.3384206295013428
3.723253011703491
3.68582820892334
3.3954474925994873
3.4453251361846924
3.609571695327759
3.819319248199463
3.54168701171875
3.4471426010131836
3.498467445373535
3.6460297107696533
3.550724506378174
3.405287742614746
3.447450637817383
3.5252530574798584
3.5759570598602295
3.5782480239868164
3.5097198486328125
3.699815511703491
3.6738405227661133
3.432525157928467
3.5787148475646973
3.3767502307891846
3.554720401763916
3.558603048324585
3.4823145866394043
3.4579553604125977
3.4079723358154297
3.547589063644409
3.519563674926758
3.3567488193511963
3.220613479614258
3.399878740310669
3.3639943599700928
3.4539809226989746
3.2461049556732178
3.463697671890259
3.53371000289917
3.3875410556793213
3.4901857376098633
3.186736583709717
3.5167319774627686
3.717566728591919
3.5521528720855713
3.7497050762176514
3.3895297050476074
3.4160313606262207
3.568755865097046
3.5220797061920166
3.6734960079193115
3.2367491722106934
3.0901272296905518
3.4317421913146973
3.383690357208252
3.5463953018188477
3.4344966411590576
3.4476916790008545
3.287550449371338
3.604785442352295
3.5829644203186035
3.568107843399048
3.530106544494629
3.454573631286621
3.50252628326416
3.595994710922241
3.5473334789276123
3.1046454906463623
3.6434879302978516
3.638640880584717
3.2419323921203613
3.5363199710845947
3.171718120574951
3.4892196655273438
3.5059738159179688
3.175715446472168
3.627262830734253
3.335740566253662
3.3330812454223633
3.5634469985961914
3.2936267852783203
3.4510316848754883
3.3721537590026855
3.205005168914795
3.474985361099243
3.2366831302642822
3.292201280593872
3.2590277194976807
3.478358745574951
3.159491777420044
3.4484031200408936
3.4347052574157715
3.380495071411133
3.405773401260376
3.1481869220733643
3.1580870151519775
3.4582552909851074
3.6635305881500244
3.244434356689453
3.1005115509033203
3.1743569374084473
3.3586907386779785
3.379415988922119
3.5342214107513428
3.364802837371826
3.671726942062378
3.361173152923584
3.334411859512329
3.6790270805358887
3.20796275138855
3.312915086746216
3.35894513130188
3.722898483276367
3.514691114425659
3.449124574661255
3.155038595199585
3.2117714881896973
3.137082099914551
3.4524784088134766
3.1195952892303467
3.3111045360565186
3.2443058490753174
3.002897262573242
3.2081432342529297
2.9047694206237793
3.56603741645813
3.3328394889831543
3.591679811477661
3.1299376487731934
3.4811930656433105
3.097099781036377
3.1715567111968994
3.127755880355835
3.487210988998413
3.0936279296875
3.5838284492492676
3.1410269737243652
3.438652515411377
3.0929181575775146
3.161465883255005
3.5995776653289795
3.3129358291625977
3.387758731842041
3.412971258163452
3.145127058029175
3.127209186553955
3.2574636936187744
3.630190372467041
3.217419385910034
3.4019033908843994
3.4881653785705566
3.2864155769348145
3.360645294189453
3.325778007507324
3.0638673305511475
3.562657594680786
3.264350175857544
2.99951171875
3.106152296066284
3.230748414993286
3.3566153049468994
3.25942063331604
3.063084363937378
3.288444757461548
3.5899267196655273
3.2130937576293945
3.3256499767303467
3.1134192943573
3.300868511199951
2.795771598815918
3.103972911834717
3.166435956954956
3.206899642944336
3.278402090072632
3.0639638900756836
3.406757354736328
3.071366310119629
3.153019428253174
2.9411654472351074
3.268902540206909
3.164128541946411
3.2488059997558594
3.3105850219726562
3.2083189487457275
3.114049196243286
2.7840487957000732
3.156141519546509
3.1343603134155273
3.096595287322998
3.4390006065368652
3.3740968704223633
3.6207892894744873
3.15446400642395
2.773841142654419
3.1855430603027344
2.7659664154052734
3.085409164428711
3.351555347442627
3.3658134937286377
3.2477376461029053
3.1927342414855957
3.132633924484253
3.128117561340332
3.2161953449249268
3.015131950378418
3.1978845596313477
3.3487980365753174
2.994239091873169
3.103050470352173
2.871307849884033
3.4755921363830566
2.9602882862091064
2.894834518432617
3.436788558959961
3.28786563873291
3.3067898750305176
3.151864767074585
3.2171730995178223
3.220442295074463
2.973823070526123
3.22253680229187
3.2333412170410156
3.448493242263794
3.1094701290130615
3.2575957775115967
3.3444502353668213
3.3962349891662598
2.779693603515625
3.4937853813171387
2.8972153663635254
2.923868417739868
3.1446805000305176
3.0685880184173584
3.139954090118408
2.934619426727295
3.325195789337158
3.234792709350586
3.4376721382141113
3.0483274459838867
3.1271908283233643
2.861367702484131
3.1505465507507324
3.0301544666290283
2.959920883178711
3.0193674564361572
3.1265618801116943
3.1144394874572754
3.149723529815674
2.706559181213379
2.980950355529785
2.8424696922302246
3.4599316120147705
3.189069986343384
3.475804567337036
3.134765148162842
2.613933563232422
2.9704301357269287
2.973567247390747
2.9609551429748535
3.022378444671631
3.3589863777160645
3.0972037315368652
3.1528804302215576
3.1676783561706543
3.0497453212738037
3.1411168575286865
2.7708048820495605
3.079601526260376
2.9852375984191895
3.12314510345459
3.099513292312622
3.2701785564422607
2.760082721710205
3.110166311264038
3.043306350708008
2.988269567489624
3.043980121612549
3.1274802684783936
3.0986905097961426
3.0234758853912354
3.154419422149658
2.98622727394104
3.2563343048095703
3.0471856594085693
3.1026620864868164
2.9535748958587646
2.911339044570923
3.0533835887908936
3.267251968383789
3.1813511848449707
2.99832820892334
3.065202236175537
2.926500082015991
2.7425615787506104
2.7014358043670654
2.8413844108581543
2.782729148864746
3.251577138900757
2.6057891845703125
2.8746469020843506
2.8964991569519043
2.9527363777160645
2.7601330280303955
3.0660481452941895
2.6001853942871094
3.0093655586242676
3.3377344608306885
2.9238972663879395
3.1947994232177734
3.0829710960388184
2.9441657066345215
3.2542567253112793
3.195701837539673
3.2158865928649902
2.8306427001953125
2.8408854007720947
3.092686176300049
2.872694253921509
2.6886162757873535
3.121288776397705
2.7037906646728516
2.788003921508789
2.9697043895721436
2.953216552734375
2.6479873657226562
2.7746939659118652
2.782940149307251
2.788573741912842
3.2752411365509033
3.2885618209838867
2.8942196369171143
3.157435178756714
3.0818636417388916
3.165527582168579
3.254539728164673
2.8204734325408936
3.119906187057495
3.012547492980957
3.0301549434661865
2.647702932357788
2.6298584938049316
2.6428868770599365
3.1681342124938965
2.9742588996887207
2.86167573928833
3.079846143722534
2.8459763526916504
3.067223072052002
2.9945476055145264
2.8734049797058105
2.905421733856201
2.6569578647613525
2.931142568588257
3.2145211696624756
2.885828971862793
2.742743492126465
2.7143940925598145
3.17809796333313
2.921308755874634
3.2895736694335938
2.7449135780334473
2.900885820388794
2.9758217334747314
3.268092632293701
2.8571043014526367
2.902689218521118
2.958786725997925
3.212578296661377
2.7753334045410156
3.034628391265869
2.8305158615112305
3.1476829051971436
2.860253095626831
2.787153959274292
2.749042272567749
2.5982167720794678
3.0078117847442627
3.1983070373535156
3.0123727321624756
2.7554690837860107
2.7845635414123535
2.992497682571411
3.0520200729370117
2.9681973457336426
2.803131580352783
2.7606911659240723
2.694659948348999
2.8279716968536377
3.0849533081054688
2.9491004943847656
2.9698386192321777
2.6880288124084473
2.909149169921875
3.0007498264312744
2.8483967781066895
2.5140151977539062
2.893676280975342
2.8873236179351807
2.7846431732177734
2.643437385559082
2.741344690322876
2.689086437225342
2.8308708667755127
3.029388427734375
2.7100136280059814
3.0866899490356445
2.6836256980895996
2.5802319049835205
3.018017053604126
2.9849483966827393
3.0263257026672363
2.636263132095337
3.0077812671661377
2.8961901664733887
2.8731770515441895
2.4752917289733887
2.6904232501983643
2.5774993896484375
2.974816083908081
2.8000552654266357
2.5450592041015625
2.8112192153930664
2.7537941932678223
3.0114758014678955
2.659278631210327
2.7564706802368164
2.7827072143554688
2.759913206100464
2.7495789527893066
2.8550734519958496
3.0215587615966797
2.8651418685913086
2.701083183288574
2.467043161392212
2.657998561859131
2.8447606563568115
3.0998711585998535
2.8195250034332275
2.996140956878662
2.620453357696533
2.7618792057037354
2.8703854084014893
2.947035789489746
2.57620906829834
2.8842785358428955
3.007028579711914
2.833920478820801
2.701704978942871
2.828123092651367
2.5523178577423096
2.8155202865600586
2.8969011306762695
2.6033127307891846
2.62753963470459
3.0322928428649902
2.9459431171417236
2.7955193519592285
2.8915038108825684
2.649519205093384
2.6500020027160645
2.8666257858276367
2.84574556350708
2.9957382678985596
2.550426483154297
2.5309245586395264
2.8236212730407715
2.5916123390197754
2.798203706741333
2.7900702953338623
3.090979814529419
2.8513784408569336
2.7745587825775146
3.1088385581970215
2.574979543685913
2.9743540287017822
2.464376449584961
2.7975478172302246
2.933863639831543
2.6617565155029297
3.3487110137939453
2.7404227256774902
2.532508373260498
2.9946646690368652
2.8582704067230225
3.0268115997314453
2.9993815422058105
2.7013912200927734
2.587103843688965
2.9647233486175537
2.674091100692749
2.8081274032592773
2.7279248237609863
2.4530749320983887
2.544090747833252
2.938875675201416
3.017267942428589
2.9249444007873535
2.5705230236053467
2.8717191219329834
2.8069002628326416
2.4636411666870117
2.5767111778259277
2.56545090675354
2.7983407974243164
2.701169490814209
2.831761598587036
2.6249098777770996
2.630441427230835
2.608062505722046
2.446241617202759
2.3708457946777344
2.6504948139190674
2.6071560382843018
2.5428802967071533
2.845761775970459
2.682499408721924
2.425659656524658
2.858795642852783
3.0363223552703857
2.6160693168640137
2.7531650066375732
2.7806313037872314
2.852236747741699
2.8453099727630615
2.627542495727539
2.7624194622039795
2.491837978363037
2.505383014678955
2.799468755722046
2.4405012130737305
2.9039859771728516
2.823415517807007
2.563774347305298
2.6808555126190186
2.525339126586914
2.9013280868530273
3.051943063735962
2.3260416984558105
3.154364824295044
2.6611390113830566
2.4635772705078125
2.785714864730835
2.7102878093719482
2.702359914779663
2.7919130325317383
3.208223342895508
2.506129026412964
2.808403968811035
2.9545669555664062
2.9803543090820312
2.805588960647583
2.79656982421875
2.922053337097168
2.5979506969451904
2.5980443954467773
2.5036895275115967
2.346675157546997
2.502387762069702
2.523606300354004
2.7901992797851562
2.741650342941284
2.6526315212249756
2.629220962524414
2.612191677093506
2.5818369388580322
2.4863898754119873
2.4422638416290283
2.514543294906616
2.7197604179382324
2.824192762374878
2.952237367630005
2.435688018798828
2.701974868774414
2.780050277709961
2.8832340240478516
2.9387998580932617
2.8976686000823975
2.372386932373047
2.730323076248169
2.6252002716064453
2.6637871265411377
2.6179490089416504
2.5519254207611084
2.3170416355133057
2.668182849884033
2.5368733406066895
2.5580756664276123
2.6589531898498535
2.3866660594940186
2.5814156532287598
2.6701107025146484
2.819155216217041
2.9301950931549072
2.269552707672119
2.6453752517700195
2.4333908557891846
2.938643455505371
2.699017286300659
2.572873115539551
2.5563693046569824
2.4453413486480713
2.837449789047241
2.3615570068359375
2.7833504676818848
2.1647720336914062
2.6883060932159424
2.6416168212890625
2.8631772994995117
2.731421947479248
2.613821029663086
2.0997490882873535
2.7087340354919434
2.7017338275909424
2.714118480682373
2.6245644092559814
2.7932121753692627
2.4911012649536133
2.344906806945801
2.5272929668426514
2.397843837738037
2.2431440353393555
2.3049991130828857
2.6188254356384277
2.604609966278076
2.70575213432312
2.519954204559326
2.5778255462646484
2.566905975341797
2.537978410720825
2.8931884765625
2.9260153770446777
2.4192099571228027
2.611956834793091
2.768256425857544
2.4845376014709473
2.454726219177246
2.61157488822937
2.614046812057495
2.5187649726867676
2.279670476913452
2.353128671646118
2.5045223236083984
2.652053117752075
2.4710114002227783
2.518359661102295
2.5542476177215576
2.2622628211975098
2.3813352584838867
2.5309107303619385
2.7838473320007324
2.296456813812256
2.6562280654907227
2.600473165512085
2.1976401805877686
2.8484272956848145
2.4573118686676025
2.3040053844451904
2.4706850051879883
2.5768532752990723
1.9964206218719482
2.455354928970337
2.3093557357788086
2.2231433391571045
2.523253917694092
2.3151934146881104
2.647775888442993
2.4209847450256348
2.8083019256591797
2.873116970062256
2.695955753326416
2.4478397369384766
2.231520652770996
2.426701784133911
2.6650161743164062
2.5839133262634277
2.334416389465332
2.7657599449157715
2.2029666900634766
2.276124954223633
2.317258358001709
2.4755144119262695
2.5788397789001465
2.5880894660949707
2.725216865539551
2.237957715988159
2.5236175060272217
2.452711343765259
2.4972119331359863
2.158836841583252
2.1965932846069336
2.9368553161621094
2.791832208633423
2.4293229579925537
2.6189639568328857
2.456263780593872
2.4539449214935303
2.3891406059265137
2.2185380458831787
2.35620379447937
2.4155094623565674
2.536457061767578
1.9440914392471313
2.230123281478882
2.2433786392211914
2.453486680984497
2.338837146759033
2.0817441940307617
2.2432005405426025
2.153369426727295
2.8935210704803467
2.516216278076172
2.4126644134521484
2.3733181953430176
2.242661952972412
2.218167781829834
2.3917863368988037
2.607116460800171
2.4865922927856445
2.376997232437134
2.4923431873321533
2.281510591506958
2.382209300994873
2.4883129596710205
2.289111852645874
2.413339614868164
2.678532361984253
2.2216975688934326
2.5360395908355713
1.9184048175811768
2.3309504985809326
2.656068801879883
2.4356374740600586
2.255117654800415
2.5149123668670654
2.551598310470581
2.6037912368774414
2.2422094345092773
2.3607916831970215
2.3204152584075928
2.167811155319214
2.291747808456421
2.486903190612793
2.362250804901123
2.3111047744750977
2.3926899433135986
2.4744274616241455
2.5761890411376953
2.112715244293213
2.3478243350982666
2.2245893478393555
2.11936092376709
2.4710633754730225
2.447394371032715
2.6215500831604004
2.367526054382324
2.4633915424346924
2.1536965370178223
2.429633855819702
1.996795415878296
2.2592222690582275
2.378415107727051
2.3744516372680664
2.4997472763061523
2.487657070159912
2.0366928577423096
2.4506261348724365
2.4316325187683105
2.592228412628174
2.462481737136841
2.419703245162964
1.844288945198059
2.4204037189483643
2.2660601139068604
2.1942942142486572
2.3438639640808105
2.436065196990967
2.607234477996826
2.0438780784606934
2.180528163909912
2.0322659015655518
2.3729872703552246
2.1300137042999268
2.27020263671875
2.5702240467071533
2.1685633659362793
2.368738889694214
2.070023536682129
2.004112720489502
2.2607874870300293
2.6618781089782715
2.2146103382110596
2.5004966259002686
2.133330821990967
2.271672248840332
2.371950149536133
2.8185322284698486
2.301002025604248
2.3642382621765137
1.88092041015625
2.3575820922851562
2.4066872596740723
2.3060131072998047
2.1068038940429688
2.3872416019439697
2.3610751628875732
2.57314395904541
2.0418598651885986
1.9780644178390503
2.4875638484954834
2.3082902431488037
2.4402236938476562
2.4318015575408936
2.1672372817993164
1.9932138919830322
2.283111333847046
2.265324354171753
2.2466681003570557
2.0445945262908936
2.1458640098571777
2.0655112266540527
2.2083449363708496
2.5411770343780518
2.335732936859131
2.2256622314453125
2.566330671310425
2.6298389434814453
2.1918039321899414
2.0978846549987793
2.203282117843628
2.213367462158203
2.3038341999053955
2.399817943572998
2.416745662689209
2.3674490451812744
2.124512195587158
1.9850099086761475
2.0481252670288086
2.57564640045166
2.1938276290893555
2.2772185802459717
2.3461720943450928
2.3185982704162598
2.407494068145752
1.9477534294128418
2.209191083908081
2.34694504737854
2.081878662109375
2.635948657989502
2.1643903255462646
2.581425905227661
2.1289608478546143
2.325697183609009
2.720236301422119
2.2763943672180176
2.422775983810425
2.462735176086426
2.119453191757202
2.5292229652404785
2.134557008743286
2.7089719772338867
2.3329896926879883
2.090808391571045
2.556309938430786
2.263272285461426
2.1304051876068115
1.9944379329681396
2.127315044403076
2.109403133392334
2.07210111618042
2.351400852203369
2.2889206409454346
2.094428300857544
2.0557308197021484
2.192517042160034
2.214492082595825
2.683492660522461
1.944523572921753
2.203342914581299
1.8369520902633667
2.296656608581543
1.9720150232315063
2.201939105987549
2.0517449378967285
2.2700963020324707
2.0090205669403076
1.9357467889785767
2.4754507541656494
2.1255807876586914
2.3442094326019287
2.1855578422546387
1.9624364376068115
2.6461899280548096
2.2299880981445312
2.1129627227783203
2.106438159942627
1.9804645776748657
2.348747491836548
2.1340813636779785
2.4389116764068604
1.9139775037765503
2.1818578243255615
2.149244785308838
2.2657408714294434
1.8365719318389893
2.1857593059539795
2.395740270614624
2.463569164276123
2.495797634124756
2.38566255569458
2.043170928955078
2.2666468620300293
2.320438861846924
2.0118072032928467
2.370743989944458
2.1166372299194336
2.3080220222473145
1.9464906454086304
2.342275857925415
1.7342339754104614
1.997628927230835
2.0230467319488525
2.0275630950927734
2.223440647125244
2.4611570835113525
2.099435329437256
2.102282762527466
2.3451972007751465
1.9203842878341675
2.0838522911071777
2.16552996635437
2.3832650184631348
1.9018861055374146
2.1922500133514404
2.0641849040985107
1.8766818046569824
2.344980001449585
1.891128420829773
2.323181390762329
1.9818052053451538
2.0638084411621094
2.307255268096924
2.223008632659912
1.7602077722549438
1.862562656402588
2.0210859775543213
2.2892191410064697
2.0605757236480713
1.9999505281448364
2.340449810028076
2.453050374984741
2.234133243560791
2.4272871017456055
2.0388946533203125
1.8063287734985352
2.0850977897644043
2.3177897930145264
2.2440290451049805
1.9538770914077759
2.1868226528167725
1.8656874895095825
2.0588252544403076
2.346104145050049
1.997542381286621
2.3394908905029297
2.350437641143799
1.9325037002563477
2.3046653270721436
1.8434034585952759
2.46975040435791
1.9992868900299072
2.1121888160705566
2.36814022064209
2.491710901260376
2.009190320968628
2.0800740718841553
2.066800117492676
2.2627346515655518
2.2298383712768555
2.1067864894866943
1.8921778202056885
1.98809015750885
1.9891895055770874
1.7897948026657104
2.395515203475952
2.1637442111968994
2.073808431625366
2.083611011505127
2.150381326675415
2.118669033050537
2.0970559120178223
1.7956898212432861
2.415698766708374
1.9763506650924683
2.0237345695495605
1.869097352027893
2.016998767852783
2.2652437686920166
2.2095601558685303
2.6855547428131104
2.3045454025268555
2.0347113609313965
2.1817080974578857
2.059962034225464
2.0991170406341553
1.773760199546814
1.792910099029541
1.8722445964813232
2.1792125701904297
2.0076513290405273
2.4794232845306396
2.3565893173217773
2.070319890975952
2.1773650646209717
2.0811023712158203
1.9877241849899292
2.144728899002075
2.145570993423462
2.0216996669769287
1.9754846096038818
1.778833031654358
2.0949878692626953
1.9484084844589233
1.9864153861999512
2.1875321865081787
2.060375690460205
2.04958176612854
2.0227484703063965
2.3970441818237305
2.0556366443634033
2.0564916133880615
2.3734679222106934
2.203526496887207
1.8782154321670532
1.787246823310852
2.099653720855713
2.1615517139434814
2.492220401763916
1.8877640962600708
2.193906545639038
2.1283719539642334
2.2154767513275146
1.9664433002471924
2.1976494789123535
2.086430788040161
1.963769555091858
2.06992769241333
1.8493242263793945
1.6832096576690674
1.9314581155776978
1.9912155866622925
2.0897414684295654
2.0437612533569336
2.4372823238372803
1.8344941139221191
1.8556318283081055
2.0631606578826904
1.814866065979004
1.771074891090393
2.176323413848877
2.125886917114258
1.6700912714004517
1.958695888519287
2.1948652267456055
2.2517237663269043
2.214766502380371
1.9954060316085815
2.101195812225342
1.981123447418213
2.095580816268921
1.9536291360855103
1.9580141305923462
2.234027624130249
2.060265302658081
1.8205279111862183
1.8164267539978027
2.0912938117980957
1.7726109027862549
2.3069841861724854
1.8625491857528687
2.1303470134735107
1.8235737085342407
1.6690292358398438
2.033301830291748
1.8141900300979614
2.109884262084961
1.9432313442230225
2.093665599822998
2.0913944244384766
1.3754165172576904
1.9068162441253662
1.8915083408355713
1.9727869033813477
1.9537018537521362
1.5304100513458252
2.048959255218506
2.110426664352417
2.0236103534698486
1.9370436668395996
1.742957592010498
2.065418243408203
1.7960973978042603
1.9427175521850586
1.9360990524291992
1.992863416671753
2.2139766216278076
2.022620439529419
1.8067275285720825
2.2033727169036865
1.8263792991638184
1.6544731855392456
2.0622873306274414
1.788336157798767
1.8328877687454224
2.0706682205200195
1.7307441234588623
1.5562726259231567
2.0176126956939697
2.057983160018921
1.7017242908477783
2.2154555320739746
2.3475396633148193
2.0614864826202393
1.9713948965072632
1.9272968769073486
1.8802238702774048
1.7955124378204346
1.763560175895691
2.0918333530426025
2.0196127891540527
2.1244606971740723
1.8734372854232788
2.1117448806762695
1.6260343790054321
2.007678270339966
2.1435866355895996
1.9190930128097534
1.974016547203064
2.0010945796966553
2.216158628463745
2.119668483734131
1.9978065490722656
2.1640453338623047
2.030301332473755
2.1346004009246826
2.2981674671173096
1.839026689529419
2.5028069019317627
1.9741183519363403
1.675307273864746
2.3529677391052246
2.1082301139831543
1.6788359880447388
2.166219472885132
1.5644593238830566
1.7485860586166382
1.8744218349456787
1.9157110452651978
1.9622832536697388
1.8025583028793335
2.0661840438842773
2.1446003913879395
1.6561216115951538
2.2069900035858154
2.134876012802124
1.60916006565094
2.056610584259033
1.701688289642334
2.0738532543182373
1.8570613861083984
1.7346386909484863
1.778215765953064
1.9070781469345093
1.863804578781128
2.0554428100585938
1.7753243446350098
1.8895318508148193
2.0794947147369385
2.2162253856658936
1.8030506372451782
1.5481594800949097
1.5430023670196533
1.6517267227172852
1.9335675239562988
2.159213066101074
1.83241605758667
1.9318164587020874
1.9575875997543335
1.7069952487945557
1.7087531089782715
2.011866569519043
1.6580584049224854
1.968531608581543
1.943304181098938
1.8407855033874512
1.8420695066452026
1.8356826305389404
1.706786036491394
1.8822402954101562
1.7431954145431519
1.6886658668518066
1.816712498664856
1.60187566280365
1.8220611810684204
2.4110989570617676
1.5774332284927368
1.6155637502670288
1.6343711614608765
2.0629472732543945
1.790379285812378
2.219878673553467
1.5764048099517822
1.6959693431854248
2.0550856590270996
1.7050607204437256
1.8169173002243042
1.744633674621582
1.6150133609771729
1.8012807369232178
2.0770328044891357
1.8394933938980103
1.639270544052124
1.8978064060211182
1.8639761209487915
1.4980560541152954
1.6979420185089111
1.900573968887329
1.7160652875900269
1.76603102684021
2.0493578910827637
1.9029830694198608
1.746752381324768
1.6252943277359009
1.902388095855713
1.9578685760498047
2.002279043197632
1.5908774137496948
1.6865384578704834
1.9204392433166504
1.9697320461273193
1.9098014831542969
2.1005859375
1.5785554647445679
2.0289883613586426
1.666854977607727
1.8837004899978638
1.4305633306503296
1.9415369033813477
1.796067714691162
1.6676485538482666
1.7242697477340698
1.6949294805526733
1.3294404745101929
1.9492216110229492
1.8168357610702515
1.8305368423461914
1.7581534385681152
1.817114233970642
1.5735125541687012
1.7501264810562134
1.7518993616104126
1.8263050317764282
1.718677282333374
1.7398433685302734
2.0529370307922363
1.7786861658096313
1.6048691272735596
1.4461658000946045
1.4181742668151855
1.9954581260681152
1.5826326608657837
1.376092791557312
1.5468190908432007
1.7512294054031372
1.6361656188964844
1.7318742275238037
1.6548340320587158
1.844264268875122
1.5342963933944702
1.8081873655319214
1.5821120738983154
1.4468469619750977
1.9391790628433228
1.7886189222335815
1.938356876373291
2.0248897075653076
1.7010977268218994
1.819254755973816
1.5702037811279297
1.670466661453247
1.8210581541061401
1.7587419748306274
1.761890172958374
1.5484347343444824
1.6636897325515747
1.8029719591140747
1.729872465133667
1.818161129951477
1.7459286451339722
2.120286703109741
1.6369682550430298
1.4886102676391602
1.6323505640029907
1.9282723665237427
1.751658320426941
1.8629250526428223
1.9359469413757324
1.4700359106063843
1.972161889076233
2.1740570068359375
1.697563648223877
1.3415879011154175
1.4197324514389038
1.6714246273040771
1.6017522811889648
1.8149875402450562
1.8326120376586914
2.1674644947052
1.8387274742126465
1.2632312774658203
1.5038414001464844
1.6439882516860962
1.9925204515457153
1.7846194505691528
1.6941447257995605
1.4172959327697754
1.703874945640564
1.5811790227890015
1.3705116510391235
1.8007712364196777
2.0490260124206543
1.5976905822753906
1.8759623765945435
2.0166425704956055
1.7346869707107544
1.499541997909546
1.5282024145126343
1.9519730806350708
1.5998554229736328
1.6924829483032227
1.841781497001648
1.5968801975250244
1.7282443046569824
1.7745707035064697
1.7289470434188843
1.5080161094665527
1.8832859992980957
1.5243515968322754
1.708695650100708
1.8061803579330444
1.762292504310608
1.65552818775177
2.0554237365722656
1.40766179561615
1.5415160655975342
1.565667986869812
1.3163962364196777
2.219289779663086
1.643157720565796
1.428609013557434
1.4720659255981445
1.7620465755462646
1.822184681892395
1.7669055461883545
1.453084945678711
1.6975581645965576
1.8910574913024902
1.5765050649642944
1.4548418521881104
1.7436745166778564
1.8558419942855835
1.4802364110946655
1.9157328605651855
1.8264654874801636
1.5109938383102417
1.4432332515716553
1.427276849746704
1.5227123498916626
1.4419472217559814
1.610515832901001
1.5677767992019653
1.9615181684494019
1.6420596837997437
2.103076696395874
1.4691436290740967
1.224984049797058
1.5896719694137573
2.1661055088043213
1.2541950941085815
1.6557064056396484
1.5648325681686401
1.4632813930511475
1.6897649765014648
1.7832765579223633
1.9104585647583008
1.7316474914550781
1.5578370094299316
1.7878071069717407
1.5847070217132568
1.3682373762130737
1.859375
1.3266454935073853
1.5598174333572388
1.6026338338851929
1.6495497226715088
1.6820147037506104
1.8073209524154663
1.6196422576904297
1.4776746034622192
1.6066216230392456
1.6996597051620483
1.5070385932922363
1.5973526239395142
1.6104819774627686
1.5960137844085693
1.4287872314453125
1.5266903638839722
1.6562175750732422
1.4391322135925293
1.424413800239563
1.3843427896499634
1.37971031665802
1.895009994506836
1.849333643913269
1.401651382446289
1.402305006980896
1.8131693601608276
1.75594162940979
1.1979846954345703
1.7641865015029907
1.4092706441879272
1.5493347644805908
1.5177724361419678
1.1962454319000244
1.283048152923584
1.6023715734481812
1.4342854022979736
1.7657115459442139
1.7480779886245728
1.6481733322143555
1.7143974304199219
1.868787169456482
1.5279484987258911
1.7479758262634277
1.4119547605514526
1.8515678644180298
1.577180027961731
1.4434434175491333
1.337273359298706
1.6341571807861328
1.4042773246765137
1.2876918315887451
1.533369541168213
1.7830395698547363
1.3472861051559448
1.6707144975662231
1.4890857934951782
1.72616708278656
1.599473237991333
1.7790610790252686
1.730015516281128
1.756806492805481
1.3914915323257446
1.322921872138977
1.2070938348770142
1.4581910371780396
1.6776145696640015
1.5061577558517456
1.4429380893707275
1.3679476976394653
1.254486083984375
1.372504711151123
1.510330319404602
1.445011854171753
1.834458351135254
1.5893442630767822
1.5181865692138672
1.3359044790267944
1.2659025192260742
1.6029444932937622
1.481947898864746
2.0694780349731445
1.4534910917282104
1.553511381149292
1.3966552019119263
1.350223183631897
1.2672820091247559
1.5819933414459229
1.588541030883789
1.4774680137634277
1.5141175985336304
1.4070297479629517
1.177610993385315
1.579616665840149
1.6014138460159302
1.674918293952942
1.3217393159866333
1.8131465911865234
1.7364422082901
1.3986296653747559
1.5364365577697754
1.4554964303970337
1.4714584350585938
1.3049942255020142
1.2088098526000977
1.435804009437561
1.253709077835083
1.8034907579421997
1.6668447256088257
1.4571436643600464
1.4248231649398804
1.347810983657837
1.5240397453308105
1.5950945615768433
1.2127604484558105
1.5904958248138428
1.7753632068634033
1.3166754245758057
1.6330420970916748
1.6987080574035645
1.6071629524230957
1.22780179977417
1.689379334449768
1.4869670867919922
1.865305781364441
1.74005126953125
1.4729392528533936
1.5245401859283447
1.1015597581863403
1.2413760423660278
1.2967087030410767
1.7639546394348145
1.4345003366470337
1.7459681034088135
1.2307199239730835
1.4329988956451416
1.8627636432647705
1.27974271774292
1.2184051275253296
1.3762956857681274
1.4902852773666382
1.418364405632019
1.2701600790023804
1.4905016422271729
1.3727596998214722
1.1037896871566772
1.6233097314834595
1.266343116760254
1.84776771068573
1.695326566696167
1.5267810821533203
1.5082039833068848
1.2605093717575073
1.6520369052886963
1.5125675201416016
1.2443593740463257
1.2952812910079956
1.443540334701538
1.3363574743270874
1.506134271621704
1.391763687133789
1.3022485971450806
1.6423693895339966
1.364412784576416
1.4289535284042358
1.1875518560409546
1.305757999420166
1.8098328113555908
1.064102053642273
1.6456817388534546
1.7343709468841553
1.4991302490234375
1.5677077770233154
1.4331750869750977
1.495666742324829
1.5126097202301025
1.3367762565612793
1.3164066076278687
1.2427847385406494
1.2653090953826904
1.288506269454956
1.316973328590393
1.3854379653930664
1.3208520412445068
1.4335123300552368
1.1224732398986816
1.3377448320388794
1.3551796674728394
1.6264874935150146
1.5737690925598145
1.3454844951629639
1.6012110710144043
1.406934380531311
1.642518401145935
1.2533425092697144
1.3093562126159668
1.3516054153442383
1.4029852151870728
1.444411277770996
1.4403005838394165
1.2132537364959717
1.3548928499221802
1.3078110218048096
1.4815213680267334
1.209251046180725
1.313446283340454
1.1507214307785034
1.5474770069122314
1.6531908512115479
1.1725914478302002
1.4093151092529297
1.3217198848724365
1.4713833332061768
1.443809986114502
1.4532893896102905
1.3932363986968994
1.6338683366775513
1.2535102367401123
1.602230191230774
1.4924954175949097
1.673200249671936
1.1306849718093872
1.484986424446106
1.1816128492355347
1.3780128955841064
1.286916732788086
1.304909586906433
1.0247350931167603
1.0154913663864136
1.3372400999069214
1.6360290050506592
1.47316312789917
1.4751598834991455
1.2865374088287354
1.4999854564666748
1.3812154531478882
1.2608965635299683
1.3773393630981445
1.5228430032730103
1.2172008752822876
1.3201967477798462
1.2881760597229004
1.1211336851119995
1.9271990060806274
1.3341472148895264
1.271518349647522
1.4549716711044312
1.4664838314056396
1.215897560119629
1.5126457214355469
1.3600425720214844
1.4858930110931396
1.510787010192871
1.4834704399108887
1.3613921403884888
1.2158825397491455
1.4007683992385864
1.4343181848526
1.1815072298049927
1.4357070922851562
1.6402913331985474
1.473128318786621
1.4289300441741943
1.1553425788879395
1.4458353519439697
1.2493115663528442
1.4446333646774292
1.0447030067443848
0.9014920592308044
1.4106881618499756
1.4020307064056396
1.4126585721969604
1.3759549856185913
1.1709003448486328
1.6224548816680908
1.3780345916748047
1.4088640213012695
1.2522553205490112
1.1916303634643555
1.49491286277771
0.8848491311073303
1.4362117052078247
1.3390713930130005
1.4079355001449585
1.2664297819137573
1.3952980041503906
1.0704030990600586
1.1951079368591309
1.2281129360198975
1.2388924360275269
1.2837748527526855
1.045518159866333
1.2077300548553467
1.4089800119400024
1.3435221910476685
1.1751863956451416
1.0518407821655273
1.3995599746704102
1.3705313205718994
1.3397102355957031
1.3524233102798462
0.9546241164207458
1.0705753564834595
1.233028769493103
1.3474076986312866
1.135050654411316
1.2323319911956787
1.320948839187622
1.2827690839767456
1.6469366550445557
1.134992003440857
1.233938455581665
0.9889113903045654
1.1545538902282715
1.2019070386886597
1.2184163331985474
1.572758674621582
