4.550228395120567
4.4965166198018265
4.4545241853465205
4.430441423450285
4.410502333165435
4.385605166330362
4.360995828648052
4.342081359585228
4.315566730621221
4.2880900137869595
4.261142970351002
4.23106546231243
4.213538317424257
4.190458727004888
4.168629117024219
4.151917527093912
4.124967743978476
4.10709126373691
4.083870657569612
4.0619194394792135
4.0478407781752175
4.033199411523921
4.01510600452228
4.000837269646432
3.9788114256261253
3.95839712412461
3.940905285003545
3.9262507727079075
3.913592776374134
3.8967134297046515
3.88278354403308
3.863130047803035
3.8521359225978022
3.8375994521943504
3.8167105297298383
3.8066198847178
3.794385471612291
3.7763766638763117
3.761713075210981
3.7512237827491273
3.731932598916466
3.71832442740955
3.7040238505434195
3.692636343524279
3.674430659359983
3.660071598599329
3.644508468830372
3.6333121161936495
3.614005107404021
3.5979364122576114
3.5884352303526894
3.571506459389806
3.5619218950076483
3.5442101071252847
3.5368825709423444
3.517098283218911
3.5090084670449766
3.491129002912575
3.4754138437988202
3.4636697619772323
3.4510210176258136
3.4351166727597757
3.4271723626519712
3.409360753910621
3.3967076280842656
3.3854810395813963
3.3732150963810095
3.3602046115928905
3.3385378969904713
3.324334542159839
3.3112134467000547
3.2963154279362517
3.2845251115081866
3.267442151103788
3.2591793927390253
3.2487538238925397
3.2333381240020325
3.2230551056849683
3.2072350015420743
3.195705761385086
3.1830526806814285
3.173481735122173
3.1546998008742664
3.1494651166984187
3.1413068832338924
3.125320844638073
3.117611843301817
3.1078763297756615
3.098337855485394
3.082063839563628
3.074143017649346
3.065058744472006
3.0565627471870167
3.0462097069796394
3.03544720603377
3.023596021220507
3.013461597740193
3.0069447341172593
2.992718447809634
2.9895636227429674
2.9773504407814397
2.9709298443001555
2.949144606700029
2.950118488058105
2.9372577450769333
2.9280905577227894
2.921659064414861
2.9053789050987615
2.9022543317521623
2.8911232490978582
2.8730272679682582
2.8634288612838903
2.8628858818727383
2.8470374800055227
2.8322091224553336
2.8245699655674303
2.809636777624145
2.8043602095235642
2.7946346357960223
2.7837279001465234
2.774696303755426
2.768428285713391
2.7587357783866358
2.743968807522903
2.739082481855017
2.727933020847838
2.7182667139546037
2.7095430863787757
2.699635803547052
2.694724522283315
2.6775548284316
2.6624619189430687
2.6551404227990933
2.652757924536
2.6413350358338614
2.618991253626011
2.6213217934074304
2.6129294886918326
2.596140071711577
2.5911435745561215
2.581714648419939
2.563103004794596
2.5642612081049654
2.551350312159799
2.543099117401006
2.532123503172794
2.5222026675253573
2.5203390423294225
2.503443714907712
2.493739140308117
2.4829787608912532
2.47672325281231
2.4675562828398117
2.4514271485836
2.4452744130893134
2.4348561751568103
2.423607881111867
2.418080814354255
2.407331356307125
2.3997438854878514
2.397007426185071
2.382545376220323
2.381585954247838
2.363595984018672
2.354411589215174
2.3398366776268804
2.3431740456529897
2.329564629308403
2.325302274788127
2.3092162641113068
2.306944293744119
2.2898942582747517
2.2826818133254188
2.2793980679853494
2.270024514564163
2.262422267585764
2.246847962174574
2.2482202720764044
2.23294981742454
2.2256811427338348
2.2138683541351574
2.204053606523577
2.1939433776509123
2.189373758137988
2.182298367438109
2.1745072081875616
2.163019561249277
2.1587655823249037
2.1468918831147197
2.1420782158136977
2.1329932362222306
2.1270693296666647
2.115776648454349
2.1116860592761615
2.1024581797592474
2.091694111561836
2.0861199970745368
2.071651073520446
2.0654709477863653
2.055060890477027
2.0595217629161944
2.0404917202947086
2.0335186230557043
2.0246855791877296
2.013612809083651
2.0089734440569376
2.004663921225711
1.9892503038391738
1.991360362990738
1.976025541420178
1.9749427643578377
1.961275986850719
1.949480018499867
1.9467594782104882
1.9412496399391643
1.9292578677387189
1.9199674518212029
1.9200122258852206
1.904598910180504
1.899103374737303
1.8902255115301714
1.8841781328096414
1.868592389556758
1.8659483262949892
1.8621482277465293
1.845793150117635
1.8377034683971454
1.8245227948174148
1.8206410356189893
1.8138346274185668
1.8114372574154982
1.800167084502442
1.7871769756612266
1.7828554822051006
1.7761490151400456
1.7690522827760642
1.7634163773273264
1.7476471058852838
1.748805046386426
1.7386820119665103
1.7335492957888357
1.7164548403771638
1.7090340082907616
1.7033977621351666
1.6945771872235076
1.6870732205298247
1.6824180668272326
1.6681108881750375
1.6588031088604647
1.661452310926774
1.6423173092515266
1.646889363560835
1.6325299017264714
1.6286749912954657
1.6213570199049343
1.6130561479522139
1.6071411403243805
1.5905598886787433
1.5871355460427912
1.5777579416399417
1.5678177468307184
1.5585303808112279
1.5616896859825116
1.5479689392897173
1.5374930839404426
1.5373171173093263
1.5226369747115522
1.5155533817418092
1.5128014827018503
1.4994354069690266
1.4893010271632152
1.4904722810706215
1.4729300822748248
1.465638390892302
1.4686230775492881
1.457707116823367
1.4452556858739585
1.4408325945477352
1.4267888714742782
1.4244229731809757
1.415700211244471
1.4136627083239348
1.3935208166651714
1.3960490152049247
1.3803430301758943
1.3746248902109883
1.3704876380655773
1.3640506271358646
1.3639524290171425
1.346824650950444
1.3372473061999397
1.330712066282092
1.3202971652188265
1.323292153875541
1.3091909723818456
1.3084353348788094
1.2984310280331566
1.2870122687438565
1.2800859093208752
1.2720461389445283
