150.76497316360474
150.46878027915955
150.78031587600708
150.884672164917
150.55743050575256
150.8726408481598
150.75257444381714
150.50637769699097
150.66305422782898
150.51446104049683
150.60773348808289
150.7370216846466
150.61832809448242
150.61682653427124
150.692223072052
150.6387858390808
150.42395496368408
150.7372751235962
150.47649335861206
150.53548741340637
150.8063554763794
150.75132274627686
150.38444828987122
150.90048456192017
150.49992847442627
150.53906154632568
150.71560144424438
150.52457737922668
150.7427523136139
150.76551222801208
150.6379120349884
150.75147032737732
150.82913947105408
150.45732736587524
150.49520063400269
150.71695756912231
150.64676189422607
150.56604075431824
150.57474160194397
150.6190311908722
150.58209347724915
150.67929601669312
150.63681364059448
150.72027111053467
150.8654019832611
150.609477519989
150.54378700256348
150.82148432731628
150.59902429580688
150.56673455238342
150.95482873916626
150.6466841697693
150.64724016189575
150.66781640052795
150.60515093803406
150.65421891212463
150.64880204200745
150.54553484916687
150.74569463729858
150.92927050590515
150.57965183258057
150.70446276664734
150.76699113845825
150.4664821624756
150.78843545913696
150.91550946235657
150.6146194934845
150.7905776500702
150.5934157371521
150.51792860031128
150.58650732040405
150.89714455604553
150.81481266021729
150.71023273468018
150.7958586215973
150.51575684547424
150.74978351593018
151.4711046218872
150.68297266960144
150.84974002838135
150.82709503173828
150.69750452041626
150.9099407196045
150.74166679382324
150.52749347686768
150.5642032623291
150.60802030563354
150.4820203781128
150.7763478755951
151.3018503189087
150.59881377220154
150.81516432762146
150.75594568252563
150.67831444740295
150.78611207008362
150.63004851341248
150.54051303863525
150.75460863113403
150.64850664138794
150.59491300582886
150.64809131622314
150.61687064170837
150.62492322921753
150.6946942806244
150.55156898498535
150.64490723609924
150.73728013038635
150.46259593963623
150.54837775230408
150.75560307502747
150.66935634613037
150.66108059883118
150.7290539741516
150.61129808425903
150.61109018325806
150.6627070903778
150.74001741409302
150.69189715385437
150.6196084022522
150.64943623542786
150.7359495162964
150.7433500289917
150.68211317062378
150.75919556617737
150.76428174972534
150.77344059944153
150.48861050605774
151.23404932022095
150.52705645561218
150.80351042747498
150.73925113677979
150.51709365844727
150.57528686523438
150.6429636478424
150.62776446342468
150.79307103157043
150.8237488269806
150.4602565765381
150.58376336097717
150.91203022003174
150.51726984977722
150.6516466140747
150.8074402809143
150.49533200263977
150.70093774795532
150.7413830757141
150.55033016204834
150.64455556869507
150.58101749420166
150.59460067749023
150.68728184700012
150.67079043388367
150.4064781665802
150.64767861366272
150.76737761497498
150.63247323036194
150.7566373348236
150.70003461837769
150.54516315460205
150.65045595169067
150.6423397064209
150.5933108329773
150.72843074798584
150.68229484558105
150.59925651550293
151.23220038414001
150.63506054878235
150.60355949401855
150.75053787231445
150.69594192504883
150.4403998851776
150.7714171409607
150.6282308101654
150.58141207695007
150.80209946632385
150.60341882705688
150.51567101478577
150.62261605262756
150.65414476394653
150.73075580596924
150.85118532180786
150.54681372642517
150.47215270996094
151.0717260837555
150.63196110725403
150.5642900466919
150.75998449325562
150.55321621894836
150.4494972229004
150.7437014579773
150.74790120124817
150.55042719841003
150.9026803970337
150.54707384109497
150.69603419303894
150.79194593429565
150.5148389339447
150.50089049339294
150.7064175605774
150.5923798084259
150.51154923439026
150.8612678050995
150.4329433441162
150.4169578552246
150.93593573570251
150.64271020889282
150.5868136882782
150.6502764225006
150.56505417823792
150.6830348968506
150.72959780693054
150.54769229888916
150.7370777130127
150.762353181839
150.55078291893005
150.61096501350403
150.85017442703247
150.6768777370453
150.7443299293518
150.8110055923462
150.69731307029724
150.85223531723022
150.85517597198486
150.59721064567566
150.73857998847961
150.7077353000641
150.46029949188232
150.85440182685852
150.84398865699768
150.43938755989075
150.7075583934784
150.69492101669312
150.45183944702148
150.6616518497467
150.70931458473206
150.6473879814148
150.74884128570557
150.61259603500366
150.66801190376282
150.83361411094666
150.79929065704346
150.78314590454102
150.5090777873993
150.47614645957947
150.41932582855225
150.47625041007996
150.4493851661682
150.33591270446777
150.48219990730286
150.23811268806458
150.26844549179077
150.4651050567627
150.2872188091278
150.38721108436584
150.4444019794464
150.23160672187805
150.20380306243896
150.50111389160156
150.31732940673828
150.18049144744873
150.6936695575714
150.25097489356995
150.10516381263733
150.3420376777649
150.30001616477966
150.1957187652588
150.40356636047363
150.25740885734558
150.22461247444153
150.3967833518982
150.3267149925232
150.3689374923706
150.48539996147156
150.22067761421204
150.45999884605408
150.50649333000183
150.38071084022522
151.0074977874756
150.4233787059784
150.2331931591034
150.30432319641113
150.49779510498047
150.45416355133057
150.23766827583313
150.40878558158875
150.33507800102234
150.41106867790222
150.4968502521515
150.3031873703003
150.44010257720947
150.47012758255005
150.19561457633972
150.2505395412445
150.6344153881073
150.52495551109314
150.19612169265747
150.3440613746643
150.34230041503906
150.40961146354675
150.56365084648132
