1.908
2.366
2.6759999999999997
2.734
2.774
3.0020000000000002
3.436
3.628
3.752
4.096
4.666
5.072
5.142
5.48
5.698
5.896
6.4079999999999995
6.65
6.87
7.164
7.51
7.611999999999999
7.978000000000001
8.046000000000001
8.38
8.66
8.89
9.144
9.346
9.554
9.744
10.234
10.272
10.534
10.979999999999999
11.068
11.302
11.728
11.994
12.08
12.504000000000001
12.644
12.964
13.200000000000001
13.296
13.678
13.927999999999999
14.12
14.544
14.677999999999999
14.896
15.302
15.354000000000001
15.684000000000001
15.581999999999999
15.952
16.189999999999998
16.536
16.794
17.162
17.312
17.576
17.748
18.136
18.272
18.706
18.564
18.754
19.128
19.604
20.002
19.811999999999998
19.986
20.254
20.574
20.846
21.114
21.246000000000002
21.126
21.582
21.912000000000003
21.593999999999998
22.508
22.494
22.478
22.942
23.154
23.082
23.28
23.727999999999998
23.921999999999997
23.968
24.054000000000002
24.134
24.77
24.634
24.706
25.104
25.348
25.512
25.569999999999997
25.874000000000002
26.112000000000002
26.107999999999997
26.204
26.814
26.784000000000002
26.919999999999998
27.01
27.296
27.657999999999998
27.954
28.116000000000003
28.034
28.274
28.58
28.698
29.028
28.956
29.518
29.604000000000003
29.754
29.772
30.212
30.046
30.343999999999998
30.769999999999996
30.91
31.032
31.286
31.434
31.935999999999996
32.23
32.141999999999996
32.268
32.786
32.566
32.774
33.007999999999996
33.379999999999995
33.51
33.696
33.772000000000006
34.204
34.156
34.556
34.96
34.684
35.04
35.274
35.35
35.52
35.94
36.065999999999995
36.29
36.502
36.722
37.112
37.114000000000004
37.198
37.275999999999996
37.76
37.702000000000005
38.03
38.414
38.64
38.68
39.007999999999996
38.956
39.224
39.314
39.896
39.98
39.922000000000004
40.146
40.308
40.558
40.794000000000004
41.0
41.42
41.374
41.658
41.804
42.046
42.032000000000004
42.370000000000005
42.812
42.687999999999995
43.088
43.028
43.266
43.406
43.484
43.812
44.041999999999994
44.132
44.394
44.641999999999996
44.854
44.996
45.042
45.839999999999996
45.572
45.906000000000006
45.800000000000004
46.086
46.233999999999995
46.53
46.684
46.79
46.904
47.128
47.588
47.53
47.552
48.032000000000004
48.304
48.222
48.808
48.696
48.848
48.714
49.437999999999995
49.602000000000004
49.456
50.114000000000004
49.976
50.322
50.648
50.684
50.834
50.88
51.526
51.31400000000001
51.588
51.93
52.007999999999996
52.294
52.376
52.53
52.727999999999994
53.227999999999994
53.39
53.266000000000005
53.425999999999995
53.786
53.954
54.13400000000001
54.398
54.278000000000006
54.903999999999996
54.574
55.286
55.162
55.26
55.742000000000004
55.698
56.15599999999999
56.492
56.668
56.864000000000004
57.01199999999999
56.83200000000001
57.03
57.62199999999999
57.436
57.666
58.111999999999995
58.306000000000004
58.406000000000006
58.572
58.675999999999995
59.18
59.166
59.245999999999995
59.641999999999996
59.866
60.087999999999994
60.522
60.431999999999995
60.653999999999996
60.724000000000004
61.124
61.166
61.44
61.57
62.038000000000004
61.87200000000001
61.964
62.388
62.568
62.724000000000004
63.388
62.90599999999999
63.464
63.382000000000005
63.812000000000005
64.104
64.094
64.29
