4.5855817794799805
4.540585517883301
4.564257621765137
4.57415246963501
4.477804183959961
4.506904125213623
4.484431266784668
4.452597618103027
4.489104270935059
4.61839485168457
4.433743476867676
4.537579536437988
4.529278755187988
4.480413436889648
4.417161464691162
4.386990547180176
4.52703857421875
4.3574042320251465
4.387742519378662
4.47755241394043
4.404121398925781
4.3519439697265625
4.304945468902588
4.480810642242432
4.365050315856934
4.620097637176514
4.438694953918457
4.359483242034912
4.35093355178833
4.315164089202881
4.2158894538879395
4.439260959625244
4.33152437210083
4.358245849609375
4.375638961791992
4.229248523712158
4.228371620178223
4.23569917678833
4.4869232177734375
4.417335033416748
4.333254814147949
4.2459917068481445
4.329876899719238
4.336511135101318
4.361794948577881
4.364819049835205
4.427680492401123
4.283817291259766
4.212088584899902
4.311212062835693
4.190716743469238
4.236715793609619
4.273283958435059
4.130032062530518
4.207509994506836
4.328514575958252
4.312570095062256
4.304191589355469
4.218705654144287
4.202159881591797
4.240606307983398
4.26391077041626
4.438808441162109
4.266061305999756
4.299249649047852
4.186859130859375
4.217574596405029
4.052573204040527
4.062254428863525
4.196802616119385
4.203601837158203
4.161647796630859
4.0303120613098145
4.115886688232422
4.140636920928955
4.125062465667725
4.071310520172119
4.277749061584473
4.417985439300537
4.035378932952881
4.090016841888428
4.063063144683838
4.287173271179199
4.116879940032959
4.057300090789795
4.172558784484863
4.124307155609131
4.204015731811523
4.085099220275879
4.147517681121826
4.168655872344971
4.09213924407959
4.2535247802734375
4.084558010101318
3.9580018520355225
3.9611494541168213
4.28269624710083
4.0954508781433105
4.180443286895752
4.138564586639404
4.168652534484863
4.236034870147705
4.073456287384033
3.9351539611816406
4.158425331115723
4.086069583892822
4.002928256988525
4.058751106262207
4.2508111000061035
4.051186561584473
3.9416162967681885
4.163264274597168
3.9632110595703125
4.02105712890625
3.943079710006714
3.873328447341919
3.989062786102295
4.032418251037598
3.8858113288879395
3.8294742107391357
3.9408581256866455
4.195419788360596
4.037772178649902
4.01897668838501
3.9514284133911133
3.8792154788970947
3.915372848510742
3.9831764698028564
4.0148468017578125
4.130399703979492
4.163659572601318
4.141044616699219
4.063243389129639
3.850719451904297
3.87729811668396
3.847503185272217
3.958531618118286
3.8504817485809326
3.902883768081665
3.984783887863159
3.952874183654785
3.9510226249694824
3.907374620437622
3.7550928592681885
3.921830892562866
3.840646982192993
3.781270980834961
4.037111759185791
4.044304370880127
3.694455862045288
3.839738130569458
3.8839070796966553
3.813896656036377
4.068548679351807
3.8718369007110596
3.957810878753662
3.7810006141662598
3.8523597717285156
3.878817319869995
3.9705071449279785
4.011963844299316
3.9269256591796875
3.7559359073638916
4.027377605438232
3.689814805984497
3.990701675415039
3.705655097961426
3.8783414363861084
3.951427936553955
3.893397092819214
3.808960199356079
3.811615467071533
3.696110486984253
3.927873134613037
3.8111751079559326
3.8595519065856934
3.723210573196411
3.69647479057312
4.173959732055664
3.9535608291625977
3.682075262069702
3.9641778469085693
3.8085222244262695
3.805582046508789
3.8250365257263184
3.8050692081451416
3.8556904792785645
3.754326581954956
3.8700296878814697
3.9095325469970703
3.7126522064208984
3.9043171405792236
3.7480289936065674
3.9722254276275635
3.976881504058838
3.8000311851501465
3.836846351623535
3.9133567810058594
3.830264091491699
3.9288244247436523
3.940652370452881
3.670898675918579
3.5936734676361084
3.7222375869750977
3.7767210006713867
3.414205551147461
3.742751121520996
3.7705881595611572
3.6623339653015137
4.027804374694824
3.6484501361846924
3.6188879013061523
3.7448008060455322
3.71697735786438
3.9846415519714355
3.7662365436553955
3.4911701679229736
3.679067611694336
3.6225156784057617
3.6846842765808105
3.649038553237915
3.8260796070098877
3.718024969100952
3.729320526123047
3.393035650253296
3.586320400238037
3.7886815071105957
3.575876235961914
3.77950382232666
3.594939947128296
3.595482349395752
3.418614149093628
3.5493226051330566
3.5741822719573975
3.746452569961548
3.509561777114868
3.79935884475708
3.677466869354248
3.6140501499176025
3.307978630065918
3.8612303733825684
3.645620107650757
3.6666817665100098
3.62363862991333
3.5980329513549805
3.803994655609131
3.5713515281677246
3.6695258617401123
3.839475154876709
3.6168649196624756
3.759991407394409
3.3483457565307617
3.5060150623321533
3.6159303188323975
3.6732630729675293
3.4518520832061768
3.5586295127868652
3.411161184310913
3.772731065750122
3.58317232131958
3.6798102855682373
3.550621509552002
3.956052780151367
3.7117414474487305
3.373722553253174
3.564659595489502
3.604454755783081
3.26363468170166
3.6964569091796875
3.843212366104126
3.6630122661590576
3.4506587982177734
3.367051839828491
3.4196205139160156
3.3663952350616455
3.6391494274139404
3.1755967140197754
3.6714577674865723
3.3259263038635254
3.6409976482391357
3.7775638103485107
3.831895112991333
3.3842780590057373
3.5007457733154297
3.751004219055176
3.3221187591552734
3.5386924743652344
3.1301581859588623
3.4735934734344482
3.2447760105133057
3.669041156768799
3.5221240520477295
3.479079246520996
3.407141923904419
3.4929137229919434
3.5361578464508057
3.454007148742676
3.290492057800293
3.344918966293335
2.9987871646881104
3.238706588745117
3.5469722747802734
3.610697031021118
3.505387783050537
3.4580907821655273
3.556149482727051
3.1065866947174072
3.550044536590576
3.496422052383423
3.4092094898223877
3.1314470767974854
3.266299247741699
3.234741449356079
3.319963216781616
3.262401580810547
3.338303804397583
3.493840456008911
3.177276849746704
3.331390857696533
3.34023380279541
3.2198989391326904
3.482666015625
3.0517423152923584
3.1972928047180176
3.448587417602539
3.6588211059570312
3.4202797412872314
3.3603739738464355
3.229457139968872
3.1028709411621094
3.2060770988464355
3.2785019874572754
3.391124725341797
3.2768990993499756
3.6140646934509277
3.0129568576812744
3.1768405437469482
2.9368417263031006
3.482945680618286
3.151965618133545
3.28879714012146
3.426464796066284
2.9352827072143555
3.1189064979553223
3.486100435256958
3.267911434173584
3.610477924346924
3.049221992492676
3.331176996231079
3.053187608718872
3.4771409034729004
3.167665958404541
2.9613876342773438
3.1172592639923096
3.2609050273895264
3.48264741897583
3.520627021789551
3.254270076751709
3.2549519538879395
3.5177650451660156
2.8890886306762695
3.264859914779663
3.2792232036590576
3.0633182525634766
2.9766252040863037
3.2494852542877197
3.690451145172119
2.9697725772857666
3.700502872467041
2.99816632270813
3.085679054260254
2.767965078353882
3.5487945079803467
3.3910083770751953
2.9311583042144775
3.0344161987304688
2.9481093883514404
3.1186366081237793
3.0311295986175537
3.2613072395324707
3.123425245285034
2.964749336242676
2.861394166946411
2.957141876220703
3.011805534362793
3.4568283557891846
3.033129930496216
3.1252012252807617
3.6043288707733154
3.225231409072876
3.286308526992798
3.3051798343658447
2.8727197647094727
3.236281394958496
2.6659817695617676
2.902672529220581
2.8565282821655273
2.8120920658111572
3.180145025253296
2.9401004314422607
3.250779390335083
3.273383617401123
3.313965320587158
2.9722466468811035
3.1575560569763184
2.7251694202423096
2.985506296157837
3.177421808242798
2.8646321296691895
3.059860944747925
2.7848660945892334
3.1252098083496094
3.106760263442993
2.9026036262512207
2.8869519233703613
3.3450653553009033
3.120187759399414
2.6475141048431396
3.186429023742676
3.005368232727051
2.945448398590088
3.063328981399536
3.081850528717041
3.357088327407837
3.2830491065979004
2.8505544662475586
3.152719736099243
2.595947504043579
3.012319564819336
2.9170830249786377
2.9447743892669678
2.6825485229492188
3.074275493621826
2.9827568531036377
2.985149383544922
3.0490524768829346
2.935279130935669
2.961658477783203
2.75492262840271
3.074693441390991
2.9501700401306152
2.8193442821502686
2.7773427963256836
3.369380235671997
2.9705305099487305
3.092193126678467
2.721163034439087
2.995073080062866
2.702073097229004
3.1543021202087402
2.940218448638916
3.0060999393463135
3.115229368209839
2.5907928943634033
2.7506654262542725
2.55210018157959
2.85622239112854
2.67228102684021
2.973437786102295
2.7545487880706787
2.9704697132110596
2.9021596908569336
3.023378610610962
2.754760265350342
2.911919593811035
2.6574227809906006
2.8538100719451904
2.9472758769989014
3.0849430561065674
3.064517021179199
2.844073534011841
2.7195053100585938
2.5910885334014893
2.5733566284179688
2.722918748855591
2.6549813747406006
3.2157695293426514
2.759131669998169
3.3999547958374023
2.8523478507995605
3.1069395542144775
2.7889225482940674
2.6155917644500732
3.072718620300293
2.9470291137695312
2.8803281784057617
3.0468838214874268
2.9006927013397217
2.7730259895324707
2.7003657817840576
2.757066488265991
2.810863494873047
2.583376407623291
2.939631223678589
2.776996374130249
2.948274612426758
3.0055811405181885
2.964157819747925
2.378936290740967
2.802676200866699
3.109297513961792
2.779968023300171
2.784914970397949
2.874509334564209
2.4274470806121826
3.077794075012207
3.1310014724731445
2.3099443912506104
2.8652212619781494
2.4774765968322754
2.99737548828125
2.5837671756744385
2.7545156478881836
2.72395658493042
2.6833319664001465
2.265782594680786
2.7388627529144287
2.873018980026245
2.657430648803711
2.8799588680267334
2.5851082801818848
2.9077231884002686
2.426191568374634
2.729361057281494
2.520934581756592
3.066112995147705
2.709141492843628
2.620182991027832
2.6158528327941895
2.821404218673706
2.7100634574890137
2.6941821575164795
2.6835379600524902
2.7356743812561035
2.919705867767334
2.5691189765930176
2.8692731857299805
2.784036636352539
2.8927226066589355
2.693540096282959
2.8132710456848145
2.6456735134124756
2.898137092590332
2.6272149085998535
2.9397711753845215
2.5262696743011475
2.659316062927246
2.7481350898742676
2.6765167713165283
2.9338841438293457
2.478097438812256
2.5765960216522217
2.7117526531219482
2.5513405799865723
2.526829957962036
2.6454379558563232
2.6036605834960938
2.476008176803589
2.7604286670684814
2.470609426498413
2.4353842735290527
2.175379991531372
2.963160276412964
2.505277395248413
2.820650815963745
2.471510410308838
2.360741138458252
2.909571409225464
2.9137349128723145
2.233903408050537
2.49723219871521
2.5069518089294434
2.603564739227295
2.4940271377563477
2.3908133506774902
2.439692974090576
2.6936259269714355
2.623713970184326
2.3654139041900635
2.4814538955688477
2.28194522857666
2.2302539348602295
2.6126983165740967
2.778402805328369
2.7420549392700195
2.475243330001831
2.5736188888549805
2.698728322982788
2.591339588165283
2.615522861480713
2.340172052383423
2.6447010040283203
2.4946999549865723
2.362929344177246
2.6460351943969727
2.702592372894287
2.619680166244507
2.361685276031494
2.533979654312134
2.4628593921661377
2.233369827270508
2.3543701171875
2.6118388175964355
2.9783592224121094
2.4994497299194336
2.6747827529907227
2.447178363800049
2.5903422832489014
2.566558361053467
2.390974760055542
2.654611825942993
2.726323127746582
2.52972412109375
2.591615915298462
2.521420478820801
2.774625539779663
2.435009002685547
2.395758867263794
2.4282639026641846
2.1853485107421875
2.5893092155456543
2.494995355606079
2.41225004196167
2.856459617614746
2.2713446617126465
2.557352304458618
2.7237303256988525
2.511590003967285
2.420816421508789
2.44744873046875
2.3988749980926514
2.3787240982055664
2.79984188079834
2.6135568618774414
2.4294145107269287
2.69635009765625
2.409259557723999
2.5973174571990967
2.744664430618286
2.6917788982391357
2.550349473953247
2.4182324409484863
2.5534777641296387
2.2849721908569336
2.4987242221832275
2.541574716567993
2.4923336505889893
2.603410005569458
2.3196957111358643
2.3353774547576904
2.4138362407684326
2.468379020690918
2.43919038772583
2.230443000793457
2.362184762954712
2.075686454772949
2.7729313373565674
2.291820764541626
2.1762049198150635
2.290639638900757
2.3738863468170166
2.673992156982422
2.6473302841186523
2.618929624557495
2.39420485496521
2.5117504596710205
2.540067672729492
2.7957475185394287
2.347848415374756
2.0066378116607666
2.2799336910247803
3.031020402908325
2.2614681720733643
2.6745636463165283
2.142733097076416
2.28391170501709
1.9629241228103638
2.0062003135681152
2.081895351409912
2.297765016555786
2.635772705078125
2.38208270072937
1.964935064315796
1.8934663534164429
2.2953436374664307
1.9919757843017578
2.332399606704712
2.7996909618377686
2.2735321521759033
2.2172482013702393
2.160898208618164
2.608278751373291
2.1261701583862305
2.3482871055603027
2.265709400177002
2.117316961288452
2.070207118988037
2.2498466968536377
2.4425559043884277
2.5077152252197266
2.6611247062683105
2.345885753631592
2.528696060180664
2.372068166732788
2.0367324352264404
2.2351701259613037
2.269451141357422
2.4219179153442383
2.3587706089019775
2.0284299850463867
2.3596487045288086
2.166837453842163
2.238797903060913
2.7169768810272217
2.430609703063965
2.401247501373291
2.537515163421631
2.01166033744812
2.2584290504455566
2.167300224304199
2.101486921310425
2.0378780364990234
2.3170526027679443
2.4204063415527344
2.201019763946533
2.327317714691162
2.193715810775757
2.2345921993255615
2.068632125854492
2.0072054862976074
2.6483633518218994
2.178173542022705
2.5085325241088867
2.0628321170806885
1.791835904121399
2.3510963916778564
2.318617820739746
2.394148826599121
2.327787160873413
1.964165210723877
2.0745325088500977
2.315176010131836
2.303537368774414
2.1382689476013184
1.9860883951187134
2.18245530128479
2.1339757442474365
2.241896867752075
2.250016212463379
2.3314268589019775
1.7148191928863525
2.197808027267456
2.082897901535034
2.0909876823425293
2.3995237350463867
2.54934024810791
2.340592622756958
2.5176970958709717
2.028822183609009
1.8995227813720703
2.0556344985961914
2.152304172515869
2.233269453048706
2.1718995571136475
2.0677196979522705
2.437011241912842
1.9758214950561523
2.086050033569336
2.1646761894226074
2.198291778564453
2.4504823684692383
2.2967233657836914
2.2439627647399902
2.145624876022339
1.7983448505401611
1.8606568574905396
2.2952520847320557
2.056536912918091
1.877178430557251
2.135329008102417
2.164292335510254
2.3576998710632324
2.065974712371826
2.2056283950805664
2.119335889816284
2.0902059078216553
2.0279366970062256
2.29695463180542
1.7890183925628662
1.9759825468063354
2.214022397994995
1.5581926107406616
2.175208806991577
2.145427703857422
2.028546094894409
2.205949068069458
2.0166220664978027
2.5109751224517822
1.949981689453125
1.9093077182769775
2.0228829383850098
1.9669139385223389
2.070162534713745
2.3335378170013428
2.5621440410614014
1.962668776512146
2.2864387035369873
2.099801778793335
2.285787343978882
2.3960301876068115
2.244198799133301
2.0451152324676514
2.4427528381347656
2.02344012260437
1.9231914281845093
1.9823859930038452
1.8942322731018066
2.292208433151245
2.05593204498291
2.137655258178711
2.06997013092041
2.3893702030181885
1.9330064058303833
2.3526511192321777
2.0797462463378906
2.1061816215515137
1.839684009552002
1.8189910650253296
1.882108211517334
2.371743679046631
2.1124794483184814
1.9856510162353516
1.8032594919204712
2.293179512023926
1.9445174932479858
2.200104236602783
1.823179841041565
2.202683448791504
2.2509987354278564
2.086460828781128
1.9496657848358154
2.252089738845825
1.905133605003357
2.173527717590332
2.1015448570251465
2.123009443283081
1.5168652534484863
1.8117725849151611
2.3377013206481934
1.9985721111297607
1.872976303100586
1.9737844467163086
1.7169820070266724
2.0784056186676025
2.024428606033325
1.8475558757781982
2.312349319458008
2.029308795928955
1.525038480758667
1.6529648303985596
1.9356849193572998
1.9463999271392822
2.031601667404175
2.3791184425354004
2.2934999465942383
1.8055704832077026
2.0070436000823975
1.7802788019180298
1.9347680807113647
1.4691110849380493
1.7101212739944458
2.00624680519104
1.84226655960083
1.7931429147720337
1.978345274925232
2.0031533241271973
1.72434401512146
1.9147669076919556
2.0384256839752197
1.8997129201889038
2.064513921737671
1.8179258108139038
1.8778125047683716
1.8434520959854126
1.7412718534469604
2.0624284744262695
1.9185092449188232
2.0928499698638916
1.9932109117507935
1.7328587770462036
1.6585853099822998
2.061488151550293
1.746353030204773
2.0225167274475098
1.9279406070709229
2.1925652027130127
1.7058041095733643
1.8386272192001343
2.056882619857788
1.9520028829574585
1.639736533164978
2.0475564002990723
2.3224189281463623
1.7426331043243408
1.8459398746490479
1.8838996887207031
1.7658520936965942
1.846065878868103
1.8198422193527222
2.0089454650878906
1.7950373888015747
1.8989877700805664
1.7256300449371338
1.9139660596847534
2.122291088104248
1.9751836061477661
1.9385887384414673
1.8918020725250244
1.8416571617126465
2.5043692588806152
1.4498916864395142
1.8535785675048828
1.6817113161087036
1.555063247680664
1.7379223108291626
1.8055168390274048
1.8285024166107178
2.0233168601989746
1.7648714780807495
1.9953173398971558
1.776328444480896
2.0681450366973877
1.8097236156463623
1.7580410242080688
1.639655351638794
2.0227646827697754
1.9949028491973877
2.221689462661743
1.8578938245773315
1.7139400243759155
1.5576460361480713
1.7092983722686768
1.589139461517334
1.8384946584701538
1.5339571237564087
1.5075851678848267
2.024087429046631
1.8892124891281128
1.7814642190933228
1.7716501951217651
1.8030954599380493
1.7762242555618286
1.594240427017212
1.9467389583587646
1.7562371492385864
1.8567386865615845
1.8543773889541626
1.7541375160217285
1.5333666801452637
1.761162519454956
1.3338130712509155
1.998640775680542
1.7106297016143799
1.8447885513305664
1.4620596170425415
1.9109351634979248
1.6715655326843262
1.675754189491272
1.7802848815917969
1.7315901517868042
1.767825722694397
1.6216695308685303
1.7942837476730347
1.8582403659820557
2.306454658508301
1.8798084259033203
1.8702093362808228
1.5954614877700806
1.494042158126831
1.943009853363037
1.7680765390396118
1.6948617696762085
1.8797334432601929
1.9468276500701904
1.958675742149353
1.6934150457382202
1.8108214139938354
1.598035454750061
1.6115623712539673
1.7072402238845825
1.4670250415802002
1.9694544076919556
1.7788153886795044
1.861070990562439
1.7173848152160645
1.945396065711975
1.4141463041305542
2.038708209991455
1.954258680343628
1.9253675937652588
1.355267882347107
1.2942719459533691
1.3478050231933594
1.9995468854904175
1.7294349670410156
1.532126545906067
1.965574026107788
1.607067584991455
1.9928966760635376
1.774651288986206
1.7325564622879028
1.4961596727371216
1.71316659450531
1.7982374429702759
1.814390778541565
1.5151375532150269
1.883968710899353
1.7447922229766846
2.0193707942962646
1.4079124927520752
2.0644428730010986
1.8478364944458008
1.416629433631897
1.748696208000183
1.6411793231964111
1.6537315845489502
1.7571659088134766
1.6183867454528809
1.4777758121490479
1.6906731128692627
2.1123528480529785
1.82611882686615
1.8592537641525269
1.583389163017273
2.0040321350097656
2.0214226245880127
1.5222556591033936
2.0393640995025635
1.5396928787231445
1.5809073448181152
1.8742886781692505
1.1424046754837036
1.3563742637634277
1.5852035284042358
1.6206676959991455
1.7701160907745361
1.586187720298767
1.6157094240188599
1.556626319885254
1.5837035179138184
1.9159337282180786
1.6714130640029907
1.5913783311843872
1.682287573814392
1.652765154838562
1.7592318058013916
1.4687376022338867
1.4250982999801636
1.6553798913955688
1.2397196292877197
1.583137035369873
1.5816115140914917
1.6536294221878052
1.6753870248794556
1.545398473739624
1.722031593322754
1.781388282775879
1.8025751113891602
1.748713493347168
1.9273054599761963
1.2972660064697266
1.542324423789978
1.9845635890960693
1.4157707691192627
1.9103068113327026
1.5808302164077759
1.5577839612960815
1.7713931798934937
1.4793086051940918
1.4799000024795532
1.514782428741455
1.5728390216827393
1.6541465520858765
1.5458041429519653
1.4450932741165161
1.3491809368133545
1.6296602487564087
1.318420171737671
1.3408230543136597
1.3628262281417847
1.1678293943405151
1.7329576015472412
1.5386663675308228
1.203648567199707
1.6742372512817383
2.191352605819702
1.8867665529251099
1.4655239582061768
1.7938162088394165
1.0300142765045166
1.6648801565170288
1.7705585956573486
1.621112585067749
1.6118842363357544
1.3343449831008911
1.5705519914627075
1.620469331741333
1.2912099361419678
1.3527588844299316
1.4853777885437012
1.4497541189193726
1.4072544574737549
1.431876301765442
1.61355721950531
1.308784008026123
1.925551414489746
1.5901234149932861
1.2172772884368896
1.5917816162109375
1.430221438407898
1.380323052406311
1.3039929866790771
1.1665456295013428
1.4456602334976196
1.4516584873199463
1.8574753999710083
1.457148551940918
1.6558648347854614
1.4991072416305542
1.5291712284088135
1.4512101411819458
2.0376975536346436
1.4892581701278687
1.4793869256973267
1.5927462577819824
1.1862910985946655
1.532826542854309
1.4053444862365723
1.7292425632476807
1.1798197031021118
1.385877013206482
0.9997496008872986
1.6844980716705322
1.2424790859222412
1.1849024295806885
1.2755241394042969
1.4398075342178345
1.2453635931015015
1.2304011583328247
1.52611243724823
1.1676428318023682
1.3031584024429321
1.7153306007385254
1.5489815473556519
1.387321949005127
1.3813327550888062
1.507698893547058
1.4308210611343384
1.307485580444336
1.0567097663879395
1.0769848823547363
1.5736294984817505
1.1972792148590088
1.2780803442001343
1.3700271844863892
1.2856305837631226
1.4772775173187256
1.4892230033874512
1.2702295780181885
1.192370057106018
1.5341687202453613
1.220927357673645
1.3089104890823364
1.8912723064422607
1.3129786252975464
1.4507989883422852
1.1078770160675049
1.1102476119995117
1.1689832210540771
1.5129015445709229
1.3051841259002686
1.929804801940918
1.5016728639602661
1.246989130973816
1.343318223953247
1.1983304023742676
1.462871789932251
1.385524868965149
1.541652798652649
1.423312783241272
1.1655877828598022
1.2085011005401611
1.2090643644332886
1.1777280569076538
1.1926721334457397
1.3100733757019043
1.3381541967391968
1.5950655937194824
1.1912841796875
1.022924542427063
1.2019500732421875
1.1800084114074707
1.1911029815673828
1.2751517295837402
1.3856137990951538
1.772760033607483
1.6266980171203613
1.1916191577911377
1.4782335758209229
1.8454539775848389
1.3577402830123901
1.5066723823547363
1.226920485496521
1.3668228387832642
1.3031978607177734
1.3131732940673828
1.552804708480835
1.1268548965454102
1.4527922868728638
1.489609956741333
1.0172202587127686
1.1434462070465088
1.080259084701538
1.2557346820831299
1.6165897846221924
1.321149230003357
1.5721044540405273
0.9871643781661987
1.097634196281433
1.2812376022338867
1.2454841136932373
1.2049847841262817
1.3010506629943848
1.2415072917938232
1.2678492069244385
1.317735195159912
1.3364866971969604
1.3186908960342407
1.1964869499206543
1.5429335832595825
1.2629728317260742
1.4861912727355957
1.1472113132476807
1.274813175201416
1.3326873779296875
1.2809808254241943
1.2614818811416626
1.0340572595596313
0.9180296659469604
1.254339337348938
1.3337445259094238
1.1170836687088013
1.518170714378357
1.0457442998886108
1.4671491384506226
1.1176505088806152
1.1674760580062866
1.3806474208831787
1.4066851139068604
1.4437583684921265
1.1068661212921143
1.2563012838363647
1.1600017547607422
1.5336189270019531
1.1231168508529663
1.0194348096847534
1.1475679874420166
1.1055384874343872
1.089532494544983
1.2498787641525269
1.3800050020217896
1.3312333822250366
1.3461195230484009
1.0841121673583984
1.6776070594787598
1.365867257118225
1.1870704889297485
1.3211548328399658
0.8916698694229126
1.0546420812606812
1.0777535438537598
1.0529870986938477
1.4426970481872559
1.3959954977035522
1.1640729904174805
1.1228532791137695
1.8199191093444824
1.3132059574127197
1.205514669418335
1.09413480758667
1.1492700576782227
1.2056055068969727
1.296776294708252
1.112627387046814
1.255530834197998
1.2909936904907227
1.7227777242660522
1.270099401473999
1.4374470710754395
1.2550489902496338
1.4895168542861938
1.0766005516052246
1.105774998664856
1.062723994255066
1.0914438962936401
1.2409218549728394
0.8808137774467468
1.388245940208435
1.077505350112915
1.2362395524978638
1.2943662405014038
1.2357532978057861
1.172896385192871
0.9204468727111816
1.1239378452301025
1.2578518390655518
1.1733825206756592
0.8521192669868469
1.0657765865325928
1.1715660095214844
0.9359533786773682
0.6717556118965149
1.1742616891860962
0.950771689414978
0.9404885172843933
1.1262470483779907
1.3613439798355103
0.9512661695480347
0.8470659852027893
1.536171555519104
0.8874588012695312
1.0761005878448486
1.2260304689407349
1.2712608575820923
1.1391030550003052
1.1131376028060913
1.5758575201034546
0.8659045100212097
1.074397087097168
1.0775814056396484
1.4335153102874756
0.9188212156295776
1.3130154609680176
1.3292165994644165
1.113870620727539
1.1369152069091797
0.9295481443405151
1.1085760593414307
0.808318018913269
0.7270911931991577
1.0184545516967773
1.0189883708953857
1.1361985206604004
1.174433946609497
1.0880496501922607
1.0259387493133545
1.182823896408081
1.4364798069000244
1.2348827123641968
1.0322635173797607
1.2628824710845947
1.453619360923767
1.5480955839157104
1.034995436668396
1.0390677452087402
1.125555157661438
0.8735570907592773
1.3415157794952393
0.9537465572357178
1.0832511186599731
1.1192368268966675
1.0660462379455566
1.0358586311340332
0.9539429545402527
1.0772266387939453
0.9830517768859863
1.0044552087783813
1.0404210090637207
0.9349420070648193
1.1987824440002441
0.8316363096237183
0.883823812007904
0.8416580557823181
0.9625950455665588
1.050630807876587
0.9172975420951843
0.7928731441497803
0.9886273741722107
1.1882374286651611
1.1953305006027222
0.7672562003135681
1.0791821479797363
1.254400610923767
1.3626580238342285
1.2594918012619019
0.7352991104125977
1.4754427671432495
0.7828652262687683
1.116748571395874
1.2945752143859863
1.1159394979476929
0.9197907447814941
0.9382376074790955
0.83553546667099
0.9903441667556763
0.9572148323059082
0.8674034476280212
1.257612705230713
0.9912358522415161
1.0492852926254272
1.027618169784546
0.9118589162826538
1.2145975828170776
0.9290778040885925
1.2860329151153564
0.754142701625824
1.0205172300338745
0.8005817532539368
1.0858927965164185
1.0610072612762451
0.8951826095581055
0.9690536260604858
1.0183777809143066
1.0244923830032349
0.8259102702140808
1.2144373655319214
0.9809796810150146
0.846222996711731
0.9536975026130676
0.7042502164840698
0.9977580308914185
0.9022636413574219
0.8677065372467041
1.012447476387024
0.9137610793113708
0.9754037857055664
0.9637764692306519
0.73830646276474
1.1431530714035034
0.8133304119110107
0.930970311164856
1.0777779817581177
0.7863857746124268
0.9570263028144836
0.9807772040367126
0.8653178811073303
0.6980094313621521
0.8869820237159729
0.9854082465171814
0.9875252842903137
1.1568411588668823
0.844940721988678
0.711192786693573
0.7841225266456604
0.7558413743972778
1.254099726676941
1.021858811378479
0.8620834946632385
0.869312584400177
0.9175173044204712
1.0981316566467285
0.9708389639854431
0.9807574152946472
1.2358624935150146
0.8776949048042297
0.8754221796989441
0.8345849514007568
0.7593430280685425
1.2404307126998901
1.0104868412017822
0.8048584461212158
1.4888834953308105
0.9205476641654968
1.0561963319778442
1.01378333568573
0.685788094997406
0.9983974695205688
0.799680769443512
0.8065155744552612
1.0507259368896484
0.6927530169487
0.5562874674797058
1.0904946327209473
0.9581353664398193
0.8816090226173401
0.9218865036964417
0.7074122428894043
0.9659087657928467
0.8739023208618164
0.7715156078338623
0.9621567726135254
1.1794639825820923
0.661954402923584
0.8863040804862976
1.0011188983917236
1.0178911685943604
1.0602253675460815
0.8464282751083374
0.831908106803894
0.9532759785652161
0.9312748312950134
0.820637583732605
0.8545878529548645
0.6620262265205383
0.9978319406509399
0.9670220017433167
1.1266789436340332
0.92832350730896
0.784180223941803
0.9975786209106445
0.6975181102752686
0.8672972917556763
0.821010947227478
1.1673297882080078
0.8251397013664246
1.0165473222732544
0.6168103218078613
0.8920918703079224
0.927901566028595
0.747043788433075
0.975608229637146
0.6449264287948608
0.704942524433136
0.8795866966247559
0.8400385975837708
0.7855968475341797
0.9184378385543823
0.5919462442398071
0.7368459105491638
0.7603229284286499
1.0630772113800049
1.0190391540527344
0.9267035722732544
0.8149242401123047
0.8115161061286926
1.0812445878982544
1.1301722526550293
0.5504775047302246
0.9888001680374146
0.7042876482009888
0.8417065739631653
0.6644058227539062
0.8164076209068298
1.0841206312179565
1.1000194549560547
0.8431875705718994
0.9005163311958313
0.6623612642288208
0.8252993226051331
0.9089052081108093
1.0454927682876587
0.8990451097488403
1.0283231735229492
0.8364126086235046
0.9408884048461914
0.9856457114219666
0.6318334341049194
0.7798517942428589
0.6875190734863281
0.730406641960144
1.0366520881652832
1.0945219993591309
0.8371486663818359
1.0845643281936646
0.6523508429527283
0.7373546361923218
0.7567850351333618
0.9659276604652405
0.8619468212127686
0.8532649874687195
0.5822330713272095
0.7114786505699158
0.7217220664024353
1.0576415061950684
0.8906564712524414
0.46204641461372375
1.027729868888855
0.8646298050880432
0.7385569214820862
0.7926679849624634
1.0127557516098022
0.49396899342536926
0.9512103796005249
0.6440962553024292
0.6955494284629822
0.6049587726593018
0.8357602953910828
0.6640903949737549
0.6182906031608582
0.9280960559844971
0.6623004078865051
0.7736092209815979
0.6796708106994629
0.5770128965377808
0.829558789730072
0.516876757144928
0.7593820691108704
0.7123533487319946
0.7340292930603027
0.9550207853317261
0.6796500086784363
0.8789865374565125
0.71864914894104
0.6270738840103149
0.5863931775093079
0.8702695965766907
0.49797898530960083
0.5753076076507568
0.5691084265708923
0.6706304550170898
0.6884056329727173
0.8562070727348328
0.6689079403877258
0.7716732025146484
0.808051586151123
0.7674180269241333
0.8855872750282288
0.6039509773254395
0.7830000519752502
0.7175374031066895
0.5401132106781006
0.661490261554718
1.0022562742233276
0.604996919631958
0.7629731893539429
0.6443030834197998
0.7760708928108215
0.7101271748542786
0.783313512802124
0.38098135590553284
0.8295772671699524
0.9123250246047974
0.5860441327095032
0.9433124661445618
0.9844076037406921
0.5732936263084412
0.7471219301223755
0.7265769839286804
0.4527948498725891
0.5710511803627014
0.5960046052932739
0.6160266995429993
0.7073606848716736
0.6801100969314575
0.8783542513847351
0.7092652320861816
0.8292127251625061
0.7576944828033447
0.7329046130180359
0.7315672636032104
0.758673369884491
0.8726422786712646
0.6075095534324646
0.4267665445804596
0.6589727401733398
0.8189688920974731
0.8267252445220947
0.7625771760940552
0.9590242505073547
0.4562768042087555
0.49952515959739685
0.5925334095954895
0.6051028966903687
0.5257520079612732
0.8444634675979614
0.7670654654502869
0.6048886775970459
0.6357696652412415
0.8224395513534546
0.5749553442001343
0.6274610161781311
0.6667319536209106
0.6810346841812134
0.9088643193244934
0.5227000713348389
0.6122881174087524
0.9125588536262512
0.6803758144378662
0.6647636294364929
0.49799874424934387
0.8524118661880493
0.5361893177032471
0.6225189566612244
0.6395803689956665
0.7465347647666931
0.994401752948761
0.6467571258544922
0.5616220235824585
0.6172300577163696
0.668869137763977
0.6142453551292419
0.7635242342948914
0.548130989074707
0.6305837631225586
0.4327523410320282
0.5913748145103455
0.9914891123771667
0.4416305422782898
0.4753362834453583
0.5274642705917358
0.5447537302970886
0.42506250739097595
0.4333338439464569
1.0775867700576782
0.5502519607543945
0.531534731388092
1.0368037223815918
0.7410427331924438
0.5547769665718079
0.4736454486846924
0.7212421298027039
0.3869081139564514
0.34780195355415344
0.544882595539093
0.6616107225418091
0.8886551260948181
0.5669310688972473
0.4948417544364929
0.5481951236724854
0.5231676697731018
0.6180440783500671
0.5622597336769104
0.4811965525150299
0.7111428380012512
0.36896297335624695
0.7675318121910095
0.67537921667099
0.7403584718704224
0.6349442005157471
0.7332333326339722
0.5892860889434814
0.5238068103790283
0.5933115482330322
0.3119552731513977
0.6429837942123413
0.7162258625030518
0.4366186559200287
0.8557581901550293
0.6793402433395386
0.9533647298812866
0.7231009006500244
0.46352890133857727
0.5987516045570374
0.65690016746521
0.6393101811408997
0.574157178401947
0.6947263479232788
0.6286435723304749
0.6132751107215881
0.5532938838005066
0.6511254906654358
0.5323354601860046
0.3494035303592682
0.3099792003631592
0.5274227857589722
0.516096293926239
0.6206763982772827
0.39246952533721924
0.5468558669090271
0.41242992877960205
0.4205949902534485
0.5665008425712585
0.68123859167099
0.4234539270401001
0.5476455688476562
0.6008104681968689
0.7745448350906372
0.7817233204841614
0.4624648690223694
0.3667908310890198
0.5366767048835754
0.6693110466003418
0.5957942008972168
0.6534688472747803
0.606239914894104
0.6457676291465759
0.3781544864177704
0.494046688079834
0.6157132387161255
0.27193599939346313
0.4288317859172821
0.4817383885383606
0.5438970327377319
0.8296696543693542
0.43311402201652527
0.7660308480262756
0.33623388409614563
0.3595851957798004
0.4057619273662567
0.3664529621601105
0.6597321033477783
0.4576829969882965
0.42596736550331116
0.6202051043510437
0.2841911315917969
0.48384684324264526
0.5770595073699951
0.7579988241195679
0.4456041753292084
0.5715836882591248
0.5384988188743591
0.4299267530441284
0.4518762528896332
0.5074293613433838
0.6914393305778503
0.6603737473487854
0.35920482873916626
0.42311954498291016
0.5583917498588562
0.6491682529449463
0.39317238330841064
0.4336334764957428
0.627693235874176
0.4882543087005615
0.8256908059120178
0.6235949397087097
0.6151221394538879
0.594211757183075
0.4841221570968628
0.3596418797969818
0.33892562985420227
0.4407389163970947
0.43964293599128723
0.4805854856967926
0.4142063558101654
0.4817264676094055
0.37329116463661194
0.7246721386909485
0.9177297949790955
0.574312686920166
0.6657394170761108
0.389639288187027
0.46945470571517944
0.5768066048622131
0.7305223941802979
0.6037136316299438
0.22986485064029694
0.42702895402908325
0.4632703363895416
0.4191652238368988
0.7660878300666809
0.38066715002059937
0.4983162581920624
0.3650782108306885
0.5858272910118103
0.4860978424549103
0.3488803803920746
0.42130690813064575
0.5205586552619934
0.40296363830566406
0.4321579337120056
0.8277338743209839
0.5092231631278992
0.761128842830658
0.5507543087005615
0.33643198013305664
0.6386699676513672
0.7084643840789795
0.3934648334980011
0.2750476896762848
0.5791680812835693
0.8144595623016357
0.3031094968318939
0.5249717235565186
0.4635156989097595
0.7416464686393738
0.4444504976272583
0.5392656922340393
0.5065136551856995
0.524712085723877
0.5501922965049744
0.4611121416091919
0.38962361216545105
0.5914365649223328
0.3008044362068176
0.5871496796607971
0.3786115050315857
0.3481481075286865
0.3861853778362274
0.4606515169143677
0.4248660206794739
0.6409543752670288
0.3505880832672119
0.5254776477813721
0.40457290410995483
0.3607902526855469
0.2877090871334076
0.4858391284942627
0.5967561602592468
0.4606279134750366
0.3761911988258362
0.7218184471130371
0.6866169571876526
0.2740190625190735
0.5233600735664368
0.39913126826286316
0.5108575224876404
0.21728356182575226
0.6679342985153198
0.6245471239089966
0.4346170425415039
0.58978271484375
0.5819088816642761
0.5573931932449341
0.3467409610748291
0.261147677898407
0.3399633467197418
0.2580566704273224
0.6867380142211914
0.6451712250709534
0.5656700134277344
0.4662416875362396
0.34752020239830017
0.6245442032814026
0.6409359574317932
0.48440954089164734
0.32993417978286743
0.4812398850917816
0.6064466834068298
0.40334394574165344
0.618802547454834
0.38957828283309937
0.34039679169654846
0.4561444818973541
0.5465412735939026
0.4208652675151825
0.34117943048477173
0.35575613379478455
0.32028767466545105
0.5676246881484985
0.6159949898719788
0.44000938534736633
0.33903467655181885
0.34667593240737915
0.37961333990097046
0.40646010637283325
0.3543373942375183
0.4834408462047577
0.45264825224876404
0.46930408477783203
0.32119637727737427
0.5418927669525146
0.332210510969162
0.36060813069343567
0.5345299243927002
0.6029840707778931
0.3590315580368042
0.5671423077583313
0.43655791878700256
0.261665016412735
0.43441006541252136
0.9347823858261108
0.575219452381134
0.2979273796081543
0.561812162399292
0.6361027956008911
0.34952512383461
0.7073194980621338
0.4127812087535858
0.46561199426651
0.4957016110420227
0.385300874710083
0.2974506616592407
0.4477217197418213
0.37591543793678284
0.31659331917762756
0.5470212697982788
0.5055800080299377
0.548728883266449
0.509300708770752
0.36092817783355713
0.44222572445869446
0.613482654094696
0.6824859380722046
0.36628255248069763
0.7177801132202148
0.44188207387924194
0.4413261413574219
0.5462459921836853
0.5091267824172974
0.232385516166687
0.41031524538993835
0.3973342180252075
0.3739031255245209
0.3704116940498352
0.33569684624671936
0.3424054980278015
0.37008988857269287
0.465585857629776
0.3545818626880646
0.5166282057762146
0.3900575637817383
0.336952805519104
0.4067581295967102
0.49582192301750183
0.520838737487793
0.49647459387779236
0.15620999038219452
0.27189213037490845
0.36803963780403137
0.4577946364879608
0.4993523359298706
0.35111334919929504
0.271984726190567
0.3224167227745056
0.34734588861465454
0.6704064607620239
0.2591627240180969
0.5873467326164246
0.5498896241188049
0.43426424264907837
0.5665740966796875
0.6336613893508911
0.48243358731269836
0.2416190654039383
0.4008857011795044
0.500058650970459
0.3141518533229828
0.25546494126319885
0.2628626227378845
0.4014478623867035
0.24260741472244263
0.5622022747993469
0.32438355684280396
0.29837745428085327
0.44517579674720764
0.4315924048423767
0.35375693440437317
0.27235788106918335
0.25798845291137695
0.2123522013425827
0.39232170581817627
0.37886640429496765
0.4442179203033447
0.27419859170913696
0.436926931142807
0.3141248822212219
0.6323941349983215
0.3921573758125305
0.42237406969070435
0.3881916403770447
0.4848768711090088
0.40412437915802
0.5017802119255066
0.6308032870292664
0.36293134093284607
0.34764137864112854
0.3528427183628082
0.3759571313858032
0.2794822156429291
0.30155953764915466
0.25216057896614075
0.5003570318222046
0.3311748206615448
0.35406795144081116
0.18592983484268188
0.2084348499774933
0.3046402633190155
0.28568556904792786
0.3720569312572479
0.2791181206703186
0.35364410281181335
0.4339485466480255
0.4259866774082184
0.6120908856391907
0.210952028632164
0.3109956681728363
0.21010686457157135
0.32365915179252625
0.26238128542900085
0.30311983823776245
0.32726815342903137
0.35701102018356323
0.4183162748813629
0.43879780173301697
0.3270397484302521
0.15320564806461334
0.39909473061561584
0.3890817165374756
0.4098316431045532
0.23193591833114624
0.40293002128601074
0.2984428405761719
0.35992366075515747
0.393155574798584
0.3913514018058777
0.3346419036388397
0.25599926710128784
0.23623201251029968
0.4287137985229492
0.2772130072116852
0.25764137506484985
0.687964141368866
0.36502864956855774
0.3480550944805145
0.17996564507484436
0.19470103085041046
0.4322529733181
0.3259521424770355
0.3027687668800354
