4.534126085393569
4.474530928580047
4.43514790681317
4.402950285645702
4.370868678592965
4.342496711579735
4.309225604357317
4.288627299201458
4.254884235694281
4.22454291231492
4.185124419839181
4.151830220771263
4.117993499007066
4.091770075166317
4.065048506192844
4.04418915251027
4.0194523026571245
3.9952180739253986
3.9777941148909157
3.952262005842555
3.932801213410809
3.913496252216037
3.888327516863108
3.8711893942654894
3.8444403105074794
3.8248395364912575
3.7994026372499783
3.775414465333495
3.756290936409055
3.725152035198553
3.7022717489915737
3.6750778795203285
3.653958455376003
3.6217858882816247
3.602821147045516
3.5745684502984556
3.5504139548982194
3.5187380716318972
3.501289057304792
3.4755480079089893
3.443531273271117
3.427315837891815
3.3985382815456147
3.3724649583592132
3.3532000639859367
3.3292904220273734
3.3111282535221265
3.29040471855027
3.2568249406717014
3.2388506963124972
3.2137753914689164
3.1957916600624925
3.173709713894388
3.1507650717445044
3.130656453654589
3.1088430753449345
3.0927965266015525
3.0688796622673875
3.0503466482967365
3.0317621392667142
3.0045060516928164
2.9922893873565948
2.970024892131386
2.949968705701706
2.9251351112599875
2.91933476802943
2.89255543133182
2.866286769852309
2.846816532142327
2.840396113103003
2.815849871586656
2.7980383058338214
2.7771123114144407
2.7666006810829766
2.7515981767488564
2.7279615716251264
2.7083646296845068
2.6893352325005297
2.672333263070382
2.64973495805355
2.6297446968000564
2.61797841918438
2.601248596635316
2.5769457198164956
2.5657942156352656
2.5474603790456376
2.5179809467566896
2.5083542283233777
2.4969863608060288
2.4797090497773016
2.4545777395863055
2.443754797853777
2.4239751393227933
2.4132431553452824
2.3846334388189
2.377890062911431
2.367085171172686
2.3465096657843234
2.3300709840281844
2.311996741977799
2.301554170563398
2.282677606396053
2.2719564533904384
2.2563252206653583
2.2344407155690598
2.225350321711177
2.2098946659766194
2.189876603348481
2.1703491323744246
2.16126304727686
2.146202947629992
2.1384555985555624
2.1213912360198663
2.10571115995612
2.093310060403536
2.084004005812623
2.048850518663216
2.037380185578485
2.032822571599575
2.0148692943555924
2.005465773060499
1.9827528585253469
1.973822690489347
1.9641293354351501
1.9407877542478653
1.9232798023601931
1.9130036155586048
1.9030852325432135
1.8904801736707273
1.878083429678017
1.8642435932098447
1.8437591321632991
1.8273869841300008
1.8122769095708646
1.8061470736932876
1.7968006348975785
1.7842979449445329
1.76556883748535
1.7523004597105334
1.7423091972880351
1.719079038828535
1.7156471660374986
1.6908999844585233
1.6879119741947144
1.6727770356570972
1.660441776828083
1.6450838888697612
1.6344915361660521
1.6239195674886484
1.5998065587504746
1.599880316525774
1.5847439392448386
1.5672759345120482
1.5508470709061684
1.5403368201707026
1.5403562328394722
1.5187706941991206
1.4965317474149378
1.4935892331020912
1.4855021229942742
1.4650611843142058
1.454669345065456
1.449149297402643
1.427369201579667
1.4131951149924638
1.4075811833829222
1.3954390867439377
1.3812887417081068
1.3766999637989132
1.3571923346165806
1.3432135703161245
1.3373396072698676
1.3322957160375308
1.3169542259877296
1.2968423371119877
1.2927283306255974
1.2759891809404964
1.2612254345203604
1.2477620600739403
1.2504011002343025
1.2310237635279555
1.2213903160961084
1.2092636447885763
1.1939445234777983
1.189782625269097
1.1718076115374065
1.1587146251555294
1.150058625146861
1.1451178260928834
1.1284198908854628
1.1164126831399814
1.1152688261797972
1.1022639756312456
1.0947584497654224
1.0798145717824512
1.0650998424081242
1.0560297668742402
1.045465350455945
1.03573532360594
1.0269549291609499
1.0123519437849675
1.0027386912756868
0.9930693381811346
0.9765704579060644
0.9739330617515632
0.9715345558303091
0.9476043236301378
0.9413340016246756
0.9329561893363743
0.9186082013199092
0.9198290211389132
0.901912362945964
0.8967359955887051
0.8864104862103377
0.8830851248234434
0.8670003199973679
0.8533305340182141
0.854869472553663
0.8392655104398727
0.8402979735599454
0.8274406844850086
0.8040901100848947
0.7981698613642426
0.7970781774090989
0.7886002460480346
0.7874381978188634
0.761184104339546
0.7665255304492647
0.7556741457537312
0.7352636218299646
0.736770817385915
0.721796092970292
0.715653253142791
0.7091826326249505
0.7061085576748909
0.6980927025951693
0.6870417490106104
0.6817633631970267
0.6680024701844701
0.6683346451167256
0.6574521544186965
0.6543845488592182
0.6476552974994835
0.6422589577143759
0.6261934178412113
0.6176709018438064
0.620121230783365
0.6111924167331833
0.602933400617841
0.5847504402289305
0.5862578048044459
0.582535981731799
0.577394399953925
0.5666264618754082
0.5615009854897819
0.5602992284861977
0.5464617593209152
0.5455489843664572
0.5355771700934986
0.5358274896888782
0.5322389097507957
0.5120038025062102
0.5105505704003221
0.5057740143269224
0.5064297952234288
0.5003454697787609
0.4926310684674841
0.4816875657271546
0.4784649264286546
0.48267275296971013
0.4642084854871721
0.476246409365893
0.46339693008100286
0.46032017597075925
0.45109537647813175
0.44175163709827703
0.43747142316473414
0.4287504209467517
0.42521121724487265
0.42825212382980626
0.4157823578018667
0.42376451935533366
0.41385435029063994
0.4087837917916
0.40581716517048416
0.397400302388479
0.4006308834342396
0.39307381781508854
0.38887211794743454
0.3815969308299939
0.38241294986756563
0.37272475673185895
0.3716367603186756
0.3682289087711393
0.3649338821277899
0.3615021364920584
0.35869332198101234
0.3520781307688455
0.3450890348276214
0.3443009896904154
