389.91168546676636
387.91812229156494
387.80418276786804
387.656033039093
387.54740023612976
387.78004789352417
387.7642033100128
387.5266110897064
387.73862767219543
387.61192202568054
387.77313470840454
387.57769203186035
387.8236162662506
387.8927147388458
387.731036901474
387.5497715473175
387.72103452682495
387.52204608917236
387.5981330871582
387.86828994750977
387.5510058403015
387.6010229587555
387.4908928871155
387.63175678253174
388.075163602829
388.0100829601288
387.9500298500061
387.79136300086975
387.9075825214386
387.7505373954773
387.8043119907379
387.7893536090851
387.81446266174316
387.6115970611572
387.6733250617981
387.6725986003876
387.63859724998474
387.6187789440155
387.69952154159546
387.7122344970703
387.6089720726013
387.6555027961731
387.92759370803833
387.80010962486267
387.8426351547241
387.63986349105835
387.6847517490387
387.59940671920776
387.9098494052887
387.60284185409546
387.59588980674744
387.75140166282654
387.796151638031
387.736759185791
387.6792812347412
388.15896558761597
387.6309447288513
387.60414385795593
387.5827805995941
387.7233376502991
387.76989579200745
387.66296553611755
387.5835564136505
387.61185908317566
387.63446974754333
387.5431158542633
387.8036434650421
387.79734992980957
387.96188831329346
387.58963990211487
387.6021177768707
387.52011823654175
387.67688941955566
387.96811866760254
387.5548806190491
387.53597140312195
387.74541306495667
387.71262288093567
387.7176115512848
387.4191610813141
387.848459482193
387.620890378952
387.66897416114807
387.54051542282104
387.7536823749542
387.7485613822937
387.8739540576935
387.6358654499054
387.71289348602295
387.7277433872223
387.56563210487366
387.8133907318115
387.7558443546295
387.79075145721436
387.76032066345215
387.74037194252014
387.8153655529022
387.9960227012634
387.77423787117004
387.6989862918854
387.545547246933
387.80538749694824
387.8219554424286
387.6677646636963
387.62537240982056
387.45158433914185
387.6868939399719
387.5092771053314
387.69189262390137
387.83645486831665
387.64878487586975
387.4935042858124
387.6885666847229
387.608517408371
387.6598994731903
387.7350652217865
387.7836833000183
387.6140341758728
387.60026144981384
387.7040376663208
387.55227637290955
387.5548770427704
387.8126449584961
387.5458598136902
387.670437335968
387.5444965362549
387.4915101528168
387.73968601226807
387.4444098472595
387.58291840553284
387.5843803882599
387.70354318618774
387.76153111457825
387.67928743362427
395.88761711120605
392.35426139831543
399.80824184417725
403.62421894073486
405.9369330406189
404.37213158607483
388.6316361427307
389.23547077178955
387.9725887775421
390.1075019836426
390.5945403575897
389.120463848114
390.20643496513367
390.3441698551178
390.34861278533936
390.5711405277252
390.3562397956848
390.28342747688293
390.3718514442444
388.61338567733765
387.5588903427124
387.27911853790283
387.3734803199768
387.3741571903229
387.3182315826416
387.3551359176636
387.28856587409973
387.5790228843689
387.40597343444824
387.39952540397644
387.3208134174347
387.40414595603943
387.3675870895386
387.494060754776
387.41096806526184
387.33106231689453
387.44598603248596
387.4714081287384
387.18760919570923
387.16440892219543
387.33195662498474
387.55539298057556
387.94602632522583
387.3905725479126
387.34344387054443
387.3499617576599
387.5963087081909
387.351943731308
395.36914324760437
420.17912554740906
389.7704029083252
392.7008888721466
392.39180040359497
392.706178188324
392.5332353115082
392.66818714141846
392.61700320243835
432.6368737220764
430.76513600349426
431.04571318626404
431.7457842826843
430.0437059402466
429.4627513885498
430.64459347724915
428.7898693084717
429.6848313808441
430.48214173316956
429.71011090278625
428.65987515449524
428.95938205718994
429.25566720962524
430.24033212661743
429.0830805301666
429.60369062423706
430.09665751457214
430.7286012172699
429.61400866508484
427.952513217926
429.34593296051025
428.7743856906891
424.9621002674103
429.37670731544495
428.2128291130066
428.59760761260986
430.4160075187683
431.38562989234924
431.63538694381714
429.9328269958496
428.4486041069031
430.1308238506317
431.6258511543274
430.6415214538574
429.34699177742004
429.66898250579834
401.5357303619385
387.56043767929077
387.61379528045654
387.65809082984924
387.4295153617859
387.4682505130768
387.4641993045807
387.6011745929718
387.50230741500854
387.4785315990448
387.75921630859375
387.5982105731964
387.63507080078125
387.574551820755
387.484548330307
387.53990149497986
387.48616099357605
387.44894075393677
387.5764651298523
387.5498013496399
387.903648853302
387.7972421646118
387.51685523986816
387.48549795150757
387.74838042259216
387.67949199676514
387.6758043766022
387.7777006626129
387.7289471626282
387.6232328414917
387.7576925754547
387.6201605796814
387.73704624176025
387.5378382205963
387.78150177001953
387.6046185493469
387.71831369400024
387.88390827178955
388.11204862594604
387.7312157154083
387.58278608322144
387.4788444042206
387.54489159584045
387.9532244205475
387.4729290008545
387.5987296104431
387.65294671058655
387.58345007896423
387.6180729866028
387.738890171051
387.6237533092499
388.25445914268494
387.69864773750305
387.6496000289917
387.56535625457764
387.5189609527588
387.8973937034607
387.5646905899048
387.7356970310211
387.55362486839294
387.44469261169434
387.6675591468811
387.9642038345337
387.46058773994446
387.42439675331116
387.50550150871277
387.65742540359497
387.6438076496124
387.519478559494
387.4137110710144
387.3986222743988
387.4864819049835
