1.698
2.8160000000000003
3.408
3.84
4.2299999999999995
4.5920000000000005
4.97
5.222
5.574
5.792
6.306000000000001
6.88
7.208
7.5600000000000005
7.856000000000001
8.094
8.254
8.636000000000001
8.780000000000001
9.176
9.438
9.642000000000001
10.086
10.448
10.922
11.176
11.501999999999999
11.918
12.246
12.774
13.197999999999999
13.632
13.984
14.668000000000001
14.793999999999999
15.276
15.542
15.958
16.258
16.57
17.14
17.962
17.965999999999998
18.558
19.11
19.05
19.764
20.078
20.448
20.986
21.221999999999998
21.478
21.866
22.302
22.426
22.869999999999997
23.286
23.52
24.326
24.068
24.724
25.144
25.592
26.008
26.476
26.46
26.982
27.648
27.96
27.97
28.766000000000002
28.882
29.442
29.724
29.554000000000002
30.144
30.916
31.144
31.526
31.941999999999997
32.272
32.458
32.896
33.326
33.495999999999995
34.062
34.33
34.808
34.89
35.18
35.804
35.774
36.218
36.778
37.18
37.397999999999996
37.882
37.891999999999996
38.388
38.98
39.156
39.788000000000004
39.658
40.316
40.532000000000004
40.849999999999994
41.378
41.25
41.998000000000005
41.966
42.746
42.812
43.065999999999995
43.431999999999995
43.602000000000004
43.87
44.67
44.938
45.062000000000005
45.45
45.808
46.394000000000005
46.605999999999995
46.658
47.254000000000005
47.589999999999996
47.821999999999996
47.926
48.292
48.882
49.098000000000006
49.622
49.944
50.248000000000005
50.395999999999994
50.536
50.93
51.11
51.848000000000006
51.92
52.286
52.559999999999995
53.062
53.2
53.566
54.04600000000001
54.215999999999994
54.54599999999999
54.97
55.403999999999996
55.348
55.80199999999999
56.077999999999996
56.582
56.736
56.774
57.568
57.943999999999996
57.967999999999996
58.132
58.726
59.01
59.233999999999995
59.826
60.01800000000001
60.150000000000006
60.455999999999996
61.168
61.1
61.366
61.802
62.00599999999999
61.78
62.444
63.09
63.162
63.466
63.800000000000004
64.184
64.29
64.656
64.886
65.08
65.514
65.63600000000001
66.32400000000001
66.538
66.934
66.67
67.58999999999999
67.54
67.92399999999999
67.862
68.214
68.804
69.092
69.248
69.702
69.632
69.964
70.458
70.582
71.122
71.37599999999999
71.49600000000001
71.404
72.348
72.386
72.458
72.978
72.83800000000001
73.25399999999999
73.536
73.95
74.036
74.59599999999999
74.90400000000001
74.546
75.138
75.092
75.476
76.264
76.092
76.312
76.564
76.46
77.584
77.05199999999999
77.36800000000001
78.03
77.976
78.424
78.56
78.876
78.928
79.226
79.468
79.648
80.142
79.854
80.366
80.16
80.742
80.886
81.336
81.62
81.384
81.814
82.06400000000001
82.46
82.608
82.53200000000001
82.684
83.062
82.904
83.19
83.65
83.67599999999999
83.896
83.902
84.222
84.562
84.828
84.846
84.82
84.99600000000001
85.088
85.71
85.748
85.47
86.226
85.856
85.9
86.15
86.586
86.66
86.874
87.266
87.138
86.966
87.586
87.40400000000001
87.48599999999999
87.642
87.712
88.144
87.91600000000001
88.19399999999999
88.412
88.6
88.378
88.804
88.78399999999999
88.96
89.292
89.166
89.462
89.62
89.72200000000001
89.67399999999999
