4.532299674685349
4.456733818249324
4.417449823730742
4.389292636490844
4.361868280888824
4.334522243655856
4.302039762896955
4.265026388875664
4.229003173311043
4.196582751200937
4.163940825120872
4.133938830831776
4.106129382882277
4.082887796184901
4.052419290823095
4.0279204805793665
4.001389189144534
3.9699070859138312
3.9417742118811057
3.9178668592896915
3.8910930196342566
3.8624824517218355
3.8318370821530863
3.8059050186210888
3.7792728273460017
3.749967143968548
3.7219496114784496
3.6986062477921586
3.663902149480932
3.6346025976073713
3.609403645291048
3.5903905306935617
3.567525588947794
3.5473325203751664
3.52288463749849
3.4943236765044423
3.4737484092297763
3.452810969194183
3.4295445604397514
3.4111285057214213
3.3878979557920297
3.3756421432470725
3.3491358016153128
3.3351597020693142
3.31591526931509
3.2892767440937365
3.2734786281195443
3.2552625416489818
3.241206321569965
3.2314279719691754
3.2075405224509863
3.187137892484055
3.1692463052852076
3.1465971549148755
3.1358972809198873
3.119347122014331
3.0987092533989635
3.088036129541714
3.0685061496846817
3.0526994167996184
3.0377369006271557
3.0227411836004623
3.0024234605262348
2.9815603976359455
2.9704424566625023
2.954272293983518
2.9419175261426767
2.922085106830158
2.9101103022885138
2.888525838132405
2.874534728886831
2.865357033127104
2.8457864766840433
2.8338274882577568
2.813986870943738
2.8068395008516434
2.788650225190555
2.7746650047619323
2.759996827301162
2.7464465290079336
2.732874295595662
2.7148424704056566
2.7053062589577093
2.6886407042403357
2.6753366655096067
2.6620733347695196
2.6472097763320064
2.639431547630778
2.6309553323804264
2.612880353122721
2.6017025183228886
2.5836629611451913
2.567248463325793
2.5542180382687114
2.5396761523793114
2.532556951503315
2.517561260696567
2.507973025064639
2.491552401381685
2.483917239376956
2.4671471811011623
2.4638293385505676
2.439512455249991
2.4335187470821467
2.4182649242603564
2.4065222083150273
2.391760640437036
2.3782973911451255
2.367679859823583
2.3601556571243365
2.3446943386436425
2.33324619937126
2.317461868228815
2.313948387837471
2.3043728048539225
2.28829343575041
2.274560792976633
2.2620045292712843
2.2504057760738654
2.2472214291772574
2.232283266761419
2.220184297207981
2.2118224317155533
2.194644303882823
2.1891163919892764
2.185685137501153
2.1670526610615917
2.151977840134555
2.1392889178317525
2.1396062021975015
2.1183950213520117
2.107403794517907
2.0971714784117306
2.097128251019646
2.0803777240121457
2.0620806465673325
2.053024236655906
2.0515021966851275
2.0371649515293444
2.028333070333047
2.0204855093870626
2.010489156941319
1.9963524333961176
1.9849361431263293
1.976883362168851
1.9691835146425936
1.9529657139802528
1.9443118649980295
1.9349034727381929
1.9295807511300382
1.9135563817170576
1.9053765889019003
1.891611369674468
1.900139048581233
1.879139550963936
1.8780660284754565
1.8558488462282263
1.8473822390636825
1.836765412631852
1.8311354595681895
1.8153594343558601
1.8123529349141718
1.8040618926972685
1.7887929751135199
1.776872684126315
1.774214973992399
1.7679716813594788
1.7618470777331106
1.748848477135534
1.743899667354496
1.7278899748611938
1.7159907319356718
1.7097101557590162
1.704805352956133
1.6823326866035266
1.684839824276507
1.6789853284730936
1.6624537017339331
1.65750772889008
1.6481304778467358
1.6317834751990141
1.620883508716398
1.6173818800455468
1.6087326886099014
1.5989519173227003
1.5893971380370353
1.575574861996619
1.5728264996767654
1.5647079414876222
1.5579027532006773
1.534384465278567
1.5397932572895303
1.527643947192775
1.5066944904949353
1.5140384115526437
1.5048099506998915
1.4855603832570488
1.4830940222496267
1.4736877368844075
1.4618167762103897
1.4540466354478656
1.442946445454112
1.4401257189033587
1.4398499313370345
1.4147149615580468
1.4134353462539975
1.4070974921478945
1.398669390422304
1.387733519763288
1.374519373144945
1.3709902226772455
1.3593025141207458
1.347794396188253
1.3351523806829282
1.334125061779071
1.3290658824888946
1.3162251115607484
1.3126408864012764
1.2995320246042803
1.296907070423941
1.283820573250046
1.2810733412080408
1.261754848158268
1.265089619799953
1.248123455001875
1.2437707527976511
1.2369341002705763
1.2226110417062364
1.222133962165974
1.2073552145829896
1.2085188336841894
1.199189739154123
1.194706399879797
1.186647879574305
1.1738450404475718
1.1625697265957933
1.1477677521040983
1.150707915768294
1.1410012979946478
1.1341566294050582
1.126228822009338
1.1214649831242574
1.1087777222056523
1.1096511785026706
1.09862261088303
1.078172713365701
1.0791181896806068
1.0771788590399505
1.0638594811834643
1.061460622512471
1.0526517698984317
1.0464403153685353
1.036138922814518
1.0339894441082655
1.010205240048411
1.0102682193679273
1.005042509578378
0.9964173481135112
0.9935252562813137
0.994307021274591
0.9791053214189037
0.9862198802973609
0.9652094422551372
0.9506256842552243
0.9554894183145459
0.9436423387521368
0.9323920752386303
0.9291582458921711
0.9265772414100749
0.9198947998568835
0.9115778379275671
0.9014223167658462
0.8919983090418379
0.8844657640170563
0.8749994286109725
0.8793231056779242
0.8715958367756871
0.8643921764991472
0.8641035183692527
0.8406250772573759
0.8474322542205186
0.8382953050191445
0.8301198135327805
0.8281655659532303
0.8194232817805941
0.8148696094446475
0.8006414029070789
0.7984144711662131
0.7963927944221765
0.7857385543758607
0.7742958915660448
0.7683735990234654
0.7742229183692761
0.7591348312928549
0.7469267781509463
0.7511105436422026
0.7451533194240707
0.7449892401847693
0.7350504058020194
0.7282232582721564
