1.794
2.426
3.04
3.356
3.6839999999999997
4.178
4.404
4.9079999999999995
5.282
5.558
5.86
6.318
6.773999999999999
7.256
7.66
8.244
8.4
8.976
9.434
9.976
10.306
10.744
11.21
11.658
12.092
12.364
12.65
13.074
13.572000000000001
14.16
14.576
14.796000000000001
15.136
15.468000000000002
15.950000000000001
16.454
16.862
17.419999999999998
17.65
17.892
18.314
18.65
18.838
19.054
19.53
19.922
20.224
20.534
20.854
20.894
21.465999999999998
21.881999999999998
22.06
22.536
22.682
22.938
23.394000000000002
23.642
23.872
24.279999999999998
24.584
24.844
25.06
25.826
25.758
26.032
26.146
26.43
26.866
27.294
27.382
27.761999999999997
27.954
28.414
28.588
28.986
29.177999999999997
29.317999999999998
29.677999999999997
30.048000000000002
30.156
30.843999999999998
31.166
31.14
31.269999999999996
31.728
32.048
32.146
32.300000000000004
32.836
33.032000000000004
33.239999999999995
33.772000000000006
34.088
34.176
34.304
34.692
34.896
35.354
35.548
35.994
35.984
36.403999999999996
36.620000000000005
36.786
36.925999999999995
37.604
37.888
37.928
38.226
38.756
38.786
39.168
39.316
39.410000000000004
39.734
39.918
40.434
40.908
40.488
40.838
41.086
41.342
41.728
41.974000000000004
41.88
42.414
42.614000000000004
43.196
42.954
43.32
43.522
43.972
44.04
44.328
44.568000000000005
44.936
45.03
45.222
45.524
45.524
45.956
46.194
46.54
46.582
46.844
47.23
47.599999999999994
47.702
47.612
48.082
48.309999999999995
48.606
48.402
48.956
48.998000000000005
49.622
49.448
49.86
50.32600000000001
50.507999999999996
50.77
50.766
50.83800000000001
51.25999999999999
51.586
51.676
51.942
52.414
52.144
52.672
52.876
52.714000000000006
53.038
53.476
53.52400000000001
53.748
54.174
54.078
54.384
55.04599999999999
55.172
54.928
55.362
55.496
55.896
56.19
56.432
56.432
56.586000000000006
57.135999999999996
56.974000000000004
57.438
57.912
57.838
58.12199999999999
58.326
58.412
58.508
59.153999999999996
59.256
59.694
59.638000000000005
59.709999999999994
60.184000000000005
60.242
60.492000000000004
60.646
60.804
61.304
61.38
61.434
62.096
62.217999999999996
62.342
62.11
62.598
62.59
62.995999999999995
63.19200000000001
63.604000000000006
63.800000000000004
64.16199999999999
63.916
64.292
64.556
64.764
64.974
64.97800000000001
65.346
65.534
65.78
65.88199999999999
65.94
66.204
66.58800000000001
67.038
67.15
67.338
67.41
67.508
67.572
67.808
67.956
68.066
68.92
68.84400000000001
69.002
69.274
69.328
69.52000000000001
69.74000000000001
69.95400000000001
69.91199999999999
70.784
70.536
70.856
71.178
70.88600000000001
70.82000000000001
71.57
71.308
71.944
72.074
72.07000000000001
72.664
72.834
72.88
73.054
73.24000000000001
73.384
73.682
73.772
74.166
74.276
74.124
74.348
74.63
74.778
75.61
75.05
75.408
75.70400000000001
75.58
76.17
76.166
76.644
76.444
76.548
76.844
77.22
77.39399999999999
77.268
77.61200000000001
78.082
78.134
77.816
77.97800000000001
78.328
78.66
