230.41358995437622
229.52456760406494
229.57454633712769
229.70860481262207
229.67332196235657
229.72293853759766
270.8399910926819
279.31143593788147
281.12286710739136
279.9058392047882
243.73677158355713
274.2084836959839
269.40889835357666
279.1870687007904
276.1928024291992
278.6613097190857
246.8683180809021
229.42927169799805
229.3952133655548
229.43563318252563
229.30420970916748
229.4955132007599
229.25183486938477
229.46763062477112
229.40152311325073
229.51933121681213
229.3233814239502
229.5632734298706
229.44135808944702
229.51574778556824
229.2235929965973
229.5053367614746
229.29763984680176
229.45284700393677
229.38995885849
229.42216277122498
229.36499667167664
229.43913674354553
229.28851628303528
229.4787883758545
229.22771835327148
229.45865273475647
229.41840028762817
229.46262955665588
229.33392786979675
229.46759915351868
229.38103103637695
229.45692467689514
229.26820731163025
229.4778597354889
229.30905675888062
229.44625449180603
229.35685229301453
229.41334986686707
229.2513837814331
229.51828622817993
229.3995189666748
229.43211340904236
229.31407380104065
229.33602690696716
229.32962775230408
229.35476636886597
229.3781497478485
229.38450169563293
229.3600115776062
229.32665944099426
229.4203622341156
229.4132890701294
229.33723402023315
229.43178939819336
229.30389547348022
229.41878128051758
229.80670642852783
229.30101418495178
229.42565989494324
229.31594824790955
229.3317322731018
229.29755067825317
229.4093313217163
229.35782551765442
229.3834581375122
229.4594485759735
229.2839913368225
229.45012640953064
229.2977442741394
229.37169337272644
229.32032799720764
229.41684317588806
229.46997737884521
229.25200533866882
229.40917801856995
229.21560525894165
229.71870231628418
229.27141880989075
229.4033145904541
229.43700981140137
229.33295035362244
229.3773899078369
229.31596899032593
229.28748106956482
229.44559025764465
229.30840516090393
229.46834802627563
229.26662516593933
229.51277923583984
229.32929229736328
229.48113894462585
229.2464120388031
229.59564399719238
229.2355170249939
229.3544144630432
229.18944668769836
229.41880440711975
229.3863959312439
229.32869124412537
229.28094029426575
229.5115783214569
229.34339475631714
229.5993628501892
229.27159357070923
229.5571403503418
229.31182384490967
229.45347046852112
229.2286970615387
229.3746337890625
229.29878687858582
229.43617129325867
229.18841361999512
229.4355070590973
229.37649869918823
229.5071678161621
229.2692153453827
229.57988238334656
229.27373838424683
229.51337456703186
229.32500219345093
229.50548315048218
229.16749382019043
229.54944896697998
229.29957127571106
229.4244041442871
229.20807814598083
229.5081307888031
229.19259357452393
229.4080719947815
229.24116897583008
229.41383981704712
229.2149624824524
229.52195024490356
229.24393844604492
229.49175643920898
229.27022981643677
229.4535915851593
229.35761189460754
229.51742887496948
229.2254581451416
229.42480778694153
229.267076253891
229.5751724243164
229.22857785224915
229.49220252037048
229.26539492607117
229.52221751213074
229.1888177394867
229.56167697906494
229.24513936042786
229.6449840068817
229.2170913219452
229.64540553092957
229.22207617759705
229.58097863197327
229.26658272743225
229.54586505889893
229.21284532546997
229.49440145492554
229.2458906173706
229.43016076087952
229.192773103714
229.4811716079712
229.1994652748108
229.51317763328552
229.2180666923523
229.44129538536072
229.36232089996338
229.92615222930908
229.4903154373169
229.53701043128967
229.1525354385376
229.46088671684265
229.1489610671997
229.48868775367737
229.28953456878662
229.57483315467834
229.3300621509552
229.48429608345032
229.29071164131165
229.5592942237854
229.2498791217804
229.53718852996826
229.23354125022888
229.46255445480347
229.22333216667175
229.5039200782776
229.24812936782837
229.52089548110962
229.1669306755066
229.48927235603333
229.22827696800232
229.53266668319702
229.20735096931458
229.5415916442871
229.28045392036438
229.42624807357788
229.30583572387695
229.486008644104
229.2204875946045
229.84920144081116
229.28637266159058
229.39513421058655
229.27096843719482
229.47328090667725
229.25439047813416
229.43009495735168
229.3109679222107
229.5343999862671
229.26396250724792
229.3772943019867
229.1137158870697
229.40782523155212
229.27993535995483
229.44513416290283
229.21232795715332
229.38552904129028
229.26606440544128
229.42813062667847
229.3462779521942
229.41830968856812
229.23385381698608
229.43801975250244
229.32615041732788
229.33334875106812
229.35903406143188
229.38745856285095
229.3273401260376
229.58124208450317
229.37696170806885
229.37064695358276
229.33198308944702
229.4241545200348
229.2266764640808
229.45628023147583
229.25370693206787
229.3000237941742
229.31027364730835
229.32537388801575
229.34849309921265
229.3692169189453
229.3493914604187
229.32947850227356
229.39892172813416
229.30053877830505
229.36542749404907
229.33612823486328
229.32654070854187
229.2896749973297
229.25044441223145
229.37147641181946
229.317453622818
229.40453505516052
229.37822818756104
229.32561206817627
229.39743852615356
229.31920313835144
229.56201839447021
229.28479886054993
229.37484121322632
229.24929809570312
229.33632612228394
229.29066252708435
229.4268832206726
229.34604930877686
229.4121208190918
229.30723881721497
229.36389303207397
229.27172827720642
229.41857647895813
229.27642440795898
229.5049765110016
229.184415102005
229.4589376449585
229.23535919189453
229.37891006469727
229.14258551597595
229.34276843070984
229.199077129364
229.37626576423645
229.27428793907166
229.31938529014587
229.34160923957825
229.5108025074005
