4.527032852172852
4.53508186340332
4.516936302185059
4.560481548309326
4.486080169677734
4.498927593231201
4.512899875640869
4.465465068817139
4.64727783203125
4.513755798339844
4.4531402587890625
4.386796474456787
4.441549301147461
4.4741692543029785
4.387359142303467
4.323646068572998
4.322472095489502
4.403680324554443
4.513699531555176
4.347461223602295
4.385948657989502
4.450359344482422
4.3211846351623535
4.356213569641113
4.433368682861328
4.440567493438721
4.361435890197754
4.433276653289795
4.359490871429443
4.354703903198242
4.422456741333008
4.391548156738281
4.329848289489746
4.355639457702637
4.429232597351074
4.4997053146362305
4.340367317199707
4.385845184326172
4.400747776031494
4.340137958526611
4.31890344619751
4.460879325866699
4.282715797424316
4.266261577606201
4.440001964569092
4.248062610626221
4.315953254699707
4.253415107727051
4.280768394470215
4.324438571929932
4.3754777908325195
4.2644243240356445
4.2628021240234375
4.30629301071167
4.202698230743408
4.14873743057251
4.261199474334717
4.216082572937012
4.159178256988525
4.443092346191406
4.059111595153809
4.132579326629639
4.192506790161133
4.152650356292725
4.213791847229004
4.2107391357421875
4.08038330078125
3.971762180328369
4.32358455657959
4.03692102432251
4.059671878814697
4.050060749053955
4.155623912811279
4.15531063079834
4.140969276428223
3.9971120357513428
4.209778785705566
4.204444408416748
4.079547882080078
4.032932281494141
4.11260461807251
3.9940431118011475
4.37072229385376
4.072981357574463
3.9459850788116455
4.19337797164917
4.068204879760742
4.105964183807373
4.14208984375
4.0117292404174805
3.9783291816711426
4.014553070068359
4.285764694213867
3.9766769409179688
3.9352641105651855
4.057306289672852
4.250240802764893
3.982515335083008
4.01695442199707
4.0392279624938965
3.839574098587036
3.9453890323638916
3.9895589351654053
4.056186676025391
3.9430041313171387
4.120104789733887
4.095066070556641
3.918431043624878
4.113657474517822
4.048503398895264
4.049689292907715
4.038090229034424
3.94463849067688
3.948063611984253
3.866894483566284
3.9069881439208984
3.998828411102295
4.147259712219238
4.019330024719238
3.8190863132476807
3.9342358112335205
4.11460018157959
3.8767712116241455
3.9159798622131348
4.092605113983154
4.002676963806152
4.1611762046813965
4.092189311981201
4.010764122009277
3.8522517681121826
3.8100295066833496
4.125235080718994
3.989715576171875
3.8798904418945312
3.8637945652008057
3.964505195617676
3.9614474773406982
3.6081838607788086
3.9037718772888184
4.036737442016602
3.6372947692871094
3.9970428943634033
3.908088207244873
3.815185308456421
3.701382875442505
3.5988686084747314
3.793030261993408
3.788344621658325
3.889958143234253
3.889191150665283
3.9297168254852295
3.8095269203186035
3.904756546020508
3.8305656909942627
3.948481321334839
3.872235059738159
3.603813886642456
3.8323755264282227
3.5886802673339844
4.050509929656982
3.748067855834961
3.66369891166687
3.578273296356201
3.9846527576446533
4.105099678039551
3.8960893154144287
3.9710352420806885
3.8282742500305176
3.9009456634521484
3.7290236949920654
3.837810516357422
4.070713043212891
3.7514922618865967
3.780972719192505
3.791599750518799
3.6164426803588867
3.839444160461426
3.5455949306488037
3.6598756313323975
3.527409315109253
3.7695536613464355
3.8012335300445557
3.5068047046661377
3.737525463104248
3.6449508666992188
3.7351372241973877
3.932403087615967
3.9090187549591064
3.549110174179077
3.7211272716522217
3.8122007846832275
3.8877720832824707
3.6652772426605225
3.6551618576049805
3.4868972301483154
3.6232597827911377
3.778625726699829
3.5641136169433594
3.802381753921509
3.480281114578247
3.68878436088562
3.753504753112793
3.8905723094940186
3.5382142066955566
3.4807775020599365
3.3143839836120605
3.5901882648468018
3.277592658996582
3.4839742183685303
3.6992924213409424
3.7752153873443604
3.7495546340942383
3.554323434829712
3.225135087966919
3.663813352584839
3.5320510864257812
3.5916731357574463
3.7511401176452637
3.243823289871216
3.237424612045288
3.721947193145752
3.7336246967315674
3.556615114212036
3.423941135406494
3.320828437805176
3.7041659355163574
3.479875326156616
3.5501890182495117
3.5921952724456787
3.6644763946533203
3.390564441680908
3.7751388549804688
3.6797759532928467
3.6932051181793213
3.5583643913269043
3.5165812969207764
3.3916773796081543
3.342097520828247
3.561155319213867
3.248715400695801
3.420361042022705
3.6459226608276367
3.2949471473693848
3.74094820022583
3.6995575428009033
3.538954019546509
3.4127273559570312
3.46962571144104
3.378215789794922
3.5452499389648438
3.4775381088256836
3.708530902862549
3.8522050380706787
3.2519919872283936
3.562782049179077
3.3756039142608643
3.48372483253479
3.554182767868042
3.6176376342773438
3.734919786453247
3.291349411010742
3.591341257095337
3.6637279987335205
3.51328182220459
3.4971067905426025
3.3932859897613525
3.494528293609619
3.312954902648926
3.418837308883667
3.586712598800659
3.4840235710144043
3.744797945022583
3.1900875568389893
3.3352267742156982
3.6126275062561035
3.486020803451538
3.4864275455474854
3.5700838565826416
3.294057846069336
3.588298797607422
3.244227409362793
3.2363901138305664
3.2935245037078857
3.321061611175537
3.4002912044525146
3.3156344890594482
3.3190970420837402
3.3563504219055176
3.383148431777954
3.3041694164276123
3.3941798210144043
3.26468825340271
3.3664934635162354
3.576056957244873
3.23905348777771
3.1942484378814697
3.1507413387298584
3.5030975341796875
3.481752395629883
3.352447032928467
3.3784854412078857
3.3076751232147217
3.0599708557128906
3.379530906677246
3.146254539489746
3.3399860858917236
3.26068377494812
3.3063998222351074
3.039093017578125
3.1856508255004883
3.2595407962799072
3.4140405654907227
2.960071325302124
3.3672847747802734
3.2899575233459473
3.434046983718872
3.080528974533081
3.1176838874816895
3.3121819496154785
3.0375473499298096
3.472486734390259
3.062513828277588
3.3689475059509277
3.186234712600708
3.1773903369903564
3.5148117542266846
3.173462152481079
3.272043466567993
3.129307270050049
3.1150381565093994
3.230753183364868
2.8033547401428223
3.2726874351501465
3.019519805908203
3.2379908561706543
3.596501588821411
3.37079119682312
3.296292304992676
3.1243960857391357
3.386972188949585
3.3007900714874268
3.147892951965332
2.9243109226226807
3.676003932952881
3.1850011348724365
3.409634828567505
3.1059205532073975
2.9995064735412598
3.4130117893218994
3.3429858684539795
3.389436721801758
3.292827844619751
2.962355852127075
3.227504014968872
3.4408318996429443
3.132488489151001
3.0436577796936035
3.4472644329071045
3.199763774871826
3.398960828781128
3.4946117401123047
2.838489055633545
3.1676180362701416
3.3278396129608154
3.3933467864990234
2.924272298812866
3.2940990924835205
3.1135218143463135
3.1915829181671143
3.465609312057495
3.1606898307800293
2.9495689868927
2.794297933578491
3.141679048538208
3.035806655883789
3.223459243774414
3.326366901397705
3.129188299179077
2.9456887245178223
3.2653582096099854
3.1827785968780518
3.127331256866455
3.228191375732422
3.0538570880889893
3.361204147338867
3.0787174701690674
3.189016103744507
2.9659128189086914
2.9448933601379395
3.255234718322754
3.137885570526123
2.895753860473633
2.927232027053833
3.1491074562072754
2.9756686687469482
3.1757216453552246
3.188100814819336
3.1896257400512695
3.3147220611572266
3.251218557357788
2.854979991912842
2.905862808227539
3.1951358318328857
2.85676646232605
3.0055012702941895
3.59244704246521
2.7575154304504395
3.067317008972168
3.127654790878296
2.8445708751678467
3.230800151824951
2.8069186210632324
3.0130650997161865
3.069983959197998
3.4296956062316895
3.0575857162475586
2.958385705947876
2.9732630252838135
3.203460216522217
2.877607822418213
2.9996891021728516
3.2888877391815186
2.9093546867370605
3.014549732208252
3.243753433227539
2.7622575759887695
3.009495735168457
2.781904697418213
2.6029458045959473
2.8777108192443848
2.629075765609741
3.5264339447021484
2.7818925380706787
2.954657793045044
3.3561341762542725
3.1210997104644775
3.1898930072784424
3.2925617694854736
2.7429609298706055
3.104822874069214
2.994783639907837
2.9544360637664795
2.9281601905822754
3.2185025215148926
2.9225590229034424
3.041537046432495
2.9918880462646484
3.151125192642212
2.968989849090576
3.3073983192443848
3.232999086380005
3.304281711578369
2.657503843307495
2.866349935531616
3.1167359352111816
3.136482000350952
2.859917163848877
3.0664663314819336
2.7587783336639404
2.675579309463501
2.6657865047454834
3.0927162170410156
2.8390607833862305
3.000532388687134
3.0652337074279785
2.8212389945983887
3.1983511447906494
2.9657537937164307
2.828011989593506
2.8749961853027344
3.2269792556762695
3.4687352180480957
2.925827741622925
2.763320207595825
2.711276054382324
2.5184500217437744
2.8564765453338623
3.095449924468994
2.736812114715576
2.8288497924804688
3.043002128601074
3.4338276386260986
2.9414944648742676
2.895904064178467
2.796682357788086
2.889798402786255
3.3424644470214844
2.769082546234131
2.7232840061187744
2.7277936935424805
3.0325446128845215
2.5900325775146484
2.759899616241455
3.030579090118408
2.76542592048645
2.859530210494995
2.991650104522705
3.13542103767395
2.998300790786743
3.0518994331359863
2.903580665588379
2.832784652709961
2.7918386459350586
3.0836470127105713
2.8880317211151123
2.813443660736084
2.6339046955108643
2.582512855529785
2.638286590576172
2.929321050643921
2.9414210319519043
2.5158824920654297
2.852508544921875
2.7902419567108154
2.756756067276001
2.818819761276245
2.9235877990722656
2.9082212448120117
2.6737568378448486
2.7910749912261963
2.6724729537963867
2.900378465652466
2.989168882369995
2.863833427429199
2.594719171524048
2.874272584915161
2.8527166843414307
2.7813212871551514
2.550386905670166
2.6794588565826416
2.526564359664917
2.7728757858276367
2.9275500774383545
2.812702178955078
2.961697578430176
3.163677453994751
2.6731626987457275
2.9943716526031494
2.739900588989258
2.848125696182251
2.649590492248535
2.8281197547912598
2.7367498874664307
2.9709408283233643
2.7575955390930176
2.9516170024871826
3.05055570602417
2.9185216426849365
2.4711737632751465
2.9281342029571533
2.620553970336914
2.6076674461364746
2.9996016025543213
2.721038579940796
2.8086047172546387
2.4072153568267822
2.676642894744873
2.9977548122406006
2.5176005363464355
2.382965564727783
2.3683736324310303
2.8628931045532227
2.761876106262207
2.623586654663086
2.570424795150757
2.842437505722046
2.6081953048706055
2.677595615386963
2.512437582015991
2.6048717498779297
2.817723035812378
2.7293758392333984
2.620950937271118
3.0248160362243652
2.6697311401367188
2.4310410022735596
2.3122594356536865
2.7413973808288574
2.765184164047241
3.0906171798706055
3.1831095218658447
2.641509532928467
2.9246299266815186
2.869837522506714
2.4945642948150635
2.787234306335449
2.717900514602661
3.107311248779297
2.681867837905884
2.5899291038513184
2.7850987911224365
2.9913227558135986
2.659139633178711
2.766765594482422
2.9039437770843506
2.5793840885162354
2.834601402282715
2.4927072525024414
2.73591947555542
2.6457247734069824
2.739072322845459
2.8472485542297363
2.7193562984466553
2.3445992469787598
2.5701074600219727
2.831927537918091
2.4328274726867676
2.723586320877075
2.679506778717041
2.7404732704162598
2.4517412185668945
2.4372756481170654
2.8495333194732666
2.4528801441192627
2.2934036254882812
2.786877393722534
2.5841710567474365
2.733177423477173
2.46655011177063
2.648850440979004
2.3618950843811035
2.692249298095703
2.4331724643707275
2.483649253845215
2.2550041675567627
2.839632987976074
2.6502792835235596
2.7451364994049072
2.633490800857544
2.6944825649261475
2.6939032077789307
2.640326499938965
2.424750566482544
2.672837734222412
2.306196451187134
2.1883435249328613
2.3607258796691895
2.809417963027954
2.4782915115356445
2.337376594543457
2.488103151321411
2.7082719802856445
2.5569820404052734
2.593231439590454
2.5985963344573975
2.409679412841797
2.2884583473205566
2.433549165725708
2.592519998550415
2.328315496444702
2.326249599456787
2.7604928016662598
2.571542739868164
2.8108620643615723
2.47976016998291
2.709867000579834
2.5684056282043457
2.482306718826294
2.337153673171997
2.6445536613464355
2.3792779445648193
2.2364699840545654
2.7133381366729736
2.6482579708099365
2.6910433769226074
2.4605023860931396
2.1702868938446045
2.730811357498169
2.4716925621032715
2.27547287940979
2.3931002616882324
2.3122947216033936
2.439208984375
2.3895533084869385
2.5405635833740234
2.4299676418304443
2.4411633014678955
2.749788761138916
2.742347240447998
2.187299966812134
2.082458972930908
2.808931827545166
2.7034125328063965
2.7281947135925293
2.2976438999176025
2.6929666996002197
2.8774161338806152
2.64445424079895
2.2119956016540527
2.6307170391082764
2.623337507247925
2.386056661605835
2.339526414871216
2.2283005714416504
2.819761276245117
2.333585262298584
2.2103664875030518
2.744426965713501
2.4628779888153076
2.6512656211853027
2.580305337905884
2.2684519290924072
2.5587055683135986
2.360590696334839
2.134380340576172
2.4452383518218994
2.618473768234253
2.383009433746338
2.5929572582244873
2.1911606788635254
2.212930679321289
2.722186326980591
2.184429407119751
2.33290433883667
2.7008373737335205
2.625615358352661
2.6938018798828125
2.580457925796509
2.6396749019622803
2.680634021759033
2.707484483718872
2.4236085414886475
2.233130693435669
2.1928114891052246
2.8547205924987793
2.354546070098877
2.4360859394073486
2.3792433738708496
2.6977241039276123
2.6025476455688477
2.3779354095458984
2.1680030822753906
2.3110105991363525
2.437690019607544
2.4844229221343994
2.2997984886169434
2.68341326713562
2.44111967086792
2.249929428100586
2.2292776107788086
2.3309707641601562
2.39557147026062
2.1762428283691406
2.2043912410736084
2.445955753326416
2.3105385303497314
2.2467994689941406
1.9743112325668335
2.374972343444824
2.169487476348877
2.455688238143921
1.947197675704956
2.1839561462402344
2.6079461574554443
2.1749236583709717
2.5677974224090576
2.795405626296997
2.819884777069092
2.6208159923553467
2.2388381958007812
2.5686421394348145
2.1312930583953857
2.0395500659942627
2.29049015045166
2.461016893386841
2.1503255367279053
2.4844071865081787
2.607703924179077
2.265305280685425
2.532222032546997
2.2478878498077393
2.3402819633483887
2.4376957416534424
2.216580867767334
2.622751474380493
2.463446617126465
2.094892740249634
2.166914463043213
2.5277867317199707
2.0597681999206543
2.5296521186828613
2.325681447982788
1.9435278177261353
2.359670400619507
1.9865745306015015
2.088120222091675
2.2889585494995117
2.460618734359741
2.1594479084014893
2.1906511783599854
2.1443495750427246
2.2322239875793457
2.3142571449279785
2.385108709335327
2.499377727508545
2.3767645359039307
1.8115464448928833
2.2284562587738037
2.3342931270599365
2.082167625427246
2.2665064334869385
1.9222908020019531
2.3051085472106934
2.4423794746398926
1.909814715385437
2.5533270835876465
2.1380152702331543
2.322143793106079
2.28450870513916
2.5540099143981934
2.504687547683716
2.2730422019958496
2.6984059810638428
2.5951716899871826
2.1813087463378906
2.0745975971221924
2.1518235206604004
2.32515025138855
2.1025164127349854
2.6009879112243652
2.249460220336914
2.240945816040039
2.042949676513672
1.989457368850708
2.3792054653167725
2.211475133895874
2.2755227088928223
2.1854617595672607
2.233707904815674
2.018597364425659
2.497736692428589
1.9951823949813843
2.0079236030578613
2.0770158767700195
2.079306125640869
1.9540935754776
2.167212963104248
2.216369152069092
2.0351133346557617
2.0517215728759766
2.12180233001709
2.512115478515625
2.120594024658203
2.180651903152466
2.350735902786255
2.207658529281616
2.475358724594116
2.3541224002838135
2.5070905685424805
2.4464242458343506
2.200502634048462
2.4989054203033447
2.303356409072876
2.4269580841064453
2.2524187564849854
2.172971487045288
2.385654926300049
2.484468460083008
2.5603601932525635
2.1099905967712402
2.245281934738159
2.2200276851654053
2.0391077995300293
1.9821516275405884
1.938637137413025
1.951142430305481
2.2208802700042725
2.1849114894866943
1.9495197534561157
2.1384291648864746
2.082943916320801
1.853564977645874
2.0474696159362793
2.0483617782592773
2.348081350326538
2.5096395015716553
2.271055221557617
2.0067946910858154
2.304675817489624
2.3566713333129883
2.1797430515289307
1.9235464334487915
2.0660386085510254
2.094606399536133
2.0959322452545166
2.3600196838378906
2.1813571453094482
1.9109880924224854
2.476464033126831
2.130387544631958
1.9770556688308716
2.0682506561279297
2.295224189758301
2.4443178176879883
1.90664541721344
2.0558438301086426
2.1595876216888428
2.0047714710235596
1.9221031665802002
2.0143816471099854
2.089794635772705
1.8957804441452026
2.1580257415771484
1.9945305585861206
2.455068588256836
2.522108793258667
2.2911245822906494
1.6783225536346436
2.5686533451080322
2.0727360248565674
2.0962560176849365
2.072139024734497
2.176450729370117
2.113347291946411
2.3786511421203613
2.3412652015686035
2.6195309162139893
2.275766134262085
2.007521390914917
2.149714231491089
2.392422676086426
2.01894211769104
2.027377128601074
2.249410629272461
2.1459879875183105
1.977624535560608
2.395470380783081
2.3108131885528564
1.7862216234207153
2.3622844219207764
1.7703858613967896
2.553755760192871
2.123028516769409
1.795741319656372
2.291903495788574
2.0023927688598633
2.1305646896362305
2.288377046585083
1.6441384553909302
1.9660639762878418
2.2276248931884766
1.9372084140777588
2.050563097000122
1.9692528247833252
2.030285358428955
2.283691167831421
1.9276793003082275
1.8595094680786133
1.9450325965881348
2.3763465881347656
2.0239882469177246
1.881295919418335
1.8926526308059692
2.3521993160247803
2.289602518081665
2.2374348640441895
1.6753406524658203
2.1286020278930664
2.3047850131988525
1.7685714960098267
1.8007175922393799
2.210998058319092
1.936667799949646
2.0265612602233887
2.4679999351501465
1.830556869506836
1.6265169382095337
2.1746952533721924
2.0159859657287598
2.142263174057007
1.830881953239441
2.2480628490448
2.063776969909668
2.1366803646087646
2.3575563430786133
1.7689054012298584
2.2514071464538574
2.425412178039551
1.891287922859192
2.045389175415039
1.9782335758209229
1.8743572235107422
1.7026307582855225
1.7388359308242798
1.9376264810562134
1.9095914363861084
1.899878978729248
2.064671277999878
1.9996198415756226
1.9877872467041016
1.9778945446014404
2.0019960403442383
2.141033411026001
2.0493245124816895
1.7512840032577515
1.7336931228637695
1.9911837577819824
2.043933868408203
2.207672595977783
2.185757875442505
1.894010305404663
1.8916001319885254
1.9414806365966797
1.5573551654815674
2.4335737228393555
1.759517788887024
1.9768900871276855
2.0021183490753174
1.9348576068878174
2.1447198390960693
1.6329734325408936
2.092822313308716
1.921010971069336
2.132636070251465
2.083040475845337
1.989009141921997
1.7142024040222168
2.1411519050598145
2.152789831161499
2.2600595951080322
2.0368566513061523
2.3056397438049316
2.0069568157196045
2.025777578353882
1.8111463785171509
2.3145341873168945
2.141119956970215
1.748136281967163
1.7157905101776123
1.6629067659378052
2.0090243816375732
1.96636962890625
1.9233256578445435
2.0191102027893066
1.9691245555877686
1.980889916419983
1.815040946006775
2.008514642715454
1.8830870389938354
2.058149814605713
1.8557980060577393
1.4570497274398804
1.7368605136871338
2.0635809898376465
1.9605038166046143
1.7708384990692139
1.7883514165878296
1.7657560110092163
1.8520859479904175
1.8443007469177246
1.7190419435501099
2.0890188217163086
2.1104283332824707
1.86932373046875
2.1818246841430664
1.961217999458313
2.123257875442505
1.7327606678009033
1.854396104812622
1.6108899116516113
1.8586515188217163
2.148826837539673
1.635726809501648
1.9328060150146484
2.4134910106658936
1.8786451816558838
2.0923969745635986
1.499868392944336
1.723298192024231
2.0726511478424072
2.1195099353790283
1.751116156578064
1.8471462726593018
1.8346072435379028
1.6247363090515137
1.9648469686508179
1.8800863027572632
1.8013187646865845
1.569014549255371
2.010124444961548
1.7569140195846558
1.790590524673462
1.7265565395355225
2.100416421890259
2.2172722816467285
1.9340182542800903
1.789050817489624
2.0598983764648438
1.9283198118209839
2.0440971851348877
1.9403480291366577
1.6977832317352295
1.9957205057144165
1.7086725234985352
1.5413163900375366
1.562750220298767
1.8246837854385376
1.6858551502227783
1.9738482236862183
1.8631408214569092
1.4885121583938599
1.7530899047851562
2.3509960174560547
1.8386638164520264
1.8865830898284912
1.7414754629135132
1.8152906894683838
1.9299347400665283
2.2449445724487305
1.6442092657089233
1.7577875852584839
2.237828254699707
1.7295491695404053
1.8144363164901733
1.6629223823547363
1.8921256065368652
1.7665351629257202
1.8310142755508423
1.7698191404342651
1.482913851737976
1.8844243288040161
1.8378455638885498
1.5800144672393799
1.554748296737671
1.6620110273361206
1.5537186861038208
1.86514413356781
1.7882894277572632
1.5908663272857666
2.0341849327087402
1.7409358024597168
1.7368825674057007
1.5338400602340698
1.8416392803192139
1.959781289100647
2.2270560264587402
1.9108574390411377
2.2203316688537598
1.8559285402297974
1.9100337028503418
1.9901052713394165
1.9596163034439087
2.070591926574707
1.761743426322937
1.8607885837554932
1.8547037839889526
1.7853038311004639
1.696734070777893
1.9691096544265747
1.6868174076080322
1.7656463384628296
1.6303730010986328
1.6810040473937988
1.9464540481567383
1.665818214416504
1.764641284942627
2.1629209518432617
1.4592686891555786
1.6408778429031372
1.9273563623428345
1.642783522605896
1.8659943342208862
1.4795615673065186
1.6194517612457275
1.9073748588562012
1.9017620086669922
1.828975796699524
1.708435297012329
1.8136769533157349
2.0382368564605713
1.6404591798782349
1.3441108465194702
1.4878056049346924
1.635046362876892
1.775766372680664
1.8116648197174072
1.5665616989135742
1.9574322700500488
1.8784314393997192
2.5431621074676514
1.805801272392273
1.687209963798523
1.4248788356781006
1.814347743988037
2.026153564453125
1.603486180305481
1.7831147909164429
1.9037343263626099
1.7472633123397827
1.5880045890808105
1.603927731513977
1.6110745668411255
1.9261797666549683
1.6633057594299316
1.874329686164856
1.6904921531677246
1.5383528470993042
1.9923995733261108
1.8750957250595093
1.6935632228851318
1.812919020652771
1.3705533742904663
2.092188596725464
1.8752466440200806
2.003988742828369
1.8200416564941406
2.1160225868225098
1.3868927955627441
2.2099192142486572
1.7903625965118408
1.7879215478897095
1.6521549224853516
1.8069709539413452
1.5128470659255981
1.914493441581726
1.5185165405273438
1.8211636543273926
1.868992805480957
1.4468966722488403
1.5581897497177124
1.4954445362091064
1.6482672691345215
1.774227499961853
1.5437463521957397
1.8290517330169678
1.7496991157531738
1.7562710046768188
1.5843576192855835
1.8024652004241943
1.8599625825881958
1.9032922983169556
1.6615220308303833
1.9628520011901855
1.414620280265808
1.398058295249939
1.5059728622436523
1.892465353012085
1.6370396614074707
1.9982692003250122
1.6551976203918457
1.8111623525619507
1.7910255193710327
1.3878358602523804
1.8758456707000732
1.9910944700241089
1.6563267707824707
1.6155492067337036
1.6292130947113037
1.6154307126998901
1.7457252740859985
1.5903586149215698
1.7050068378448486
1.9565531015396118
1.4986541271209717
1.9962962865829468
2.0420846939086914
1.915280818939209
1.5355209112167358
1.7721054553985596
1.6398321390151978
1.58847177028656
1.8173198699951172
1.7466920614242554
1.4778831005096436
1.5590476989746094
1.6293262243270874
1.7485629320144653
1.5566260814666748
1.4688156843185425
1.5632747411727905
1.271694540977478
1.6187957525253296
1.879982829093933
1.579484224319458
1.6937276124954224
1.8482204675674438
1.4414076805114746
1.793452262878418
1.813444972038269
1.5739749670028687
1.7266136407852173
1.7383538484573364
1.6599645614624023
1.7998133897781372
1.9932438135147095
1.6827317476272583
1.4914220571517944
1.5508795976638794
1.6766598224639893
1.4911441802978516
1.8152968883514404
1.9149813652038574
1.4941935539245605
1.6890610456466675
1.5413795709609985
1.3896514177322388
1.4449152946472168
1.3235069513320923
1.4139633178710938
1.5348608493804932
1.5746276378631592
1.615548014640808
1.4637246131896973
1.761850357055664
1.7541626691818237
1.4781851768493652
1.5104433298110962
1.8072997331619263
1.4957717657089233
1.757270097732544
1.4768964052200317
1.4495121240615845
2.0768563747406006
1.7990068197250366
1.7028840780258179
1.9735698699951172
1.577868103981018
1.2361843585968018
1.7147791385650635
1.6550936698913574
1.8410907983779907
1.6799262762069702
1.3478425741195679
1.6073490381240845
1.6723092794418335
1.1120398044586182
1.3154243230819702
1.866529107093811
1.7182607650756836
1.3404085636138916
1.450517177581787
1.589162826538086
1.2762573957443237
1.4055628776550293
1.4673594236373901
1.520142912864685
1.8832322359085083
1.5331461429595947
1.5596455335617065
1.9224196672439575
1.862580418586731
1.7122222185134888
1.4551002979278564
1.6879132986068726
1.4559926986694336
1.7072131633758545
1.345050573348999
1.5274478197097778
1.4984831809997559
1.5148576498031616
1.5113791227340698
1.5183907747268677
1.4522243738174438
1.3326373100280762
1.7264431715011597
1.5837842226028442
1.3266470432281494
1.8780323266983032
1.6043505668640137
1.262764573097229
1.5789458751678467
1.7033851146697998
1.7189483642578125
1.5036020278930664
1.3704774379730225
1.7748734951019287
1.9058152437210083
1.4499163627624512
1.4127131700515747
1.5233194828033447
1.3763095140457153
1.601994276046753
1.5090913772583008
1.0294866561889648
1.7571049928665161
1.5515241622924805
1.5028047561645508
1.402132272720337
1.3183305263519287
1.6593860387802124
1.1742383241653442
1.3184603452682495
1.6746511459350586
1.7468737363815308
1.5675628185272217
1.5711159706115723
1.3086645603179932
1.16736900806427
1.5892106294631958
1.2613087892532349
1.2831300497055054
1.6141598224639893
1.5858790874481201
1.3628376722335815
1.417317509651184
1.7395700216293335
1.1539028882980347
1.9946073293685913
1.1342427730560303
1.5272084474563599
1.3669843673706055
1.0373620986938477
1.5378371477127075
1.4958535432815552
1.4952247142791748
1.8408863544464111
1.2487037181854248
1.3357278108596802
1.4602621793746948
1.5485174655914307
1.7054691314697266
1.5018960237503052
1.3469817638397217
1.7866811752319336
1.2879364490509033
1.379352331161499
1.4264647960662842
1.309885025024414
1.677536964416504
1.5000602006912231
1.6024878025054932
1.4313969612121582
1.3434152603149414
1.4815186262130737
1.3698692321777344
1.7308001518249512
1.2072113752365112
1.2145192623138428
1.5482289791107178
1.2949306964874268
1.469387412071228
1.2245914936065674
1.045662522315979
1.7001653909683228
1.1767550706863403
2.0997164249420166
1.517655372619629
1.4463927745819092
1.1245471239089966
1.4969053268432617
1.2548716068267822
1.5408180952072144
1.446370244026184
1.3178033828735352
1.3326865434646606
1.8298075199127197
1.3769997358322144
1.163432002067566
1.448127031326294
1.2477153539657593
1.262539029121399
1.3407692909240723
1.2904242277145386
1.8078678846359253
1.2557133436203003
1.6226004362106323
1.2877724170684814
1.3533717393875122
1.4237140417099
1.559988021850586
1.1624454259872437
1.3227287530899048
1.4020081758499146
1.399079442024231
1.3844276666641235
1.2640637159347534
1.6278772354125977
1.1358842849731445
1.8248234987258911
1.7489635944366455
1.659724473953247
1.2369911670684814
1.322229266166687
1.2624174356460571
1.1679705381393433
1.5237858295440674
1.2915619611740112
1.2328087091445923
1.9197685718536377
1.6937490701675415
1.4828871488571167
1.446633219718933
1.3755624294281006
1.3541268110275269
1.3503645658493042
1.6129895448684692
1.2638484239578247
1.39551842212677
1.535077691078186
1.2766727209091187
1.385378360748291
1.1852351427078247
1.4435350894927979
1.3576639890670776
1.640031099319458
1.298559308052063
1.5409404039382935
1.4478102922439575
1.1632035970687866
1.0526808500289917
1.1869232654571533
1.1476154327392578
1.5431394577026367
1.414840579032898
1.3067867755889893
1.4528981447219849
1.3015446662902832
1.333041787147522
1.0347117185592651
1.593267798423767
1.2872960567474365
1.3598006963729858
1.0838615894317627
1.3709887266159058
1.3498599529266357
1.0349006652832031
0.9061319828033447
1.1319639682769775
1.2929965257644653
1.2224321365356445
1.2340515851974487
1.6297893524169922
1.4260516166687012
1.3422842025756836
1.4538449048995972
1.6196675300598145
1.151155710220337
1.1606662273406982
1.2601310014724731
1.2677130699157715
1.2213807106018066
1.4144192934036255
1.4391329288482666
1.4487110376358032
1.1487793922424316
1.0292325019836426
1.2171404361724854
1.1675723791122437
1.1895517110824585
1.2792872190475464
1.1430439949035645
1.0178569555282593
1.3392133712768555
1.3257070779800415
1.1865427494049072
1.4092179536819458
1.1862857341766357
0.9913977384567261
1.169015645980835
1.1336350440979004
1.3317058086395264
1.4857540130615234
1.1504169702529907
1.0264439582824707
1.287171483039856
0.9725834131240845
1.1476504802703857
0.9605293869972229
1.1335331201553345
1.0173139572143555
1.4041922092437744
1.3524876832962036
1.1899819374084473
1.42655611038208
1.29038405418396
1.1972907781600952
1.1454359292984009
1.3382341861724854
1.3534541130065918
1.1755914688110352
1.0289705991744995
1.2783701419830322
1.05194091796875
1.1692349910736084
1.283596396446228
1.0195972919464111
1.189702033996582
1.2563363313674927
0.988606870174408
1.277488112449646
1.270196795463562
1.3540292978286743
1.1793861389160156
1.1226246356964111
1.2903714179992676
1.2908141613006592
0.9914764761924744
1.4568233489990234
1.0677350759506226
1.1285303831100464
1.109162449836731
1.0748835802078247
1.185897707939148
1.1393425464630127
1.2313822507858276
1.302988886833191
1.1110371351242065
1.0123168230056763
1.025708794593811
1.2793210744857788
1.479468584060669
1.0700137615203857
1.692506194114685
1.0084058046340942
1.0372087955474854
1.2071352005004883
1.077267050743103
1.176121711730957
1.1430306434631348
1.6621992588043213
1.0782794952392578
1.2835842370986938
1.0455232858657837
1.3311206102371216
1.4133939743041992
1.1482820510864258
1.3223876953125
1.3054949045181274
1.1635448932647705
1.223694920539856
0.8636780381202698
1.4447908401489258
1.1500827074050903
1.2560174465179443
0.8561506271362305
1.3405086994171143
0.957640528678894
1.2205864191055298
1.2283716201782227
1.5669734477996826
1.037406325340271
1.2027076482772827
1.1777410507202148
1.162988305091858
1.0506497621536255
1.3222770690917969
1.051201343536377
1.1936510801315308
1.048973798751831
1.020270586013794
1.2290377616882324
0.9860948324203491
1.2495110034942627
1.0767145156860352
1.5808932781219482
1.1911836862564087
0.9791960120201111
1.0920881032943726
1.1795939207077026
1.241882085800171
1.3077000379562378
0.9495304822921753
1.0923277139663696
1.2240393161773682
1.3667595386505127
1.2804310321807861
1.5203125476837158
1.0510677099227905
1.5220693349838257
1.3582494258880615
1.1633983850479126
1.1118865013122559
0.8018448948860168
1.0447595119476318
1.237784743309021
1.2624305486679077
1.2553213834762573
1.0025337934494019
1.1186132431030273
1.2913527488708496
1.3101613521575928
1.0825880765914917
1.2242335081100464
1.2789579629898071
1.166156530380249
1.3032166957855225
1.1920719146728516
1.3274110555648804
1.1129688024520874
0.8222423791885376
0.8540554046630859
0.8358511328697205
1.2193043231964111
1.0202391147613525
1.0290827751159668
1.188268780708313
0.8951128125190735
0.9660285711288452
1.0942877531051636
1.2570264339447021
1.4998722076416016
0.874269962310791
1.1766319274902344
1.272747278213501
1.0827564001083374
1.1924872398376465
1.3740054368972778
1.3064485788345337
0.9820355772972107
1.0560637712478638
0.9875408411026001
0.9947746396064758
1.1474944353103638
0.9201761484146118
0.9522295594215393
1.3369691371917725
1.4054969549179077
0.8518134355545044
1.2424964904785156
1.278456211090088
1.1166247129440308
1.171558141708374
1.0681393146514893
0.9584868550300598
0.8969826102256775
0.6742050647735596
1.0068542957305908
0.8090002536773682
1.0801513195037842
1.1809194087982178
0.9499663710594177
0.9210401177406311
1.3886784315109253
1.3954918384552002
0.9959132671356201
0.9482894539833069
0.8257967233657837
1.047438621520996
0.868410050868988
0.9419459700584412
1.0781285762786865
0.7890950441360474
1.0945888757705688
1.023362398147583
1.2972649335861206
1.0286903381347656
1.144153118133545
0.9204251170158386
1.1858021020889282
1.032989501953125
1.115060567855835
0.9122684001922607
1.217751383781433
0.8557409644126892
0.8221655488014221
1.0776562690734863
1.1343073844909668
1.2863755226135254
1.033128023147583
1.0235216617584229
1.2055745124816895
1.1346412897109985
0.7701500058174133
1.1501545906066895
0.8173049688339233
1.4288214445114136
1.3589915037155151
1.0648571252822876
0.9211060404777527
1.0857950448989868
0.9381073117256165
0.9167559742927551
0.854028582572937
1.1825226545333862
0.8720454573631287
1.0713903903961182
1.1090857982635498
1.0180212259292603
0.8114446997642517
1.2352148294448853
1.0331765413284302
0.8776259422302246
1.1846123933792114
0.9260838627815247
1.0326482057571411
0.7553870677947998
0.9301730990409851
0.9565383791923523
0.9099370837211609
1.2042326927185059
0.943276584148407
1.168225646018982
0.9724246859550476
0.95686274766922
1.217519760131836
1.0121318101882935
0.7651790380477905
1.0140410661697388
1.1864134073257446
0.6942380666732788
0.8970581293106079
0.9843721389770508
0.8256655335426331
1.1647453308105469
1.080490231513977
1.53370201587677
0.9768591523170471
0.9777417182922363
1.072339415550232
0.932750403881073
0.8362053632736206
1.1849323511123657
0.9170780181884766
0.8922821283340454
0.8916499614715576
0.9908791184425354
1.0592265129089355
1.067699909210205
1.0199605226516724
1.0044105052947998
0.9108874797821045
1.298102855682373
1.0391757488250732
1.1545884609222412
0.9975107312202454
1.027982234954834
1.2633695602416992
0.941493570804596
0.8492165803909302
1.011076807975769
0.8273998498916626
0.8954625129699707
1.1519219875335693
0.9324944019317627
1.0944148302078247
1.5405893325805664
0.9505311846733093
1.2796804904937744
1.1799615621566772
0.770382285118103
1.1328973770141602
0.958360493183136
1.1304707527160645
0.8616827130317688
0.83861243724823
1.0049324035644531
0.8204138875007629
0.8361064791679382
0.961572527885437
0.9541006684303284
0.7272846698760986
1.1348881721496582
1.0809839963912964
1.1195931434631348
1.1273236274719238
0.993211567401886
0.8200687170028687
0.854831874370575
1.5118305683135986
0.8796412944793701
1.0412958860397339
1.1788074970245361
1.0092686414718628
1.0884172916412354
1.0496023893356323
0.8944556713104248
0.8173220753669739
1.0281270742416382
1.1206189393997192
0.8390423655509949
0.8609482645988464
0.9318326711654663
0.9153186678886414
0.9849420785903931
1.176020622253418
0.8900408148765564
1.132002353668213
1.0378212928771973
0.7309229373931885
0.9315700531005859
0.8250980377197266
0.7527592778205872
0.8763440847396851
0.8617411851882935
0.8848382234573364
0.8501648902893066
1.0467615127563477
0.9606187343597412
0.8519237041473389
0.9405112266540527
0.8268985748291016
0.8891232013702393
0.827203094959259
1.1203055381774902
0.9400032758712769
0.9057479500770569
0.6345082521438599
0.9683098196983337
0.8913671374320984
0.9621371626853943
0.9432220458984375
0.8971896171569824
0.812735915184021
0.7587147951126099
0.994957447052002
1.1258983612060547
1.3428263664245605
0.8330896496772766
0.7590712904930115
1.081233024597168
0.719759464263916
0.9799988269805908
1.1103843450546265
0.7511035203933716
0.8033509850502014
1.1153218746185303
0.9998941421508789
0.9982237219810486
0.47850796580314636
0.7595509886741638
0.8459970355033875
1.1713567972183228
0.8868566155433655
0.6748495101928711
0.6789650917053223
0.9700695872306824
0.8377555012702942
0.9073511958122253
0.8135619163513184
0.9319220185279846
1.2528825998306274
0.9232001900672913
1.0217515230178833
1.0810527801513672
0.9470753073692322
0.6391140818595886
0.9972533583641052
0.733937680721283
0.7513540983200073
1.0446969270706177
0.5703697800636292
0.906827449798584
1.0913190841674805
1.0298317670822144
0.8490502834320068
0.5252847075462341
1.0779922008514404
0.7952422499656677
0.5535105466842651
0.6678743362426758
0.6942675113677979
1.2049480676651
0.7525573372840881
0.9329968094825745
0.9191645383834839
0.8021078109741211
0.7477729916572571
0.7207233309745789
0.771001398563385
1.0412976741790771
0.9426080584526062
0.5638013482093811
1.081723928451538
0.6360291838645935
0.679097592830658
0.6438026428222656
0.9943999648094177
0.8549265265464783
1.1986639499664307
0.823352575302124
0.8602986335754395
1.033400297164917
0.6612953543663025
1.0153199434280396
0.7936317324638367
0.6292073130607605
0.5308853983879089
0.6219112873077393
0.8101710081100464
0.9480913281440735
0.8056653141975403
0.7892037034034729
0.8789573311805725
0.9395620226860046
1.0993613004684448
1.0263280868530273
1.0528637170791626
0.9493130445480347
0.8006527423858643
0.7196848392486572
0.7449328303337097
0.7582494020462036
0.7951804399490356
0.7365667223930359
0.6333920359611511
0.9326525926589966
0.7557672262191772
0.6679284572601318
0.75222247838974
0.5300670266151428
0.6892872452735901
0.7696858644485474
0.7435221076011658
0.7708088755607605
1.1947076320648193
1.0004204511642456
0.8920987248420715
0.5523431897163391
0.5759803056716919
0.8423075079917908
1.0899370908737183
0.724386990070343
0.5677298903465271
0.8687766194343567
0.8227424025535583
0.7385938167572021
0.8792358040809631
0.4863550662994385
0.79886394739151
1.0008430480957031
0.940821647644043
0.7192631363868713
0.6822519302368164
0.7540053129196167
0.9434546828269958
0.811310350894928
0.646372377872467
1.0318931341171265
0.9437699317932129
0.8451356887817383
0.8630625009536743
0.8326089978218079
0.6115068197250366
0.6494926810264587
0.5629231929779053
0.8834983706474304
0.8157955408096313
0.8081365823745728
0.9501893520355225
0.7334656119346619
0.9147484302520752
1.0974754095077515
0.8192440867424011
0.595960795879364
1.0224989652633667
0.8815982937812805
0.8505706191062927
0.6363797783851624
0.8589261770248413
0.6524657011032104
0.6346401572227478
0.8516215085983276
0.9330143332481384
0.7895233035087585
1.132551908493042
0.6620752811431885
1.0507460832595825
0.6027355194091797
0.7997141480445862
1.0468323230743408
0.8363683223724365
0.8278048634529114
0.948623776435852
0.670114278793335
0.6660816669464111
0.8952076435089111
0.6894400119781494
0.7836225628852844
0.523686945438385
0.5804254412651062
0.8901503086090088
0.6346998810768127
0.552148163318634
0.7449114322662354
0.9709661602973938
0.9460168480873108
0.9658488631248474
0.6475717425346375
0.780449628829956
0.6302191615104675
0.8534668684005737
0.7376856803894043
0.45492738485336304
0.8052331209182739
0.7145447731018066
0.6170153021812439
0.6511190533638
0.5267847180366516
0.910799503326416
0.5819353461265564
0.646586537361145
0.7173476815223694
0.7177836298942566
0.961184024810791
0.6609970927238464
0.7335666418075562
0.669857919216156
0.9054297208786011
0.7195990681648254
0.7924839854240417
0.6459047198295593
0.5906095504760742
0.7482690215110779
0.4843384921550751
0.9054829478263855
0.8267068266868591
0.743152379989624
1.0153276920318604
0.5567637085914612
0.7298080325126648
