4.59787654876709
4.478632926940918
4.475998878479004
4.471986770629883
4.457437992095947
4.574962615966797
4.428494453430176
4.47855806350708
4.444666385650635
4.335836887359619
4.476161479949951
4.395346641540527
4.518720626831055
4.523950576782227
4.432086944580078
4.36768913269043
4.335899353027344
4.38613224029541
4.41409158706665
4.2768754959106445
4.3676886558532715
4.4834885597229
4.536338806152344
4.415329456329346
4.415218830108643
4.236708641052246
4.3383331298828125
4.297104358673096
4.52954626083374
4.295397758483887
4.471817493438721
4.304416656494141
4.297610282897949
4.257504463195801
4.33578634262085
4.326206684112549
4.343141078948975
4.388092994689941
4.265528678894043
4.43145751953125
4.382566928863525
4.3284220695495605
4.3993964195251465
4.27392578125
4.233999252319336
4.1746506690979
4.470563888549805
4.518402576446533
4.284510135650635
4.294017791748047
4.290181636810303
4.356160640716553
4.226018905639648
4.156487464904785
4.117009162902832
4.379751205444336
4.227618217468262
4.17062520980835
4.178897380828857
4.289429187774658
4.269640922546387
4.195571422576904
4.216106414794922
4.055220603942871
4.06174898147583
4.251801013946533
4.261671543121338
4.280105113983154
4.105682373046875
4.1202392578125
4.392962455749512
4.194940567016602
4.114630222320557
4.170065879821777
4.153088092803955
4.169964790344238
4.02393102645874
4.013833045959473
4.004084587097168
4.053658485412598
4.07100248336792
4.020074844360352
3.9644486904144287
4.0761613845825195
4.042015075683594
4.020803451538086
3.9227237701416016
3.952014207839966
4.1816487312316895
4.105920314788818
4.135724067687988
4.1156697273254395
3.921825885772705
4.178150177001953
4.05096960067749
3.8178505897521973
4.068952560424805
4.078206539154053
3.9737048149108887
4.076608180999756
4.148468017578125
3.813251256942749
3.8861844539642334
4.2502760887146
4.0026774406433105
3.921816825866699
3.9629204273223877
4.176602840423584
3.8684937953948975
3.965242624282837
3.9452102184295654
3.84100079536438
3.782069444656372
3.8396739959716797
3.898618459701538
3.751784324645996
3.5878138542175293
3.988635301589966
3.893068790435791
3.910383701324463
3.9408161640167236
3.606354236602783
3.806680679321289
3.7447242736816406
3.9643352031707764
3.7142558097839355
3.857579231262207
3.808258295059204
3.691760540008545
3.9014432430267334
3.8132736682891846
3.8625473976135254
3.9858314990997314
3.821690082550049
3.7180776596069336
3.7960803508758545
3.956364154815674
3.7085907459259033
3.919766426086426
4.144222259521484
3.7500245571136475
3.870044708251953
3.831897497177124
3.7235076427459717
3.5720303058624268
3.837561845779419
3.950307846069336
3.7781269550323486
3.8487017154693604
3.6277003288269043
3.99989652633667
3.850529909133911
3.6970436573028564
3.7967896461486816
3.740980863571167
3.9127092361450195
3.862748384475708
3.786425828933716
3.9073753356933594
3.5019869804382324
3.9389774799346924
3.9000041484832764
3.961089611053467
3.674816131591797
3.5164554119110107
3.8389687538146973
3.876511812210083
3.5261714458465576
3.5608460903167725
3.8907618522644043
3.8148679733276367
3.6033992767333984
3.719094753265381
4.000168323516846
4.045855522155762
3.84903621673584
3.3617727756500244
3.7804150581359863
3.840109348297119
3.80008602142334
3.8193726539611816
3.691234588623047
3.9325380325317383
3.2736287117004395
3.672771692276001
3.5091159343719482
3.575331449508667
3.824704885482788
3.651238203048706
3.4266183376312256
3.9425883293151855
3.4284861087799072
3.5829570293426514
3.586688995361328
3.724001169204712
3.514256477355957
3.2589423656463623
3.6214118003845215
3.790678024291992
3.6628966331481934
3.8375728130340576
3.6514787673950195
3.2981083393096924
3.7623469829559326
3.4781744480133057
3.4892373085021973
3.317528009414673
3.524441719055176
3.644012689590454
3.1319212913513184
3.529834270477295
3.691042900085449
3.401919364929199
3.4355978965759277
3.523806095123291
3.7588658332824707
3.5866539478302
3.52651309967041
3.4801082611083984
3.4348387718200684
3.7989773750305176
3.44315242767334
3.4239280223846436
3.4974210262298584
3.523980140686035
3.8237833976745605
3.43328595161438
3.9169540405273438
3.4969913959503174
3.6486754417419434
3.621607542037964
3.2677602767944336
3.413158655166626
3.468985080718994
3.387629985809326
3.5061774253845215
3.3248469829559326
3.2629590034484863
3.1739776134490967
3.355867862701416
3.473637104034424
3.3177309036254883
3.271773099899292
3.4740071296691895
3.421138048171997
3.4044244289398193
3.48905873298645
3.5459227561950684
3.060079574584961
3.2546215057373047
3.6743099689483643
3.403243064880371
3.1427512168884277
3.535839319229126
3.468111276626587
3.335805654525757
3.5046210289001465
3.5762856006622314
3.5659520626068115
3.5203888416290283
3.283587694168091
3.253420114517212
3.3184258937835693
3.397313356399536
3.632625102996826
3.561237335205078
3.258173942565918
3.2961175441741943
3.394406318664551
3.424241065979004
3.426565408706665
3.1086792945861816
3.5484211444854736
3.2714650630950928
3.026648759841919
3.479440689086914
3.3473849296569824
3.610863208770752
3.235513925552368
3.1467058658599854
3.53271484375
3.305147647857666
3.8202664852142334
3.203169345855713
3.0785536766052246
3.3419578075408936
3.4154305458068848
3.332982063293457
3.310600996017456
3.0652103424072266
3.334195852279663
3.4170563220977783
3.220099449157715
3.495920181274414
3.2171192169189453
3.054757595062256
2.9678244590759277
3.144083261489868
3.5193889141082764
3.560434103012085
3.1947426795959473
3.2660162448883057
3.471137285232544
3.2308297157287598
3.305751323699951
3.3148210048675537
3.087031602859497
3.252624034881592
3.534348726272583
2.853071689605713
3.1222472190856934
3.1421306133270264
3.4629814624786377
3.445453643798828
3.0078649520874023
3.291637659072876
3.033724308013916
2.978938341140747
2.9725382328033447
2.9511282444000244
2.8717122077941895
3.131260633468628
2.92764949798584
3.1052515506744385
3.3836700916290283
2.876008987426758
3.2784910202026367
3.057504892349243
3.4232962131500244
3.2471821308135986
3.2680001258850098
2.794217586517334
3.035971164703369
2.967836618423462
3.1582469940185547
3.1515915393829346
3.3435962200164795
2.7855873107910156
3.150599241256714
3.1180460453033447
3.259366750717163
3.15812349319458
3.113837480545044
3.243784189224243
2.8182506561279297
3.039224147796631
3.3626255989074707
3.0916364192962646
3.0469415187835693
2.895829677581787
3.281214714050293
3.0931129455566406
2.908660888671875
2.806187868118286
2.9114058017730713
2.876554012298584
3.413588285446167
2.7276220321655273
3.0828187465667725
2.8475635051727295
2.9006102085113525
3.218069314956665
3.228283405303955
3.0344276428222656
2.7782137393951416
3.097029209136963
3.300384521484375
3.094740390777588
3.18800687789917
3.0594358444213867
2.896655321121216
2.9628145694732666
2.8295791149139404
2.916180372238159
2.983553409576416
2.985297679901123
2.8666188716888428
3.3161115646362305
3.115980386734009
2.7593419551849365
3.0895674228668213
2.9005980491638184
3.309037446975708
3.073348045349121
3.2210381031036377
3.2535512447357178
3.3169169425964355
3.156567335128784
3.0960636138916016
3.185899496078491
2.8460066318511963
2.7526400089263916
3.023514747619629
3.331990957260132
2.734689712524414
2.835252285003662
2.7508866786956787
3.2395877838134766
3.024848461151123
2.754920244216919
3.3755507469177246
3.2364323139190674
3.013353109359741
2.6145591735839844
2.6892669200897217
3.0114266872406006
3.051614761352539
3.084808588027954
2.9881222248077393
2.7395575046539307
2.529261350631714
3.5370242595672607
2.455333709716797
2.9143848419189453
3.0502560138702393
3.139481544494629
2.5880908966064453
3.048628330230713
2.5634734630584717
2.989694833755493
3.2540175914764404
2.8191030025482178
2.802748680114746
2.746198892593384
2.724747896194458
2.7444920539855957
2.7371859550476074
2.7748537063598633
2.8714635372161865
3.0399093627929688
2.921050786972046
2.861997127532959
2.7290403842926025
2.891756534576416
2.73518967628479
3.1456949710845947
2.833867073059082
3.192824602127075
2.815931558609009
2.5830271244049072
2.963984966278076
2.6596710681915283
2.9871768951416016
3.07063627243042
2.786489486694336
3.0934484004974365
3.094336986541748
3.1450703144073486
2.9079740047454834
2.826685905456543
2.802380323410034
2.6834709644317627
2.749051094055176
2.8804636001586914
2.805849552154541
3.020559549331665
2.9412050247192383
2.9182674884796143
2.9883036613464355
2.898763656616211
2.6399967670440674
2.8143022060394287
2.9304909706115723
2.6277964115142822
2.646404981613159
2.8352880477905273
2.7584142684936523
2.963331937789917
2.62227725982666
2.9010910987854004
2.987826347351074
2.705044984817505
2.648254632949829
2.9167582988739014
2.6511454582214355
3.2055001258850098
3.3357841968536377
2.7898247241973877
2.9351820945739746
2.5794644355773926
2.850245475769043
2.489914655685425
2.878000497817993
2.5859808921813965
2.653665065765381
2.408601999282837
2.6960461139678955
2.8592612743377686
2.818118095397949
2.4981703758239746
2.5258684158325195
2.622994899749756
2.8143231868743896
2.5237762928009033
2.6539182662963867
2.7593610286712646
2.6708528995513916
2.6672308444976807
2.9384264945983887
2.8838510513305664
2.7602691650390625
2.897963285446167
2.794560432434082
2.5907044410705566
2.5234384536743164
3.1133360862731934
2.555751323699951
2.8113772869110107
2.785797119140625
2.7457494735717773
2.6814844608306885
2.7273268699645996
2.8797032833099365
2.573913812637329
3.1174819469451904
2.987377643585205
2.9326770305633545
2.629124879837036
2.7495956420898438
2.7346603870391846
2.914525032043457
2.737089157104492
2.4823825359344482
2.4643969535827637
2.5549933910369873
2.790778875350952
2.4469120502471924
2.470604181289673
2.996073007583618
2.68953537940979
2.884289503097534
2.6887898445129395
2.5697531700134277
2.4508557319641113
2.739556074142456
2.844951629638672
2.8582425117492676
2.488609552383423
2.7539427280426025
2.439906597137451
2.6027209758758545
2.286045551300049
3.0866963863372803
2.812227487564087
2.799102783203125
2.3098902702331543
2.7501633167266846
2.3056416511535645
2.4533188343048096
2.8621768951416016
2.412965774536133
2.9031336307525635
2.6157827377319336
3.003416061401367
2.7544400691986084
2.7766542434692383
2.620365619659424
2.8582444190979004
2.576707601547241
2.5350663661956787
2.7767984867095947
2.7076210975646973
2.853687047958374
2.729773998260498
2.393047332763672
2.2334375381469727
2.55961537361145
2.6095759868621826
2.9310734272003174
2.6211800575256348
2.2572197914123535
2.435025691986084
2.9004719257354736
2.8648998737335205
2.6152498722076416
2.8790712356567383
2.5136547088623047
2.6203773021698
2.5624656677246094
2.6925673484802246
2.6466622352600098
2.5355567932128906
2.3688108921051025
2.6430444717407227
2.781404972076416
2.7717859745025635
2.3853914737701416
2.494018793106079
2.414992332458496
2.533527374267578
2.6468968391418457
2.7719154357910156
2.5685195922851562
2.870425224304199
2.2892508506774902
2.441171169281006
2.5828869342803955
2.325655698776245
2.7688310146331787
2.6544995307922363
2.5901248455047607
2.710972309112549
2.441429853439331
2.4779462814331055
2.3535099029541016
2.356837511062622
2.3952555656433105
2.543081045150757
2.1675615310668945
2.6742327213287354
2.5921106338500977
2.959766387939453
2.350754737854004
3.1235251426696777
2.404956340789795
2.5342562198638916
2.639270067214966
2.1344363689422607
2.46146821975708
2.491731643676758
2.8287534713745117
2.3872315883636475
2.561041831970215
2.375298023223877
2.5281786918640137
2.7768592834472656
2.4716286659240723
2.098580837249756
2.3304619789123535
2.689275026321411
2.187326192855835
2.8388924598693848
2.394188404083252
2.5351874828338623
2.4376096725463867
2.3338711261749268
2.5153450965881348
2.566098928451538
2.263810873031616
2.373760938644409
2.3352718353271484
2.5547399520874023
2.74092960357666
2.524305582046509
2.355703830718994
2.5497751235961914
2.2519495487213135
2.2425143718719482
2.79484224319458
2.3806586265563965
2.1757304668426514
2.3227765560150146
2.351231098175049
2.224592447280884
2.357675790786743
2.3299145698547363
2.420423984527588
2.388774871826172
2.236586332321167
2.275510549545288
2.3184454441070557
2.6127772331237793
3.012395143508911
2.4389846324920654
2.4730186462402344
2.2121808528900146
2.1767425537109375
2.4890031814575195
2.284778356552124
2.2735025882720947
2.746614694595337
2.4234817028045654
2.2007830142974854
2.2071828842163086
2.3887698650360107
2.307485580444336
2.374213695526123
2.416806221008301
2.1021053791046143
2.6794466972351074
2.5223333835601807
2.508373737335205
2.615431070327759
2.07970929145813
2.5023090839385986
2.528209686279297
2.551734685897827
2.9692788124084473
2.64143967628479
2.1240389347076416
2.046220064163208
2.430370569229126
2.0498714447021484
2.430201530456543
2.5700438022613525
2.827730655670166
2.505498170852661
2.571044921875
2.276695966720581
2.4610400199890137
2.622119665145874
2.345296859741211
2.027092218399048
2.181910514831543
2.297224760055542
2.565369129180908
1.906293511390686
2.190206289291382
2.403562545776367
2.3551628589630127
2.371903896331787
2.215609312057495
2.315701961517334
2.262956142425537
1.9483070373535156
2.347076654434204
2.4285850524902344
2.4664359092712402
2.3807003498077393
2.4090065956115723
2.61972975730896
2.5485968589782715
2.46950626373291
2.3268346786499023
2.5777366161346436
2.53938889503479
2.313286781311035
2.29142689704895
1.9124301671981812
1.940141201019287
2.2794437408447266
2.497770071029663
2.2661852836608887
2.2498538494110107
2.394231081008911
2.5711357593536377
2.619579792022705
2.2537424564361572
2.5483670234680176
2.1135365962982178
2.279728651046753
2.353405475616455
2.1658079624176025
2.0511739253997803
2.301938772201538
2.1679186820983887
2.4599077701568604
1.977599024772644
2.1645936965942383
2.398336887359619
2.001227855682373
2.093714475631714
1.8066905736923218
2.1501433849334717
2.37390398979187
1.9520083665847778
2.2668616771698
2.1903200149536133
2.3446505069732666
1.9301015138626099
2.2958483695983887
1.830697774887085
2.294999599456787
2.052645206451416
2.015115976333618
1.8546533584594727
2.040823221206665
2.2590954303741455
1.9536994695663452
2.425077199935913
2.329028606414795
2.4204797744750977
2.1036088466644287
2.2172083854675293
2.215061902999878
1.9220315217971802
2.0057199001312256
2.0477488040924072
2.492079019546509
2.181671619415283
2.1957976818084717
1.8583790063858032
2.167388439178467
2.205106258392334
2.1403470039367676
2.3376522064208984
2.436789035797119
2.011775493621826
2.0966451168060303
2.9199776649475098
2.385043144226074
2.34810471534729
2.2420079708099365
1.9813225269317627
2.292118787765503
2.3753256797790527
2.3462584018707275
2.4773499965667725
2.0397143363952637
2.086061477661133
2.0886242389678955
1.775746464729309
2.006671190261841
2.147110939025879
2.0017495155334473
1.5461704730987549
2.042327404022217
2.4113025665283203
1.9639744758605957
2.2445719242095947
2.380851984024048
2.193726062774658
2.3242454528808594
2.3102004528045654
2.280548572540283
2.1965506076812744
1.8538968563079834
2.108962059020996
1.9840058088302612
2.096284866333008
2.297764539718628
2.156520128250122
2.1291821002960205
2.2309744358062744
1.881147027015686
2.3948073387145996
2.311150074005127
2.3104970455169678
2.092499256134033
2.1090822219848633
2.4735488891601562
2.3677432537078857
2.3515679836273193
1.9399280548095703
2.2915194034576416
1.7074471712112427
2.286799669265747
2.0238382816314697
2.270321846008301
2.030144453048706
2.2339091300964355
1.8814470767974854
2.0076045989990234
1.909640908241272
2.3369827270507812
2.1868538856506348
2.233119010925293
1.8585454225540161
2.1759417057037354
2.4173660278320312
1.9180017709732056
2.0132968425750732
1.853941798210144
2.418365001678467
2.0491373538970947
2.331875801086426
1.9946902990341187
1.925621747970581
1.797672152519226
1.9606590270996094
2.291783332824707
2.225951671600342
2.165879726409912
1.913963794708252
1.9998886585235596
1.9874422550201416
2.029245376586914
2.1940717697143555
2.1058995723724365
2.329252004623413
2.2564949989318848
2.179234027862549
1.9226471185684204
1.7114307880401611
1.9015358686447144
2.1733381748199463
1.9256633520126343
2.0021302700042725
2.384507179260254
2.1201796531677246
1.7413901090621948
1.926936149597168
1.8843224048614502
1.7289280891418457
1.9307410717010498
1.972151517868042
2.361844301223755
2.120969295501709
1.9049381017684937
2.0696513652801514
2.001342296600342
1.9737383127212524
1.827202558517456
1.7013908624649048
2.1338047981262207
1.952019453048706
1.9592623710632324
2.162977933883667
2.0096282958984375
2.107347011566162
2.179534673690796
1.8991289138793945
2.2173497676849365
1.7478126287460327
1.8741085529327393
1.920336127281189
2.121473789215088
2.1200666427612305
2.236643075942993
1.88724946975708
2.050240993499756
1.8364506959915161
2.159456968307495
1.8997992277145386
2.1238949298858643
2.1914970874786377
1.4965381622314453
2.023639678955078
1.7410404682159424
1.984878659248352
2.0218870639801025
1.7764060497283936
1.9248137474060059
1.685346007347107
1.813962459564209
1.8018025159835815
1.7081786394119263
2.168532371520996
1.9886425733566284
1.717877984046936
2.404202461242676
2.12843918800354
1.7323424816131592
2.1687681674957275
2.099763870239258
1.807702898979187
1.9531066417694092
1.756343960762024
2.1438214778900146
2.0708060264587402
2.095832347869873
2.090804100036621
1.6843361854553223
1.67241370677948
1.729541301727295
1.7391458749771118
1.8087491989135742
2.3783180713653564
1.776245355606079
1.90884530544281
1.9996259212493896
1.6883760690689087
2.119920015335083
1.6715877056121826
1.7335878610610962
1.9924752712249756
2.0102972984313965
1.797503113746643
1.9834762811660767
1.89937162399292
2.1425130367279053
2.1398887634277344
2.0270590782165527
2.0835049152374268
1.8640432357788086
2.036627769470215
2.1099069118499756
1.8415592908859253
2.0995559692382812
1.9195455312728882
1.7958420515060425
2.2268104553222656
1.6018065214157104
1.7886706590652466
1.932784080505371
1.6857070922851562
1.8313095569610596
1.8925604820251465
1.8048138618469238
1.863931655883789
1.6880097389221191
1.88510000705719
1.5499759912490845
1.8151098489761353
1.7280328273773193
1.8246173858642578
1.780870795249939
1.4380888938903809
1.4708527326583862
1.9169280529022217
1.6667941808700562
1.9299670457839966
1.7272261381149292
1.6100937128067017
2.1290135383605957
1.8501319885253906
2.2146871089935303
1.8744410276412964
1.8520519733428955
1.8189570903778076
1.950621485710144
1.662806749343872
1.691533088684082
1.7458785772323608
1.7334424257278442
1.6530177593231201
1.8503344058990479
1.60056471824646
1.865376591682434
2.03287935256958
1.958953857421875
1.7385578155517578
2.2370898723602295
1.6224008798599243
1.5912892818450928
2.0616838932037354
1.7865948677062988
1.9142473936080933
1.864922285079956
1.8625929355621338
1.848084568977356
1.6638849973678589
1.671917200088501
1.6150109767913818
1.427598237991333
1.9124099016189575
1.8733736276626587
2.1631906032562256
1.7545133829116821
1.7233082056045532
1.956572413444519
1.7788671255111694
1.8441109657287598
1.5592844486236572
1.4090428352355957
1.5169342756271362
2.081716299057007
1.70907723903656
1.5777206420898438
1.7941334247589111
2.211824893951416
1.6400799751281738
1.9997926950454712
1.7886528968811035
1.883296012878418
1.9204027652740479
1.6643186807632446
2.423295497894287
1.7065004110336304
1.9580824375152588
2.0101847648620605
1.9083530902862549
1.7191007137298584
1.7421523332595825
1.564765214920044
1.8363080024719238
1.8244787454605103
1.4484089612960815
1.454391598701477
1.5392061471939087
1.6120527982711792
2.063817262649536
1.7422541379928589
1.6754515171051025
1.6045148372650146
1.9392091035842896
1.414206624031067
1.4650263786315918
1.8020117282867432
1.8320125341415405
1.8851420879364014
1.8592718839645386
1.9136440753936768
1.7803666591644287
1.54623544216156
1.7769800424575806
1.439942479133606
1.9535928964614868
1.7848807573318481
1.6201421022415161
1.832863211631775
1.9067387580871582
1.7766499519348145
1.6862608194351196
1.5952420234680176
1.6755058765411377
1.814673662185669
1.4472841024398804
1.8944168090820312
1.478651762008667
1.4588844776153564
1.1501226425170898
1.7325366735458374
1.76554274559021
1.759346842765808
2.0689103603363037
2.0147953033447266
1.8982270956039429
1.731247901916504
1.726125955581665
1.4863675832748413
1.508538007736206
1.7747398614883423
1.4035407304763794
1.4309993982315063
1.527609944343567
1.8480240106582642
1.3805155754089355
1.6439318656921387
1.5977860689163208
1.1580538749694824
1.4324324131011963
1.7629512548446655
1.282770037651062
1.7865984439849854
1.9103795289993286
1.4661306142807007
1.4695539474487305
1.6379356384277344
1.753471851348877
1.6740233898162842
1.74962317943573
1.4307304620742798
1.2856696844100952
1.7545686960220337
1.8124440908432007
1.7121758460998535
1.742912769317627
1.802787184715271
1.7849282026290894
1.7401069402694702
1.6507240533828735
1.6536471843719482
1.6789486408233643
1.572377324104309
1.6221776008605957
1.5777889490127563
1.5163383483886719
1.5748491287231445
1.1842641830444336
1.6370395421981812
1.7114580869674683
1.2770386934280396
1.421028971672058
1.5657302141189575
1.598162055015564
1.5210752487182617
1.7204421758651733
1.440779685974121
1.9205044507980347
1.6201257705688477
1.3065487146377563
1.8061119318008423
1.8957746028900146
1.3384530544281006
1.6661362648010254
1.886652946472168
1.4558404684066772
1.4013967514038086
1.4987157583236694
1.537527322769165
1.498913288116455
1.6873540878295898
1.5901291370391846
1.831616759300232
1.5210297107696533
1.8116910457611084
1.766807198524475
1.4715291261672974
1.5972429513931274
1.3348119258880615
1.6630369424819946
1.3451164960861206
1.48562753200531
1.3736869096755981
1.5623526573181152
1.5906803607940674
1.6927869319915771
1.5777417421340942
1.1599234342575073
1.7764708995819092
1.7046685218811035
1.7138116359710693
1.3451403379440308
1.6837438344955444
1.3788238763809204
1.3321224451065063
1.6741429567337036
1.5617424249649048
1.8574076890945435
1.5787880420684814
1.5267235040664673
1.7029826641082764
1.757904291152954
1.4233921766281128
1.5758696794509888
1.8026268482208252
1.5325366258621216
1.5813413858413696
1.7120128870010376
1.3360028266906738
1.7466832399368286
1.5288658142089844
1.5715316534042358
1.343392014503479
1.4348772764205933
1.4960039854049683
1.5282999277114868
1.7955260276794434
1.736764907836914
1.2992254495620728
1.5282255411148071
1.8641740083694458
1.5906798839569092
1.321894645690918
1.4676876068115234
1.5558178424835205
1.6250555515289307
1.4876651763916016
1.6326754093170166
1.1509754657745361
1.5987070798873901
1.5341987609863281
1.7143951654434204
1.7967239618301392
1.2586084604263306
1.4388978481292725
1.119083046913147
1.82578706741333
1.510733962059021
1.6514272689819336
1.4061709642410278
1.6375974416732788
1.9390869140625
1.619166612625122
1.3288511037826538
1.8975125551223755
1.5249252319335938
1.782591462135315
1.5522288084030151
1.1743505001068115
1.298050880432129
1.2663089036941528
1.5057458877563477
1.773036241531372
1.5878348350524902
1.9137929677963257
1.4833444356918335
1.5047917366027832
1.4840551614761353
1.1632851362228394
1.4202357530593872
1.921645164489746
1.34467351436615
1.5183885097503662
1.3207294940948486
1.2996110916137695
1.715894341468811
1.5938507318496704
1.289778470993042
1.2898005247116089
1.8597886562347412
1.658775806427002
1.3874919414520264
1.5770901441574097
1.3712486028671265
1.3236840963363647
1.6707532405853271
1.1740115880966187
1.477048397064209
1.7936903238296509
1.108621597290039
1.850767731666565
1.7781630754470825
1.5669045448303223
1.559350609779358
1.3100162744522095
1.400781512260437
1.7188273668289185
1.6778558492660522
1.4167029857635498
1.6923352479934692
1.4466454982757568
1.6401476860046387
1.41822350025177
1.739040732383728
1.5654139518737793
1.54107666015625
1.5108752250671387
1.6580898761749268
1.8260078430175781
1.211270809173584
1.2181346416473389
1.4875075817108154
1.3468749523162842
1.589379906654358
0.9984688758850098
1.3810726404190063
1.4190239906311035
1.559411644935608
1.456373929977417
1.653630256652832
1.518502950668335
1.4333542585372925
1.4404336214065552
1.526383876800537
1.4709548950195312
1.3661938905715942
1.5293045043945312
2.0146682262420654
1.7305468320846558
1.4244165420532227
1.8311195373535156
1.3635531663894653
1.0651938915252686
1.3602138757705688
1.1178861856460571
1.2271156311035156
1.4917409420013428
1.3755120038986206
1.610575795173645
1.5765153169631958
1.3997215032577515
1.4432742595672607
1.2406330108642578
1.280376672744751
1.3275001049041748
1.44660484790802
1.8426403999328613
0.9978008270263672
1.6487057209014893
1.3854525089263916
1.2737171649932861
1.4379276037216187
1.6336301565170288
1.7594155073165894
1.6654419898986816
1.296301245689392
1.1026722192764282
1.58356773853302
1.6058446168899536
1.3479019403457642
1.6058002710342407
1.2948812246322632
1.496698021888733
1.1624162197113037
1.4623072147369385
1.4622817039489746
1.164488673210144
1.1238739490509033
1.2450296878814697
1.3429925441741943
1.5698240995407104
1.2919933795928955
1.6063930988311768
1.168100118637085
1.417892575263977
1.6147525310516357
1.0446730852127075
1.4071711301803589
1.4136689901351929
1.4995287656784058
1.2084602117538452
1.3296955823898315
1.3084980249404907
1.4945813417434692
1.2697179317474365
1.4239088296890259
1.023281455039978
0.8454126119613647
1.5000542402267456
1.1605995893478394
1.0632429122924805
1.373727798461914
1.1790709495544434
1.648262619972229
1.206229329109192
1.2006113529205322
1.5060315132141113
1.1260532140731812
1.4483869075775146
1.2278943061828613
1.1239062547683716
1.2930318117141724
1.6097840070724487
1.2704861164093018
1.2860612869262695
1.3546897172927856
1.2839713096618652
0.9876526594161987
1.5933164358139038
1.3871252536773682
1.2114229202270508
1.6981438398361206
1.6784690618515015
0.9451949596405029
1.5872358083724976
1.2065194845199585
1.175216555595398
1.51225745677948
1.2022517919540405
1.4510505199432373
1.3974238634109497
1.4725674390792847
1.5410304069519043
1.3047577142715454
1.3567283153533936
1.210592269897461
1.16415274143219
1.4284265041351318
1.4668655395507812
1.2963953018188477
1.6206350326538086
1.4543797969818115
1.4680758714675903
0.7808976769447327
1.2722002267837524
1.020316243171692
1.2246413230895996
1.1726845502853394
1.123383641242981
1.5915777683258057
1.2415658235549927
1.0637660026550293
1.093205213546753
1.115768551826477
1.648087978363037
1.1006507873535156
0.9800660610198975
1.4166686534881592
1.4087917804718018
1.198661208152771
1.5773299932479858
1.3229105472564697
1.6153011322021484
1.2701213359832764
1.0993257761001587
1.2238792181015015
1.0005626678466797
1.559480905532837
1.4204403162002563
1.2826114892959595
1.4530776739120483
1.63258957862854
1.2034224271774292
1.3098782300949097
1.339977502822876
1.2419790029525757
1.2622225284576416
1.3461436033248901
1.3996732234954834
1.4419161081314087
1.1644020080566406
1.4853549003601074
1.3456027507781982
1.2307969331741333
1.4339200258255005
1.1262060403823853
1.2766478061676025
1.081472396850586
1.124989628791809
1.2398625612258911
1.1420812606811523
1.356656789779663
1.3663231134414673
1.3348655700683594
0.9267585873603821
1.1863397359848022
1.2584292888641357
1.3370510339736938
0.714837908744812
1.3583489656448364
1.0952435731887817
1.065758228302002
1.1974316835403442
1.1105685234069824
0.9490706324577332
1.0559134483337402
1.2450339794158936
1.2037317752838135
0.9463167786598206
1.323089361190796
1.321724534034729
1.244652271270752
1.283706545829773
1.013140320777893
1.1273764371871948
1.0828897953033447
1.1750458478927612
1.1236722469329834
1.3335182666778564
1.307942509651184
0.9853532910346985
1.324174404144287
1.1821136474609375
1.4412468671798706
1.283355712890625
1.2617484331130981
1.1703342199325562
1.2670401334762573
0.9894892573356628
1.2696319818496704
1.225307822227478
1.2111549377441406
1.2918224334716797
0.8824219703674316
1.0886448621749878
1.1819266080856323
1.5488218069076538
1.4312459230422974
0.892393171787262
1.0877165794372559
1.1467509269714355
1.276601791381836
0.9095667600631714
1.2863553762435913
1.0115759372711182
0.9041004180908203
1.2974493503570557
1.2984576225280762
1.1472156047821045
1.218410611152649
0.9391759037971497
0.9521420001983643
1.2610979080200195
1.098031997680664
1.0051980018615723
1.1643779277801514
1.227016806602478
0.9841474294662476
1.0907949209213257
1.0276291370391846
1.3324925899505615
0.9309405088424683
1.1212211847305298
1.2782987356185913
1.002355933189392
1.0985146760940552
1.3582037687301636
1.0390491485595703
0.8730799555778503
0.7195382714271545
1.1658687591552734
1.2326475381851196
1.253041386604309
1.1812900304794312
1.7323718070983887
1.22944176197052
1.4423878192901611
1.1420060396194458
1.410345196723938
0.8963612914085388
1.4168519973754883
1.3217344284057617
1.331983208656311
1.2398951053619385
0.9204615354537964
1.1818472146987915
1.042840600013733
1.1090683937072754
1.4412561655044556
0.9379954934120178
1.22475266456604
0.9052163362503052
1.284515142440796
1.0670106410980225
1.3378998041152954
1.4417699575424194
1.1886324882507324
1.1125783920288086
1.0181552171707153
1.0547573566436768
1.3377259969711304
1.253298282623291
1.2320278882980347
0.9540452361106873
0.9635272026062012
0.915361762046814
1.2362011671066284
1.0923444032669067
0.9359164237976074
1.0550440549850464
1.0936779975891113
0.9215779900550842
1.5316498279571533
1.175255298614502
0.8850789666175842
1.1495494842529297
0.8518309593200684
1.1504020690917969
1.0288572311401367
1.0384130477905273
0.8926370143890381
0.8245566487312317
1.1414812803268433
1.2981287240982056
1.5510189533233643
1.016467809677124
1.0526584386825562
1.369473934173584
1.140336036682129
1.310916543006897
1.1220240592956543
0.8660008311271667
1.242382526397705
1.0433634519577026
1.1238569021224976
0.8968790173530579
1.2199903726577759
0.976264476776123
1.0194978713989258
1.0220589637756348
1.0087835788726807
1.0450643301010132
0.9375211000442505
1.0683200359344482
1.2237472534179688
1.056313157081604
0.9288458228111267
1.0501059293746948
0.9581901431083679
1.5009334087371826
0.9708212614059448
1.01411771774292
1.2072207927703857
1.0113120079040527
0.798815131187439
1.4181745052337646
1.0830782651901245
0.7340015769004822
1.382156491279602
1.004539132118225
1.0063573122024536
1.0727765560150146
0.9399499297142029
0.9961572885513306
1.13150155544281
0.7961657643318176
1.1810356378555298
0.9351925849914551
0.7799412608146667
0.9590177536010742
0.9400191307067871
1.0365018844604492
1.1368640661239624
0.9650830030441284
0.7280676960945129
0.9644270539283752
0.7824937105178833
1.0480976104736328
0.8138975501060486
1.1704705953598022
1.1299989223480225
0.9232015013694763
1.090104579925537
1.0535798072814941
1.0528755187988281
1.136288046836853
1.022444725036621
0.9870241284370422
0.9092323184013367
1.090207576751709
0.935398519039154
0.9984292387962341
1.2696887254714966
1.3050227165222168
1.0249494314193726
0.9617559909820557
0.8411555290222168
1.2522704601287842
0.9276394844055176
1.2250151634216309
0.6598718762397766
0.8934707641601562
0.9478695392608643
0.7248837351799011
1.1189109086990356
1.2282639741897583
1.0994185209274292
0.8825509548187256
1.1319198608398438
0.9808981418609619
1.0891525745391846
1.2553212642669678
0.9109901189804077
1.3112870454788208
1.084401249885559
0.8916935324668884
0.8792707324028015
1.4569058418273926
1.0908057689666748
0.8993424773216248
1.0316412448883057
0.9552177786827087
0.7663266062736511
0.8330140709877014
1.0102850198745728
1.0300418138504028
0.976676881313324
0.8627714514732361
1.0947450399398804
0.9571983814239502
0.6333078145980835
0.9894869923591614
1.1665737628936768
0.9527981877326965
1.272383451461792
0.7570824027061462
0.9964215755462646
0.7437153458595276
0.6074040532112122
0.7052959203720093
1.1273696422576904
0.9536064267158508
0.8216363787651062
0.7254582643508911
0.7755990624427795
0.7181116342544556
0.8328667879104614
0.8954986929893494
1.0126440525054932
1.0770431756973267
0.8686927556991577
1.047356367111206
1.171860694885254
0.7968194484710693
1.2409101724624634
0.8262149095535278
0.8974570035934448
1.0397257804870605
0.6876557469367981
0.8751694560050964
0.7942501306533813
0.9137589931488037
0.7394272089004517
1.1591604948043823
1.0137124061584473
1.0133830308914185
0.9103654026985168
1.0148411989212036
0.8177042603492737
0.7651284337043762
1.0543721914291382
0.7220249176025391
0.8613816499710083
0.7118011116981506
1.145542860031128
0.6249792575836182
0.8476723432540894
0.6851051449775696
1.285978078842163
0.8687073588371277
0.49097633361816406
0.9744666814804077
1.0954861640930176
1.0136183500289917
1.1989473104476929
0.956838071346283
0.825484037399292
0.8793705105781555
0.9705371260643005
0.8904822468757629
0.8971396684646606
0.8235915303230286
0.7730834484100342
0.9788901805877686
0.9194339513778687
0.8214312791824341
0.7428923845291138
0.7374175786972046
0.9679585099220276
0.8986986875534058
0.9036139845848083
0.8277574181556702
0.6470632553100586
0.8851688504219055
0.8985083103179932
0.8086920976638794
0.8413501381874084
0.6080321073532104
0.6732671856880188
0.8808751106262207
0.970990777015686
0.9688761234283447
0.9532518982887268
0.7852872014045715
0.5109773874282837
0.8087189197540283
1.0229947566986084
1.088208556175232
0.9392174482345581
1.0423649549484253
0.8812892436981201
1.0459322929382324
0.755968451499939
0.9906895756721497
1.0032979249954224
0.848114013671875
0.7560440897941589
0.7744753360748291
0.8654482960700989
0.9310205578804016
1.0839699506759644
0.8013168573379517
0.8878923654556274
0.8774217963218689
0.8481071591377258
1.0631377696990967
0.8018394112586975
0.7831092476844788
0.9822330474853516
1.1048872470855713
1.385448932647705
0.8086321949958801
0.8858823180198669
0.8303640484809875
0.9982683658599854
0.731883704662323
0.8020135760307312
0.779381275177002
0.7021824717521667
0.8654677271842957
0.8259015679359436
0.9881402254104614
0.9598771929740906
0.9320690631866455
0.7645273804664612
0.9853136539459229
0.5547741055488586
0.7695637941360474
0.787968099117279
1.1467885971069336
1.0441328287124634
0.6987420916557312
0.7984805107116699
0.7543002963066101
1.2370562553405762
0.7169811129570007
0.5177474617958069
0.939785897731781
0.7553138136863708
1.3232576847076416
0.6223995089530945
0.7424492835998535
0.796593964099884
0.8808879256248474
0.9802165031433105
0.9516057372093201
0.9440786242485046
0.8217520713806152
0.8172137141227722
0.774129331111908
0.8227701187133789
0.7153280973434448
0.745766818523407
0.9805768728256226
0.6320506930351257
0.6556396484375
0.5454316139221191
0.6055556535720825
0.868401050567627
0.5704853534698486
0.8139469623565674
1.0057199001312256
0.6276642084121704
0.8694804906845093
0.6044649481773376
0.762133002281189
1.0843747854232788
0.8671109676361084
0.5040833353996277
0.8437061309814453
0.8275477290153503
0.8058540225028992
0.8085216879844666
0.9095078110694885
0.8057618141174316
0.7601314783096313
0.8869661688804626
0.7453752160072327
0.5589637756347656
0.5764762759208679
0.7465521097183228
0.9345039129257202
0.8506824970245361
0.7236067056655884
0.8294945359230042
0.8085874915122986
0.6357667446136475
0.6339452862739563
0.7544671297073364
0.8242846131324768
1.194610595703125
0.8278911113739014
0.7677931785583496
0.896605908870697
0.5953465700149536
0.6961539387702942
0.5854393243789673
0.8972235321998596
0.8721750378608704
0.7071601152420044
0.7592062950134277
0.983281672000885
0.8538110852241516
0.8446012139320374
0.9506003856658936
0.6576156616210938
0.7942709922790527
0.6401580572128296
0.5829960703849792
0.48168882727622986
0.9941893219947815
0.7753065228462219
0.9298338294029236
0.7235866189002991
0.7212236523628235
0.6926289200782776
0.932148277759552
0.8773513436317444
0.7825341820716858
0.7607494592666626
0.9092178344726562
0.6608745455741882
0.6214368939399719
0.7614313364028931
0.664934515953064
0.590477466583252
0.5866860747337341
0.7816742062568665
0.7153275012969971
0.9266021847724915
0.8439420461654663
1.0693128108978271
0.5928438305854797
0.7595961689949036
0.8377913236618042
0.8807270526885986
0.8588178753852844
1.0539898872375488
0.7152159810066223
0.7523500323295593
0.7616016864776611
0.6281401515007019
0.6782933473587036
0.7061768174171448
0.7699679732322693
0.7435908913612366
0.7257561087608337
0.9836045503616333
0.935161292552948
0.8062456250190735
0.829643964767456
0.5640124082565308
0.8186625242233276
0.8203361630439758
0.47122928500175476
0.6650049090385437
0.95444256067276
1.0503731966018677
0.6885894536972046
0.5344685316085815
0.7605725526809692
0.6773927807807922
0.8186350464820862
0.5856401324272156
0.9465465545654297
0.8056749701499939
0.6816146969795227
0.7799990773200989
1.0125999450683594
0.8286713361740112
0.6952006220817566
0.7313254475593567
0.6647813320159912
1.0427489280700684
0.6551207304000854
0.5421242713928223
0.6460861563682556
0.8318923115730286
1.1405978202819824
0.7421717047691345
0.8262432813644409
0.5430353283882141
0.863986074924469
0.5937610268592834
0.6427547931671143
1.0158582925796509
0.6247214674949646
0.7685762643814087
0.6858277320861816
0.6482157111167908
0.6992698907852173
0.7047408223152161
0.7367483973503113
0.6325881481170654
0.5304481983184814
0.43223825097084045
0.6595724821090698
0.4047735929489136
0.5830934643745422
0.6838540434837341
0.6289851665496826
0.6755847930908203
0.7498127222061157
0.6768666505813599
0.769372820854187
0.4766053259372711
0.6460850834846497
0.6565735936164856
0.7801571488380432
0.5891201496124268
0.7419977784156799
0.6065495014190674
0.6382732391357422
0.4450664222240448
0.7475966811180115
0.550621747970581
1.0985409021377563
0.46635594964027405
1.104066252708435
0.7496063709259033
0.7047617435455322
0.6159087419509888
0.6501543521881104
0.6498402953147888
0.5486078262329102
0.6997785568237305
0.706547737121582
1.0771069526672363
0.45510727167129517
0.7452955842018127
0.8946003913879395
0.8926485180854797
0.591076672077179
0.6308264136314392
0.9462661743164062
0.8237340450286865
0.8456569910049438
0.8107276558876038
0.5388497710227966
0.5833607316017151
0.600239098072052
0.6380881071090698
0.6704297661781311
0.6445282101631165
0.8200649619102478
0.502869188785553
0.43122804164886475
0.7995020151138306
0.8062529563903809
0.549086332321167
0.5707425475120544
0.6342605352401733
0.5882344841957092
0.49744942784309387
0.5632888674736023
0.7649485468864441
0.7209231853485107
0.8281382918357849
0.7009272575378418
0.5990984439849854
0.5592395067214966
0.7329082489013672
0.5294702053070068
0.5399881601333618
0.6801717877388
0.4376142621040344
0.5171307921409607
0.6600705981254578
0.48569509387016296
0.7886843681335449
0.46638280153274536
0.6983201503753662
0.5707250237464905
0.6452537775039673
0.6435691714286804
0.5910258293151855
0.6051874160766602
0.4568030536174774
0.5084825158119202
0.5713534355163574
0.5014021992683411
0.628190279006958
0.5678035616874695
0.7581803798675537
0.5200314521789551
0.613667905330658
1.0166480541229248
0.6943197250366211
0.822391927242279
0.6626383066177368
0.7843555808067322
0.544999897480011
0.7034401297569275
0.7526426315307617
1.0250803232192993
0.6084919571876526
0.7271375060081482
0.6657161712646484
