1.982
2.598
3.018
3.524
3.7159999999999997
4.07
4.572
5.08
5.482
5.978
6.4079999999999995
6.962
7.254
7.9719999999999995
8.506
8.735999999999999
9.47
9.946000000000002
10.134
10.79
11.3
11.76
12.1
12.462
13.132
13.389999999999999
13.877999999999998
14.302000000000001
14.844
15.373999999999999
15.844
16.014
16.596
17.16
17.53
17.858
18.228
18.529999999999998
18.87
19.442
19.631999999999998
20.208000000000002
20.448
20.91
21.27
21.602
22.142
22.246
22.48
23.078000000000003
23.477999999999998
23.602
23.996000000000002
24.778
24.59
25.185999999999996
25.4
25.813999999999997
26.268
26.56
26.636
26.944000000000003
27.494000000000003
27.872000000000003
28.094
28.59
28.414
28.836000000000002
29.592000000000002
29.599999999999998
30.098000000000003
30.174
30.336000000000002
30.98
31.069999999999997
31.253999999999998
31.624000000000002
32.214
32.346000000000004
32.878
32.966
33.192
33.486
33.886
34.094
34.412
34.605999999999995
34.711999999999996
35.188
35.606
35.664
35.815999999999995
36.354
36.452
37.019999999999996
37.116
37.232
37.814
38.032
38.35
38.458
38.972
39.050000000000004
39.606
39.442
40.04
40.142
40.266000000000005
40.67
41.028
41.217999999999996
41.502
41.888
41.862
42.32
42.57
42.828
42.96
43.18
43.634
43.82
43.954
44.746
44.641999999999996
44.56
44.986
45.188
45.72
45.93
46.138
46.412
46.638000000000005
46.854
47.122
47.092
47.442
47.872
47.728
48.28
48.468
48.705999999999996
48.78
49.434
49.602000000000004
49.65
49.942
50.114000000000004
50.67
50.744
50.870000000000005
51.019999999999996
51.5
51.796
51.94800000000001
51.974
52.315999999999995
52.358000000000004
52.82599999999999
53.32599999999999
53.134
53.614
54.025999999999996
54.059999999999995
54.217999999999996
54.49
54.728
55.059999999999995
55.36600000000001
55.598000000000006
55.64
55.954
56.166000000000004
56.182
56.382
56.794
57.048
57.233999999999995
57.56
57.620000000000005
57.886
58.275999999999996
58.304
58.709999999999994
58.752
58.87
59.172000000000004
59.598
59.78
60.084
60.51800000000001
60.56
60.663999999999994
60.751999999999995
61.12800000000001
61.053999999999995
61.739999999999995
61.87200000000001
61.97200000000001
62.258
62.62
62.71600000000001
62.978
63.160000000000004
63.395999999999994
63.468
63.63999999999999
63.846000000000004
64.492
64.226
64.81400000000001
64.748
65.146
65.46600000000001
65.8
65.996
66.00200000000001
66.32400000000001
66.524
66.808
66.91
66.986
67.36
67.514
67.58
67.696
68.184
68.322
68.512
69.114
68.996
69.248
69.612
69.618
69.93
69.782
70.02000000000001
70.43199999999999
70.536
71.09400000000001
70.782
71.25
71.126
71.88
72.08
72.10600000000001
72.562
71.98400000000001
72.72999999999999
72.74199999999999
73.114
73.374
73.836
73.996
73.762
74.274
74.39
74.454
74.628
75.088
75.022
75.316
75.832
75.52
75.726
76.216
75.8
76.47
76.988
76.664
76.678
77.098
77.262
77.654
77.628
78.122
78.01
78.03999999999999
78.36800000000001
78.62599999999999
78.866
78.688
79.06400000000001
79.29
79.07
79.884
79.716
79.752
80.07600000000001
80.254
80.03
80.656
80.524
80.814
80.984
80.86
81.22
81.368
81.566
81.848
81.91199999999999
