4.515598159311982
4.448119324491457
4.413294625709124
4.3856238971280925
4.361345399066311
4.339829326590614
4.3066759139985376
4.270383368367734
4.236647871754053
4.188824659418267
4.147159205373291
4.110396964470748
4.070398985882244
4.034016553093405
3.9920107534779308
3.969219593745668
3.936835303026087
3.900772111800016
3.8724044512604814
3.843334417208991
3.808002378934485
3.77460597695597
3.741136489012052
3.712161738549352
3.6831541677265216
3.658754082287059
3.626358712115861
3.6030296965328326
3.570566242613146
3.5458330964798206
3.5184776472008745
3.503988122391274
3.4746176778812847
3.443791199218282
3.4249972598936855
3.4002799682909877
3.376283299892455
3.3601402965043206
3.335301910215022
3.31524523871634
3.2874522983570538
3.2677342525833404
3.2516823888129895
3.230951249447015
3.2124087444656646
3.1924067729574337
3.1707617763972955
3.1539898708348386
3.138861982413875
3.115289128040109
3.100499108014509
3.0802643140563575
3.063000566209369
3.0416917005158446
3.029605848100179
3.0056914871610947
2.988217268758418
2.9696691039273198
2.9513853812766504
2.92938096809875
2.917311340951554
2.8991972287292676
2.875939414324358
2.870395824732378
2.850073788477027
2.8357680673184604
2.820734071304731
2.810160051221433
2.785749014686136
2.767559094807071
2.74646929127481
2.7388850508443534
2.7306273343313077
2.7122896385314825
2.69687888369231
2.681566468285173
2.662668936087957
2.6485704037234608
2.63761860391368
2.6209112686269425
2.606565081707352
2.594182998323075
2.5805143483764375
2.5664983067061287
2.553925003389568
2.544185858858211
2.525219694732705
2.513508286012713
2.4978804739235003
2.4831604667941627
2.470943918313517
2.4591593920727215
2.4438707769069525
2.4338439803599092
2.4197336923130943
2.412921264195991
2.3993154892226314
2.379378433879989
2.3684816642490496
2.3561498405378494
2.344602876459546
2.3284859539907607
2.325979337362987
2.3087376292099426
2.297301607820994
2.2758138219413855
2.271517855584469
2.2580221984392543
2.2447758858161206
2.234146277770362
2.221570619079463
2.2030630910488043
2.199584315804874
2.181278364890067
2.174283868059173
2.162242795195421
2.154756190069496
2.1352725350643365
2.1328351095204465
2.116841382687659
2.1000365954835702
2.0963781622364697
2.0760354468279787
2.0726731076569815
2.0656134371867267
2.054007998817717
2.0454853614577857
2.0219924241075735
2.014787857337376
2.005738805017203
1.995901548039273
1.9893758929598973
1.9707166099792246
1.9653148160261267
1.9546819676828506
1.9502756769394936
1.9337162530940513
1.9261006004060321
1.921425608417872
1.897766638289937
1.891152638760979
1.8854230422802898
1.8640862739909336
1.8568037283390075
1.8464115858078003
1.8393577962275356
1.8269546734707436
1.8120184571236906
1.8087433322006479
1.7975000223845168
1.7850085414584032
1.7759147210194326
1.767820313610994
1.754392807288548
1.7389748364763187
1.7374912902827153
1.729022881563972
1.7160371407828368
1.7027635453911998
1.697758216229851
1.6825774888248395
1.6674354632797144
1.6651408192141892
1.655625495611859
1.64054550813592
1.6384534648312328
1.6252002842590938
1.6147773712492355
1.6070720522909823
1.607368279296114
1.5910583665913633
1.5793173136308676
1.572279492607507
1.5670778655335116
1.5493705705608554
1.541114398585561
1.530723032591593
1.5233975528451182
1.5091613482331376
1.5045994687873079
1.497403529522669
1.4876170076067796
1.4819130367787599
1.4688384133531613
1.4587754525644394
1.4519198046011084
1.4365033585092295
1.4286720453168424
1.418846577939475
1.4133015380948402
1.3987408955688672
1.3914461068789978
1.3851220135188773
1.3805344831150816
1.3767740188352287
1.3566843426745872
1.344804886661832
1.339507989337682
1.333067231242309
1.325964064244419
1.31193399696094
1.3066381798375903
1.2907227110070036
1.285140830613768
1.2795955362679707
1.2709803530932082
1.2563730465329213
1.2526003890635107
1.2486732920722279
1.233738234966917
1.2294658763176949
1.2129012307395106
1.2036668979908194
1.1953763961029784
1.1940691102953518
1.1849738709304645
1.1723461516982758
1.1672048156371202
1.1535585544755698
1.1452459773749037
1.1452723562412555
1.133814234257964
1.119461855467628
1.122152565232933
1.1153190878346144
1.1084634498562045
1.0907120136043909
1.0896189161731153
1.0739681636890792
1.0773981780652195
1.0610473334331951
1.0494295134568763
1.0441397167837527
1.0357332918650048
1.0287760518243552
1.0218431631774854
1.008963028412036
1.0071198924270737
0.995621195839494
0.9946878954120304
0.9910895248965534
0.9811772248705329
0.9649118220867099
0.9600632574094836
0.9565067097277897
0.9402157407435004
0.9588875240834472
0.9333424201173246
0.9283681309893917
0.9205869793358361
0.9075050846390103
0.9025160041459076
0.891746472824565
0.8909745341371698
0.8822738302638159
0.872982736591183
0.8716846968206908
0.859534168715977
0.8538956908542482
0.8484219818011575
0.8386754029623383
0.8287006847160246
0.826244570791264
0.8188932690855182
0.8095398723621807
0.8153760311624888
0.8005557646379446
0.7861546735324518
0.786235849456409
0.7841814957616274
0.7766049008845063
0.7664379067814259
0.7596599685642725
0.7619706838560836
0.7448664850667309
0.7434666577507468
0.7372664614864017
0.7304059143185311
0.7273656045231978
0.7198045946981596
0.7164615425459869
0.7089470428655215
0.7004729679707066
0.7071089087544805
0.6828664410525881
0.6912530526861815
0.6800274982324341
0.6737392374011867
0.6700819138142154
0.6708155646348548
0.6548521850648743
0.653583989919299
0.64703041242669
0.6408343687081886
0.6456248313569657
0.6368561111142873
0.6292386991364877
0.6223601294143121
0.6162683104767519
0.6133185953587827
