279.998708486557
279.89580059051514
279.96790313720703
279.7167830467224
279.91113924980164
279.6831941604614
279.83879041671753
279.80749773979187
279.6625201702118
279.8839650154114
279.7252378463745
279.7335684299469
279.7917923927307
279.6469328403473
279.8134455680847
279.75820755958557
279.7847988605499
279.8794400691986
279.61255836486816
280.06144762039185
279.78376150131226
279.96851325035095
279.8663139343262
279.7398498058319
279.81433725357056
279.6563184261322
279.74779200553894
279.89872694015503
279.73503589630127
279.75634479522705
279.8462154865265
279.6504228115082
279.9809355735779
279.5601398944855
279.8782742023468
279.7093975543976
279.94011330604553
279.84096455574036
279.5672914981842
279.91584062576294
279.68905305862427
279.7307164669037
279.7293655872345
279.7031936645508
279.8098578453064
279.72760033607483
279.5998020172119
279.9147264957428
279.823527097702
280.0901117324829
279.7624852657318
279.8786406517029
279.8943033218384
279.4924831390381
279.83731150627136
279.7491264343262
279.78409814834595
279.80649042129517
279.5416188240051
279.7683391571045
279.8883316516876
279.6336667537689
279.7975285053253
279.67135787010193
311.75512075424194
329.07890796661377
329.71694016456604
328.61816573143005
322.60145926475525
324.82612204551697
279.91645526885986
279.7746670246124
279.796879529953
279.61351323127747
279.74394273757935
279.6251230239868
279.8250193595886
279.5498468875885
279.79470109939575
279.7465920448303
279.64652609825134
279.85088300704956
279.4620614051819
279.793329000473
279.7430913448334
279.53408646583557
279.744749546051
279.7192072868347
279.5683310031891
279.7708594799042
279.6299846172333
279.9459958076477
279.6924123764038
279.6551077365875
279.73881483078003
279.56322503089905
279.87714099884033
279.6099486351013
279.7413115501404
279.6690402030945
279.439306974411
279.68880581855774
279.6501953601837
279.6598184108734
279.6804904937744
279.5679886341095
279.9416735172272
279.8165831565857
279.6940107345581
279.8503510951996
279.51107597351074
279.91072845458984
279.5457217693329
279.6906769275665
279.7393660545349
279.6515324115753
279.70890736579895
279.6949243545532
279.630872964859
279.91092896461487
279.686904668808
279.87143778800964
280.9640369415283
279.68220114707947
279.81108570098877
279.6896855831146
279.846941947937
279.6916992664337
279.73376178741455
279.81639432907104
279.542587518692
279.72112131118774
279.7145643234253
279.6606230735779
279.76503133773804
279.61008977890015
279.6254599094391
279.6984429359436
280.11474418640137
279.91756105422974
279.6837992668152
279.8418848514557
279.7052080631256
279.62622117996216
279.7684736251831
279.6636724472046
279.6680872440338
279.7551443576813
279.58588457107544
279.7288067340851
279.64797353744507
279.81519508361816
279.7950315475464
279.56160163879395
279.66611099243164
279.9689133167267
279.69417119026184
279.77893710136414
279.5742561817169
279.8453392982483
279.40371322631836
279.92542028427124
279.658638715744
279.50990653038025
279.84120869636536
279.59251284599304
279.6055657863617
279.7647132873535
279.40075063705444
279.823792219162
279.6909272670746
279.7272701263428
279.67217230796814
279.45051169395447
279.740638256073
279.6145718097687
279.76523065567017
279.6635363101959
279.5974028110504
279.82675552368164
279.66636323928833
279.69891023635864
279.86421394348145
279.57551169395447
279.8085422515869
279.74934220314026
279.67350149154663
279.6830720901489
279.56177258491516
279.81257724761963
279.75950503349304
279.76960802078247
279.7759585380554
279.5923388004303
279.8286249637604
279.7584762573242
279.64863300323486
280.01933312416077
279.5117657184601
279.74807119369507
279.6514341831207
279.6058740615845
279.8079037666321
279.5876622200012
279.9601912498474
279.7458643913269
279.70687770843506
279.75033688545227
279.5797393321991
279.75702714920044
279.7086718082428
279.5936379432678
279.8202691078186
279.6495108604431
279.7726962566376
279.6778440475464
279.6917459964752
279.84898042678833
279.5696949958801
279.7561409473419
279.6548295021057
279.79193782806396
279.8625683784485
279.79690384864807
279.9906780719757
279.7121250629425
279.6377067565918
279.8342237472534
279.63038063049316
279.86824083328247
279.76203513145447
279.61078119277954
279.8032658100128
279.55095171928406
279.7531111240387
279.72546672821045
279.63918805122375
279.8121061325073
279.58419919013977
279.73096895217896
279.7540166378021
279.6171405315399
279.72862339019775
279.57874941825867
279.7705419063568
279.81690406799316
279.63447165489197
280.14762473106384
279.6092619895935
279.76935601234436
279.71102118492126
279.5194265842438
279.83057713508606
279.7003107070923
279.7044446468353
279.79426407814026
279.5630168914795
279.9502537250519
279.5637638568878
279.77639293670654
279.8481719493866
279.626309633255
279.75062584877014
279.63783955574036
279.7769868373871
279.63454246520996
279.6186168193817
279.8616735935211
279.6482484340668
279.66631722450256
279.9503741264343
279.7407569885254
280.3844082355499
279.54124569892883
279.7128076553345
279.92732644081116
279.58396077156067
279.83470463752747
279.80422735214233
279.9193751811981
279.6800072193146
279.63137578964233
279.8339364528656
279.64623761177063
279.7804534435272
279.7611837387085
279.6180441379547
279.6792688369751
279.65965509414673
279.76742458343506
279.91793632507324
279.5532193183899
279.82112526893616
279.61075353622437
279.6985492706299
279.76115131378174
279.6534752845764
279.8276708126068
279.6081922054291
279.6318290233612
