4.563426494598389
4.610353946685791
4.544793605804443
4.542054176330566
4.506950855255127
4.538734436035156
4.500188827514648
4.530297756195068
4.510608196258545
4.450934886932373
4.547313213348389
4.5104899406433105
4.44441556930542
4.4924845695495605
4.370929718017578
4.589895248413086
4.499765396118164
4.4868621826171875
4.403464317321777
4.301061153411865
4.408790588378906
4.413369178771973
4.301403999328613
4.370647430419922
4.462403297424316
4.474169731140137
4.426695823669434
4.508275985717773
4.381648063659668
4.3925089836120605
4.426800727844238
4.4429192543029785
4.319628715515137
4.4011921882629395
4.452445983886719
4.469912528991699
4.419550895690918
4.294757843017578
4.328643321990967
4.24224328994751
4.515178203582764
4.317897319793701
4.412765979766846
4.461844444274902
4.303303241729736
4.256864070892334
4.323780536651611
4.311304569244385
4.407689094543457
4.185222148895264
4.426722049713135
4.180767059326172
4.295454978942871
4.3541364669799805
4.258634567260742
4.297728538513184
4.218258857727051
4.255518436431885
4.122198581695557
4.258088111877441
4.173130035400391
4.2932538986206055
4.353430271148682
4.227085113525391
4.066135883331299
4.3153815269470215
4.142223834991455
4.185128211975098
4.172056198120117
4.093560218811035
4.304125785827637
3.986053466796875
4.104933261871338
3.9459359645843506
4.17294979095459
4.152858257293701
4.136314392089844
4.17070198059082
4.216227054595947
4.047635555267334
4.061583518981934
4.0041680335998535
3.9811224937438965
3.9664394855499268
3.916532039642334
3.9862008094787598
4.106241703033447
4.202530860900879
4.1670241355896
4.028407096862793
4.005834579467773
4.016931533813477
4.093296527862549
4.0864081382751465
3.9519779682159424
3.851300001144409
4.056374549865723
4.026945114135742
3.9860684871673584
3.862886905670166
3.7679853439331055
4.007393836975098
3.988020658493042
3.9622933864593506
3.845487117767334
3.854515552520752
3.829427480697632
3.9737422466278076
3.8911502361297607
4.060735702514648
4.063487529754639
3.894655466079712
3.7859106063842773
4.183070659637451
4.001612663269043
4.12487268447876
4.141391277313232
3.8801109790802
4.111387252807617
3.8992719650268555
3.9832608699798584
3.9967191219329834
3.9081032276153564
4.241526126861572
3.8180034160614014
3.899879217147827
4.0593085289001465
3.909254550933838
3.939940929412842
4.044870853424072
3.868572473526001
4.202585697174072
4.063171863555908
3.821953296661377
3.809217691421509
3.7779171466827393
4.097779273986816
3.6131279468536377
3.9289610385894775
3.9158968925476074
3.904860496520996
3.970008373260498
3.960482597351074
3.575495958328247
4.126195907592773
3.694021224975586
3.8942062854766846
3.522256851196289
3.6620585918426514
3.800828218460083
4.117453575134277
4.010724067687988
3.740389347076416
3.709596872329712
3.6164050102233887
3.628532886505127
3.727391481399536
3.6251213550567627
3.9459009170532227
3.9018282890319824
3.8682329654693604
3.823057174682617
3.6583669185638428
3.650294780731201
3.806802988052368
3.824235677719116
3.583374261856079
3.724885940551758
3.545124053955078
3.741194725036621
3.522998332977295
3.8806140422821045
3.7748372554779053
3.773893356323242
3.542767286300659
3.6696395874023438
3.691638946533203
3.8697547912597656
3.6932148933410645
3.4699971675872803
3.6480648517608643
3.713926315307617
3.4757931232452393
3.3618290424346924
3.6389522552490234
3.6909594535827637
3.579592704772949
3.701892852783203
3.821463108062744
3.502920627593994
3.4514667987823486
3.579390287399292
3.58009672164917
3.773555278778076
3.572554349899292
3.3812620639801025
3.3357672691345215
3.3526649475097656
3.5878546237945557
3.570951223373413
3.374509334564209
3.8576648235321045
3.283881902694702
3.5448386669158936
3.6471357345581055
3.489933490753174
3.439523935317993
3.4764318466186523
3.594754457473755
3.664168357849121
3.575378179550171
3.4159176349639893
3.653136730194092
3.472146987915039
3.630985736846924
3.6376101970672607
3.787637233734131
3.6816282272338867
3.3947513103485107
3.4421615600585938
3.35701584815979
3.465466022491455
3.242556571960449
3.4320480823516846
3.2318031787872314
3.6070656776428223
3.470221996307373
3.4148831367492676
3.5357394218444824
3.4230031967163086
3.4351701736450195
3.3631882667541504
3.449688196182251
3.4101831912994385
3.650740385055542
3.356830358505249
3.4425532817840576
3.2063686847686768
3.1797170639038086
3.5290334224700928
3.477091073989868
3.6622345447540283
3.52194881439209
3.8193464279174805
3.2765610218048096
3.176013708114624
3.2214252948760986
3.2739057540893555
3.5478622913360596
3.3590211868286133
3.084761381149292
3.4039406776428223
3.31074595451355
3.4497056007385254
3.657156467437744
3.3365607261657715
3.3162007331848145
3.37349009513855
3.3931825160980225
3.277756690979004
3.6930277347564697
3.161557197570801
3.036146879196167
3.7304229736328125
3.2292332649230957
3.1899032592773438
3.245612382888794
3.420093297958374
3.1613199710845947
3.336334228515625
3.278099298477173
2.9382824897766113
3.2427620887756348
3.090996742248535
3.5222084522247314
3.220949411392212
3.1733176708221436
3.410349130630493
3.3288965225219727
3.128545045852661
3.276646614074707
3.199575662612915
3.258223056793213
3.572019577026367
3.217254877090454
3.114741325378418
3.3543519973754883
3.346025228500366
3.5516257286071777
3.078892230987549
3.4213433265686035
3.229689359664917
3.0918610095977783
3.1350250244140625
3.4483871459960938
2.9245986938476562
3.338311195373535
3.43810772895813
3.165630340576172
3.361131429672241
3.2109525203704834
3.2556378841400146
3.2217180728912354
3.192967176437378
3.148815393447876
3.3446547985076904
3.013155698776245
3.075573444366455
3.266413450241089
3.408743381500244
3.043607234954834
3.433763265609741
3.148456335067749
2.8983161449432373
3.087202787399292
3.096160650253296
3.3040690422058105
2.9838449954986572
2.832937717437744
3.28395676612854
3.268866777420044
3.4127790927886963
3.278698682785034
2.920051097869873
2.844823122024536
2.882744073867798
3.166968822479248
3.4863991737365723
3.0536060333251953
3.197321891784668
3.0580618381500244
3.2817676067352295
3.4226150512695312
2.8496665954589844
3.1404426097869873
3.2213058471679688
3.2976508140563965
2.9739785194396973
2.845895528793335
2.8501665592193604
3.2448008060455322
3.0716211795806885
3.023988723754883
3.0514581203460693
3.0082595348358154
3.191978693008423
2.816483736038208
3.1939353942871094
2.7898876667022705
3.273580551147461
3.064746618270874
3.1132771968841553
2.9563677310943604
3.4101312160491943
3.2278783321380615
3.148519992828369
2.918583869934082
3.2567145824432373
3.258838653564453
2.876088857650757
2.6583447456359863
2.9900152683258057
2.91511607170105
2.7968504428863525
2.9909842014312744
3.145587682723999
2.7108075618743896
3.1881468296051025
3.0422306060791016
3.306278944015503
2.710953950881958
3.3627922534942627
3.0539305210113525
2.6780593395233154
3.041592597961426
2.964162826538086
3.065232992172241
2.9411067962646484
2.816349744796753
3.495300769805908
2.961620807647705
2.861236572265625
3.1392180919647217
3.0190956592559814
2.8489019870758057
2.726933717727661
2.945427417755127
3.0526297092437744
2.7809090614318848
2.6113100051879883
3.046478748321533
3.0243728160858154
2.849088430404663
2.967301368713379
2.944481372833252
2.9181454181671143
2.744081735610962
2.8043084144592285
2.7833449840545654
2.8854143619537354
2.9847497940063477
2.83017635345459
3.0125112533569336
3.0711188316345215
2.520355224609375
2.89025616645813
2.6583333015441895
2.7309908866882324
2.7640719413757324
2.8158702850341797
3.243830919265747
3.0772483348846436
2.998041868209839
2.5112485885620117
2.865771532058716
2.6389434337615967
2.9378809928894043
2.9933927059173584
2.9177405834198
3.1280388832092285
2.9027647972106934
2.6525497436523438
2.5811588764190674
2.931051015853882
2.568136692047119
2.736642599105835
2.8508622646331787
2.709735631942749
2.9648807048797607
2.745589256286621
2.948368549346924
2.881267547607422
2.519547462463379
2.6583425998687744
3.1407883167266846
2.6596832275390625
2.642165422439575
2.668691396713257
3.0372369289398193
2.8147919178009033
2.919774055480957
2.65981125831604
2.5744025707244873
2.8876383304595947
2.7755398750305176
2.4380455017089844
2.6294541358947754
2.5907375812530518
2.861450433731079
2.8285722732543945
2.7386038303375244
2.547548770904541
2.5625386238098145
2.787811756134033
2.4594781398773193
2.6856906414031982
2.653883695602417
2.7346439361572266
2.28788423538208
2.6691932678222656
3.2186622619628906
2.7818033695220947
2.458676338195801
2.399472236633301
2.862086772918701
2.6623311042785645
2.574730157852173
2.8103413581848145
2.4993672370910645
2.90631103515625
2.541422128677368
2.2858288288116455
2.588587760925293
2.7079195976257324
2.366403579711914
2.6407337188720703
2.7616162300109863
2.508302688598633
2.517193555831909
2.6792023181915283
2.6005427837371826
2.767592668533325
2.9096739292144775
2.726802110671997
2.83597731590271
2.334566116333008
2.5148661136627197
2.686147928237915
2.6593563556671143
2.574415922164917
2.528451681137085
2.8428025245666504
2.459777355194092
2.567434310913086
2.355220079421997
2.6183502674102783
2.585582733154297
2.5914158821105957
2.612830877304077
2.5068187713623047
2.686540126800537
2.688788890838623
2.932678699493408
2.4416515827178955
2.7817962169647217
2.4894814491271973
2.333817720413208
2.4699604511260986
2.623079299926758
2.506190538406372
2.5201408863067627
2.3631484508514404
2.569847822189331
2.554335832595825
2.1606078147888184
2.6917479038238525
2.484567165374756
2.5459306240081787
2.154677152633667
2.4496257305145264
2.8625428676605225
2.1814770698547363
2.9373679161071777
2.6167285442352295
2.6559979915618896
2.4742777347564697
2.698744535446167
2.5316593647003174
2.3395907878875732
2.566107988357544
2.664207935333252
2.6672263145446777
2.4494707584381104
2.4220359325408936
2.361788272857666
2.4763123989105225
2.9244801998138428
2.698300361633301
1.9133036136627197
2.3825528621673584
2.478337287902832
2.4037137031555176
2.5817997455596924
2.9245107173919678
2.3809592723846436
2.290231466293335
2.173720598220825
2.232954263687134
2.43088960647583
2.698948621749878
2.2471113204956055
2.2040650844573975
2.318378448486328
2.342410087585449
2.0114030838012695
2.6479527950286865
2.8615472316741943
2.268202781677246
2.733811140060425
2.5821855068206787
2.322636365890503
2.2503886222839355
2.23677396774292
2.398995876312256
2.3808653354644775
2.724397897720337
2.1697897911071777
2.6372570991516113
2.2533278465270996
2.279770612716675
2.099306344985962
2.594562530517578
2.082979202270508
2.5388059616088867
2.298116683959961
2.2622954845428467
2.0678486824035645
2.5364251136779785
2.174311637878418
2.4106760025024414
3.0663366317749023
2.419631242752075
2.272620677947998
2.732564687728882
2.564180612564087
2.1407647132873535
2.474242687225342
2.5574164390563965
2.3038148880004883
2.1475253105163574
2.425276517868042
2.068154811859131
2.3907055854797363
2.0530741214752197
2.2493491172790527
2.2867915630340576
2.1798343658447266
2.3486154079437256
2.246821641921997
2.2734878063201904
2.492704391479492
2.332421064376831
2.318389415740967
2.449066638946533
2.5931315422058105
2.2293148040771484
2.3888354301452637
2.3601458072662354
2.494999647140503
2.3152170181274414
2.2690749168395996
2.333285331726074
2.393406391143799
1.9196770191192627
2.4122939109802246
2.5112521648406982
2.3706002235412598
2.3064963817596436
2.2680575847625732
2.141876220703125
2.1674880981445312
2.307443141937256
2.1167197227478027
2.03877854347229
2.101893901824951
2.291569471359253
2.016209125518799
2.320650339126587
2.5021862983703613
2.028621196746826
2.259265184402466
2.249974489212036
2.355982780456543
2.22507643699646
2.2412829399108887
1.7917611598968506
2.4323244094848633
2.3987250328063965
2.4297268390655518
2.1081454753875732
2.065600872039795
1.935802698135376
2.0903069972991943
2.5746142864227295
2.3080313205718994
2.4926230907440186
2.674292802810669
2.338949680328369
2.2853915691375732
2.029899835586548
2.0778653621673584
2.21899151802063
2.231602907180786
2.322880983352661
2.3283133506774902
2.301786184310913
2.541781425476074
2.180108070373535
2.2884361743927
2.1156320571899414
2.250427722930908
2.3859660625457764
2.225691080093384
1.8793971538543701
2.1100637912750244
2.2893640995025635
1.9296176433563232
2.1447622776031494
2.8920223712921143
2.2442688941955566
2.0633082389831543
2.376696825027466
2.2179739475250244
2.4938125610351562
2.0257811546325684
2.0514204502105713
2.2257111072540283
2.312331438064575
2.359611749649048
2.102963924407959
2.3191263675689697
2.4042165279388428
2.317687749862671
1.8089337348937988
2.396686315536499
1.9932600259780884
1.9538867473602295
1.8971742391586304
2.015972375869751
2.17545747756958
2.0967376232147217
2.18695068359375
2.1424310207366943
2.1431305408477783
2.0011909008026123
2.005896806716919
2.1654419898986816
1.9888797998428345
1.8173519372940063
2.3047852516174316
2.0033209323883057
1.8406473398208618
2.045574426651001
1.7402876615524292
2.00213885307312
2.178041458129883
2.328145980834961
1.9247465133666992
2.0515427589416504
2.0948305130004883
2.002138614654541
2.255474090576172
2.066145896911621
2.1434199810028076
1.7758984565734863
2.2762291431427
1.7656134366989136
1.7947889566421509
2.3283417224884033
2.078494071960449
2.351672649383545
2.208606243133545
1.9769543409347534
2.152313470840454
2.095039129257202
2.4222283363342285
2.219120740890503
1.9408092498779297
2.195491075515747
1.9472540616989136
2.1670234203338623
2.1354780197143555
1.7587467432022095
1.9432477951049805
2.0481483936309814
1.9561283588409424
1.99057936668396
2.259230613708496
2.118567943572998
2.0810351371765137
2.421168327331543
2.068446636199951
1.9243721961975098
2.0235671997070312
1.8195663690567017
1.9512966871261597
1.897715449333191
2.1173393726348877
1.992517352104187
2.277078151702881
1.9300894737243652
1.562366247177124
2.086153984069824
2.074894428253174
2.1296939849853516
1.6935042142868042
1.8985569477081299
2.3884024620056152
2.2527780532836914
2.2139506340026855
1.8836064338684082
1.9838945865631104
2.116159200668335
1.5162442922592163
2.125894784927368
2.088015556335449
2.264695644378662
1.9304680824279785
1.7714345455169678
2.0534467697143555
2.0692501068115234
2.138803243637085
1.7771942615509033
1.8971482515335083
1.832940697669983
1.9874130487442017
1.7702093124389648
1.8825254440307617
1.6620192527770996
2.3565118312835693
1.7762657403945923
1.8135827779769897
1.4765058755874634
1.5289016962051392
1.7343190908432007
2.128863573074341
2.027372360229492
2.0973377227783203
2.005906581878662
1.6893922090530396
2.0247650146484375
1.9701632261276245
1.7000943422317505
1.950658917427063
2.048027276992798
1.8925763368606567
2.2839138507843018
1.6942474842071533
1.9251710176467896
2.0676960945129395
2.1873908042907715
2.1066856384277344
2.2270774841308594
2.017927885055542
1.6547783613204956
1.9037870168685913
1.8738796710968018
1.7994645833969116
1.7468661069869995
1.8119018077850342
1.613765835762024
1.7390813827514648
1.895024299621582
2.10311222076416
1.600075364112854
1.900483250617981
2.2490317821502686
1.8115605115890503
1.766777515411377
2.0347115993499756
2.105989456176758
1.9886040687561035
1.655225396156311
1.991760015487671
1.844106912612915
1.8450449705123901
1.9492090940475464
1.8617181777954102
1.739417314529419
1.8547190427780151
2.106555461883545
1.5721282958984375
1.9449188709259033
2.077941656112671
1.8429310321807861
1.9509551525115967
1.999690055847168
1.7094342708587646
1.7060657739639282
1.8705898523330688
1.8565396070480347
1.7680258750915527
2.186462640762329
2.2889349460601807
1.6051397323608398
1.4648841619491577
1.8307769298553467
1.8972125053405762
2.004178524017334
1.6159340143203735
1.565204381942749
1.5600403547286987
2.194495439529419
1.84931480884552
2.2332613468170166
1.591956377029419
1.6173827648162842
1.9737344980239868
1.7797151803970337
1.7044053077697754
2.0476691722869873
1.5874751806259155
1.5842456817626953
1.6296346187591553
1.6231112480163574
1.481808066368103
1.7667471170425415
1.9816069602966309
2.0039706230163574
1.738586664199829
1.7035795450210571
2.0734927654266357
1.468037724494934
1.6954926252365112
1.4130421876907349
1.5873833894729614
2.1261234283447266
1.6702874898910522
1.772942066192627
1.7379165887832642
1.863057255744934
1.545390009880066
2.0320756435394287
1.6983684301376343
2.0280182361602783
1.7339173555374146
1.9375207424163818
2.103208065032959
1.7532027959823608
1.7380071878433228
1.5247588157653809
1.8523141145706177
1.5317573547363281
1.795210361480713
2.0443692207336426
1.771254301071167
1.908979058265686
1.4262014627456665
1.611298680305481
1.9201154708862305
1.5714739561080933
1.4371060132980347
1.5499927997589111
1.6491698026657104
1.443589687347412
1.7610406875610352
1.273769736289978
1.3909848928451538
1.783761739730835
1.794466495513916
1.740040898323059
1.5363446474075317
1.3990029096603394
1.7366185188293457
1.6848773956298828
1.645902395248413
1.4672514200210571
1.603450059890747
1.42287015914917
1.7273091077804565
1.6775188446044922
1.2970902919769287
1.5751712322235107
1.7512295246124268
1.524998426437378
1.8806880712509155
1.3981956243515015
1.4413180351257324
1.8209824562072754
1.6418322324752808
1.348891019821167
1.4721888303756714
1.7868716716766357
1.263047695159912
1.816016674041748
2.0121877193450928
1.507529854774475
1.462477207183838
1.720416784286499
1.432080864906311
1.5468312501907349
1.6088794469833374
1.707953691482544
1.3382419347763062
1.765060544013977
1.83455491065979
1.3624792098999023
1.7388767004013062
1.6192352771759033
1.5617343187332153
1.5221832990646362
1.7961117029190063
1.589551329612732
1.3550409078598022
1.7936060428619385
1.3857216835021973
1.564676284790039
1.4871457815170288
1.6098300218582153
1.6801331043243408
1.6556822061538696
1.4794120788574219
1.6716547012329102
1.643286108970642
1.6625198125839233
1.5658056735992432
1.4460475444793701
1.6655776500701904
1.4702491760253906
1.8167415857315063
1.5506742000579834
1.48822021484375
1.8684873580932617
1.5504459142684937
1.2859253883361816
1.3548301458358765
1.5387436151504517
1.5872328281402588
1.6516013145446777
1.4891799688339233
1.5374318361282349
1.4825232028961182
1.3884321451187134
1.682460069656372
1.6251236200332642
1.368066430091858
1.7354134321212769
1.1508674621582031
1.1833844184875488
2.018643856048584
1.393320918083191
1.3768504858016968
1.3575470447540283
1.7024608850479126
1.7243432998657227
1.126197099685669
1.9054213762283325
1.477469801902771
1.680995225906372
1.2999812364578247
1.3198721408843994
1.3215235471725464
1.542383074760437
1.4371594190597534
1.5632206201553345
1.7360386848449707
1.7850749492645264
1.2923704385757446
1.2725920677185059
1.420920729637146
1.4303792715072632
1.1068824529647827
1.6424940824508667
1.5562806129455566
1.006868600845337
1.5732066631317139
1.3585612773895264
1.7004518508911133
1.6358805894851685
1.1773200035095215
1.4000964164733887
1.421329140663147
1.4285980463027954
1.6760040521621704
1.4002594947814941
1.4753364324569702
1.3923531770706177
1.5272876024246216
1.4226864576339722
1.3311128616333008
1.5531702041625977
1.5146796703338623
1.28904128074646
1.2364435195922852
1.6108245849609375
1.7877423763275146
1.5385355949401855
1.088005781173706
1.5642555952072144
1.506201982498169
1.2510943412780762
1.7672336101531982
1.2029283046722412
1.772714614868164
1.3240466117858887
1.5841495990753174
1.292310357093811
1.5043104887008667
1.3948973417282104
1.1596485376358032
1.3573716878890991
1.342247724533081
1.201601266860962
1.2571803331375122
1.3975354433059692
1.0610049962997437
1.291967511177063
1.4463270902633667
1.6338772773742676
1.5370888710021973
1.4892120361328125
1.3928245306015015
1.3226168155670166
1.3644980192184448
1.6056636571884155
1.687943935394287
1.4141945838928223
1.7231473922729492
1.5079237222671509
1.336273193359375
1.411408543586731
1.1738018989562988
1.3049126863479614
1.0547250509262085
1.3764907121658325
1.1462875604629517
1.3612453937530518
1.1877332925796509
1.2876276969909668
1.3374080657958984
1.4755367040634155
1.5742474794387817
1.3486922979354858
1.370182991027832
1.3560304641723633
1.5594075918197632
1.3354322910308838
0.9999985694885254
1.2374516725540161
1.2169941663742065
1.0817259550094604
1.330296277999878
1.1055641174316406
1.2320234775543213
1.2220327854156494
1.4337254762649536
1.0751316547393799
1.239150881767273
1.6712048053741455
1.5204702615737915
1.3614473342895508
1.5606801509857178
1.3787397146224976
1.530787467956543
1.2143641710281372
1.3802807331085205
1.7642172574996948
1.3154559135437012
1.2419685125350952
1.2375186681747437
1.0783977508544922
1.3300909996032715
1.6780015230178833
1.2352861166000366
1.6011991500854492
1.2793642282485962
1.1662118434906006
1.451043963432312
1.22152578830719
1.4434324502944946
1.0139694213867188
1.4308451414108276
1.2616651058197021
1.704607367515564
1.008270502090454
1.5121023654937744
1.428646445274353
1.232539176940918
1.2094895839691162
1.1350940465927124
1.3197189569473267
1.2159550189971924
1.0932799577713013
1.3319916725158691
1.2055529356002808
1.370012879371643
1.2159168720245361
1.240293264389038
1.2514487504959106
1.087181568145752
1.5324326753616333
1.3176429271697998
1.0105293989181519
1.3611289262771606
1.0551557540893555
1.3863513469696045
1.3357117176055908
0.9734345078468323
1.1160461902618408
0.90958172082901
1.3116629123687744
