4.5532069986738515
4.494594529461677
4.451250445812255
4.414537774937232
4.372891802921929
4.342811336297818
4.3114940132326485
4.275801195817835
4.234952994014906
4.198343053803114
4.156013339071932
4.120481173400684
4.087013045540246
4.053674932635959
4.021876296119007
3.989043996157244
3.954043029519298
3.924147468088838
3.896729863513156
3.8679963207000965
3.841004707014469
3.8093301984660157
3.7740789749433317
3.747099001084447
3.714364170723254
3.6820797770834335
3.6514985442466443
3.6239481972306584
3.592900263074109
3.5630045269456363
3.529371699713685
3.495365153798057
3.4677290276188373
3.441359656241239
3.4161362306541188
3.3904941045414763
3.3629689814184633
3.333767334213647
3.311967257953361
3.2828722277565685
3.262190512074229
3.2422432728740564
3.2177283227291253
3.1867956285891323
3.169785894701243
3.13823895594653
3.119138409719443
3.0961552504688274
3.0778932903733707
3.0533816469904713
3.02893080796732
3.001847821733226
2.9819748666890136
2.9592894376696224
2.9441876652295633
2.921599057324402
2.904798688486104
2.877859660731557
2.855545629625735
2.8380298388888465
2.8191226641540332
2.7981128024932977
2.784403237845282
2.7597935419253377
2.740358786814658
2.712352338959189
2.6984466533831624
2.686170826787534
2.6646740409114478
2.6438732339293147
2.6202051252355356
2.611057921443754
2.582360883807892
2.5697482574321424
2.5431395680703166
2.5427386814066213
2.514753502348195
2.493328478787561
2.482773244685834
2.453830846435274
2.436817240532097
2.4179460787407274
2.3994741491649463
2.3925034963261442
2.372825696797627
2.34718083237748
2.3310755238203744
2.3228392239726716
2.302199639780137
2.284676966612296
2.264626959248272
2.2432169302955005
2.2377653740860923
2.21293654847328
2.1984509787596096
2.187577845190492
2.16753167188381
2.1560601678955584
2.1321598974335223
2.1232955382608085
2.1124308991920002
2.09398560755698
2.072349450624812
2.0582898076233045
2.0416500176615116
2.0279062164713966
2.009263101593613
1.9939585789999998
1.9834412072625611
1.978498392550232
1.9517101706446285
1.9310121705465
1.922816946835774
1.9063289017628526
1.8963997566791446
1.88107704033937
1.8627610904786287
1.8490995234235779
1.834444069801389
1.8200080961827427
1.8116858086317702
1.787243759388204
1.7739068786506458
1.75861411555039
1.7478888082077435
1.7282521549393148
1.725303056142519
1.7087124663850535
1.6939757662965818
1.6853834815952173
1.6589804877100698
1.653024425287076
1.6230118427130267
1.611846194395324
1.6182576623719063
1.5851121021963446
1.5754686850111197
1.5692461503436193
1.555648634729483
1.5394355331540412
1.5287523052424117
1.5159984705850595
1.4934688827113423
1.4835344761838694
1.4716520339174344
1.460949365135349
1.450900236282812
1.4326623884765692
1.419134003960568
1.4032443258768457
1.3873041872020877
1.3804327055164005
1.3666214430728532
1.3552216539907334
1.3380867480621923
1.3264207531271688
1.3191442722097382
1.2977833685362736
1.2916570209786105
1.276158138385514
1.2618481998553361
1.2550175375188404
1.246814644397677
1.2353957837347485
1.234976402
1.229574672
1.224554334
1.218790415
1.196496877
1.191300351
1.167172639
1.164435756
1.158611115
1.150138535
1.131879588
1.122733885
1.112509076
1.112537798
1.104046011
1.086995742
1.07713581
1.062913241
1.047883215
1.046525455
1.041618448
1.027247479
1.01505424
1.009885356
1.002898391
0.995733243
0.972139165
0.964268564
0.956186663
0.958618177
0.939370576
0.937921734
0.920163795
0.913184401
0.905267714
0.891673956
0.89029467
0.885350221
0.873615663
0.863928617
0.852448963
0.85379814
0.834162056
0.818831513
0.819798398
0.812773767
0.803945863
0.795523728
0.787480511
0.772009674
0.777300986
0.762693778
0.752376404
0.744478783
0.740586834
0.735555787
0.731355786
0.708317125
0.707367788
0.698907871
0.698262277
0.680882675
0.677150571
0.663848697
0.664360472
0.659582002
0.650727268
0.641627784
0.635842874
0.631311785
0.622161444
0.606982035
0.600792466
0.600075866
0.603240798
0.593063557
0.569541655
0.574858124
0.561515559
0.551567685
0.555039592
0.545695961
0.544776129
0.536402453
0.525168737
0.528901297
0.511603325
0.512326632
0.500825175
0.503830354
0.497064288
0.48913858
0.485763456
0.482542067
0.476863116
0.473924517
0.464572286
0.454320886
0.456150461
0.443393933
0.448241676
0.441467812
0.430877859
0.438167121
0.42353659
0.425979273
0.407631036
0.408039609
0.396966171
0.399322651
0.398502719
0.392627708
0.393577358
0.390293984
0.38096591
0.37391857
0.367467112
0.367260792
0.361704325
0.350245639
0.349713072
0.347153859
0.346621256
0.338422876
0.331214369
0.340971735
0.328527195
0.324415795
0.326794532
0.322466102
0.30851686
0.315948988
0.308690808
0.299783173
0.292736605
0.292854601
