2844.1214542388916
2540.312342643738
2187.406592130661
2315.1742334365845
2514.8670856952667
2779.426863670349
1939.3294348716736
2126.5622425079346
3304.428666114807
2787.153284549713
3116.8165714740753
1897.8725280761719
3112.9955508708954
1971.489152431488
3043.2953951358795
1940.45077586174
2182.7401077747345
2102.87247300148
2356.5617945194244
1793.4958345890045
2060.5383172035217
1786.51149559021
2577.9670011997223
1817.0130050182343
1794.0777399539948
1789.2991251945496
2338.387738466263
2722.0513837337494
2112.8222827911377
2413.149864435196
1917.9229135513306
1958.0168557167053
1905.2566680908203
2088.6128804683685
2215.2835655212402
2071.1231846809387
2187.3832352161407
2093.041449546814
2785.045583963394
3367.8428950309753
2166.4158947467804
2371.3258192539215
2501.6545548439026
2446.3989720344543
2119.2821741104126
1996.405436515808
2359.3134818077087
1824.4654252529144
2263.6499240398407
1946.395102262497
2110.2714347839355
2244.4045395851135
2072.810494661331
2076.5171036720276
2612.0811903476715
2320.5949642658234
3180.5352733135223
2544.9431767463684
3325.759377479553
2201.3180470466614
2788.090616464615
3072.8579227924347
1936.1071979999542
2068.424803495407
2217.948850631714
2324.8163607120514
2640.473525285721
2087.43035364151
1953.3730852603912
1902.6515264511108
2111.5578513145447
2214.9510536193848
2338.850337743759
2301.458297729492
2001.7911825180054
2481.6111240386963
2209.0073528289795
3276.2989106178284
2455.67804145813
2096.069426059723
2260.368144273758
2196.391001224518
2264.750220298767
2130.416989326477
2138.8231258392334
1808.2227821350098
2226.1621096134186
2123.4066112041473
2117.4647130966187
2131.5406045913696
2414.358631134033
2385.5939831733704
2619.3696835041046
2096.948244333267
1824.9531388282776
2476.3578135967255
2250.5628221035004
2119.199903488159
2669.75199341774
1940.2039721012115
3074.4822268486023
2407.9869470596313
2979.504361629486
2821.81413936615
3420.034908771515
3531.983622074127
2889.8683252334595
2397.4174337387085
1944.9248774051666
1955.6061799526215
1960.4148530960083
2064.766387462616
2065.071069955826
2028.928251028061
2205.4950366020203
1810.1129348278046
2072.1036791801453
1909.3714940547943
3188.481722831726
2503.56667304039
2594.2973277568817
3200.6208448410034
3440.26318192482
2464.3914790153503
2271.526181936264
1969.027983903885
2230.7603273391724
2221.7370326519012
1849.2618629932404
2440.3354766368866
2221.875373840332
1810.6431682109833
2157.018797636032
2335.9450011253357
2338.3910455703735
2493.672285079956
2084.138100385666
1981.6294877529144
2227.8893468379974
2232.001036643982
2216.93901181221
2364.0406110286713
2036.7665166854858
1801.784052848816
2252.154747724533
2093.908944606781
2246.0966272354126
2087.975932598114
2372.4615087509155
2353.580491065979
2489.6939527988434
1838.0098762512207
2709.3154911994934
2789.0422909259796
2228.4639418125153
1941.448820590973
1871.304565668106
1925.4857325553894
1973.1075472831726
2194.5347962379456
2356.624465942383
2489.890770673752
2228.2137129306793
2676.064046382904
