1.76
2.55
3.228
3.61
4.136
4.47
4.644
5.188000000000001
5.556
6.032
6.5680000000000005
6.9239999999999995
7.2139999999999995
7.854
8.054
8.696
9.325999999999999
9.568
9.918000000000001
10.41
10.806000000000001
11.24
11.552
11.899999999999999
12.447999999999999
13.142000000000001
13.459999999999999
14.06
14.572
15.076
15.537999999999998
15.988
16.872
17.028
17.34
17.812
18.682000000000002
18.962
19.386
19.826
20.244
20.418
20.843999999999998
21.46
21.858
22.374
22.648
23.102
23.61
24.134
24.458
24.916
25.378
25.679999999999996
25.974000000000004
26.44
26.672
27.206000000000003
27.732
28.218
28.721999999999998
28.727999999999998
29.092000000000002
29.564
29.836000000000002
30.432
30.724
31.056
31.846000000000004
31.982
32.682
32.552
32.992
33.488
33.794000000000004
34.448
34.676
34.849999999999994
35.248000000000005
36.1
36.286
36.68
37.18
37.206
37.64
38.263999999999996
38.302
38.854
39.488
39.578
39.885999999999996
40.598
40.764
41.064
41.392
42.062
42.196
42.544
42.846000000000004
43.092000000000006
43.32
43.802
44.39
44.448
45.134
45.397999999999996
45.738
45.891999999999996
46.588
46.589999999999996
47.11
47.524
47.648
47.967999999999996
48.302
48.634
49.059999999999995
49.496
49.784
50.114000000000004
50.184
50.904
51.088
51.605999999999995
51.988
52.629999999999995
52.26
52.856
53.1
53.422000000000004
53.937999999999995
54.154
54.86600000000001
55.044000000000004
54.862
55.611999999999995
55.948
56.214
56.484
56.82000000000001
57.07
57.556
57.916000000000004
58.126
58.309999999999995
58.952000000000005
59.099999999999994
59.29
60.098
60.041999999999994
60.738
60.936
61.038000000000004
61.466
62.06
62.06
62.461999999999996
62.964
63.124
63.49399999999999
63.449999999999996
63.926
63.978
64.74
