279.17503929138184
283.4329261779785
285.04929852485657
280.8759956359863
283.3695890903473
242.56773233413696
235.79594802856445
235.42061352729797
235.7550175189972
235.57360434532166
235.74666833877563
235.50433588027954
235.7276828289032
235.52759313583374
235.651385307312
235.5804181098938
235.6608452796936
235.66221594810486
235.64848279953003
235.6721739768982
235.54940557479858
235.7049205303192
235.4641194343567
235.65565705299377
235.58733129501343
235.76885771751404
235.48086833953857
235.7310495376587
235.4777889251709
235.8413565158844
235.4648153781891
235.86539340019226
235.47602581977844
235.7494444847107
235.56705522537231
235.60326266288757
235.52149152755737
235.55636644363403
235.705659866333
235.5228352546692
235.57948446273804
235.43054056167603
235.6812038421631
235.60739469528198
235.83309268951416
235.45368432998657
235.89834141731262
235.34552240371704
235.7763524055481
235.56034469604492
235.68245363235474
235.42123341560364
235.69431686401367
235.37636804580688
235.7390022277832
235.56046438217163
235.61863255500793
235.63475441932678
235.60449624061584
236.02109026908875
242.8198823928833
235.2266526222229
235.05983805656433
235.14546847343445
234.94418358802795
235.18020391464233
234.91798281669617
235.22009468078613
234.8902554512024
235.1441695690155
234.8685851097107
235.14026403427124
234.9205129146576
235.1112780570984
234.8985776901245
235.13382363319397
234.91135215759277
235.16896891593933
235.02045822143555
235.00519108772278
235.02235293388367
234.98925590515137
235.0408229827881
234.88224816322327
235.12046432495117
234.91911363601685
235.0106852054596
234.97108221054077
235.11658644676208
234.9035084247589
235.20523881912231
234.89203524589539
235.25303745269775
234.8361473083496
235.06682968139648
234.88357377052307
235.43028712272644
234.91989278793335
235.02347803115845
234.95803213119507
235.0226469039917
235.09771251678467
234.9047074317932
235.07873106002808
234.91000366210938
235.09084701538086
234.9148404598236
235.06011319160461
234.9303936958313
235.1280403137207
234.84377598762512
235.01479291915894
235.01344871520996
235.0254774093628
234.8328037261963
234.99217438697815
235.00464272499084
234.99708318710327
234.92548155784607
234.91619515419006
235.49347615242004
234.93341302871704
234.89862513542175
235.0275421142578
235.11989951133728
234.80521631240845
235.07108449935913
234.95808959007263
235.09947657585144
234.9085726737976
235.05136156082153
234.87786149978638
235.0388925075531
234.67191529273987
235.10903143882751
235.02905678749084
235.08686327934265
234.94138526916504
234.99262380599976
234.89342427253723
234.96793746948242
234.90058302879333
234.8988070487976
235.02249026298523
234.8668360710144
235.24094462394714
234.96575546264648
235.07549047470093
234.87999391555786
235.02668261528015
234.84179592132568
235.10435891151428
234.96273374557495
235.0789783000946
234.79637455940247
235.01929426193237
234.8352563381195
235.02130484580994
234.79302597045898
235.06345009803772
235.0165138244629
234.98230409622192
234.93150162696838
235.13243532180786
234.9890594482422
234.9099519252777
234.95514369010925
234.95906567573547
235.03171515464783
234.9493432044983
235.08071327209473
234.91655015945435
235.06996393203735
234.7992126941681
235.1336727142334
234.92829608917236
235.12861490249634
234.9137601852417
235.10474467277527
234.91176390647888
234.98836040496826
234.9437563419342
234.97156810760498
234.85005402565002
234.99688243865967
234.93158984184265
235.02245354652405
234.94699096679688
234.94668793678284
235.11299586296082
234.8824119567871
235.09862732887268
234.88627290725708
235.11714553833008
234.9407296180725
235.0469810962677
234.85626077651978
235.146990776062
234.80577063560486
235.1079671382904
234.84238243103027
235.0375051498413
234.8623719215393
235.05795526504517
234.94270491600037
235.1369330883026
234.97994589805603
264.2926802635193
282.33178520202637
284.3118793964386
279.45151376724243
283.7710003852844
284.15365266799927
280.94143867492676
285.2666254043579
283.78526616096497
282.24512004852295
284.4459297657013
281.4426417350769
282.7320122718811
286.8654029369354
271.5465350151062
274.8690252304077
269.1363060474396
263.7753391265869
261.8531138896942
280.96430945396423
283.1341087818146
284.1290936470032
280.9523115158081
285.1840512752533
282.4724552631378
282.4718849658966
284.7454888820648
282.6150209903717
281.9350252151489
282.97153973579407
282.7604591846466
282.0040965080261
283.3850431442261
281.11478328704834
282.396226644516
285.05615186691284
281.70108222961426
283.27187299728394
283.10645627975464
281.18892788887024
283.9700093269348
283.79750657081604
282.5967741012573
285.99215292930603
279.7159490585327
282.29086804389954
285.2979025840759
281.08527851104736
283.8288860321045
283.49036931991577
281.357928276062
283.35838866233826
283.907630443573
281.1857764720917
282.8540859222412
282.3626754283905
281.2825939655304
282.2689859867096
282.1899697780609
282.41108107566833
283.2690806388855
280.9682011604309
283.7230894565582
282.65252470970154
281.22327303886414
282.22227358818054
280.4400293827057
280.9567959308624
282.79035353660583
281.95069670677185
280.66006898880005
281.9609909057617
281.30177068710327
282.2966103553772
283.3816158771515
280.7513825893402
281.2574243545532
282.0467207431793
279.9247567653656
284.5122163295746
279.6746098995209
280.0251200199127
283.13508558273315
279.0920178890228
281.77277636528015
282.1479949951172
280.1328902244568
283.4825510978699
279.8999207019806
279.3456540107727
284.8394525051117
280.9243814945221
282.5597035884857
