4.532993511165804
4.471282321168943
4.429445521605899
4.399925377057946
4.376648526057563
4.3530688554124755
4.31867640219686
4.2868314368645555
4.260544033611522
4.228223532057174
4.197470681136831
4.17038554273298
4.143204632622506
4.125773039620245
4.09900940440195
4.079052361685907
4.050151296283888
4.024494581210339
4.013653518903591
3.9869253650650647
3.9675819014039493
3.9424104803358504
3.9211357920371053
3.902635592633806
3.879049471272227
3.8613874799455217
3.8372182352158726
3.8167515730918824
3.795212371879831
3.7695302268123383
3.757234690744249
3.7267053343755814
3.7037858002630952
3.683841733676393
3.6629791003663827
3.642932600072583
3.6233142980224335
3.605316768521848
3.581415709632132
3.557891907899276
3.5434656438925076
3.520371242252457
3.5038869213265227
3.486089578065116
3.4656246528601096
3.4451616161009846
3.4281611201708273
3.4117978347841738
3.3934207767476816
3.3728221545134054
3.354349038180183
3.3359306815944976
3.3278011998252186
3.2989227576633855
3.2821975132388532
3.2671959113586895
3.2524233556464504
3.2287080931236676
3.2173763976987364
3.1984625271214244
3.17906233538752
3.162511240185984
3.1510112185002592
3.132923781719354
3.1163697447008487
3.102292498969056
3.0812557627782797
3.06593256990623
3.049146898567219
3.0423147550324345
3.023828076584565
3.007773107579907
2.9966561266833254
2.9789326776324025
2.966133600000835
2.950535483372486
2.9346861936857023
2.920476768327796
2.9023573282734514
2.8818143706797335
2.871138797086828
2.8586532026910416
2.8430247919638747
2.8302899592977657
2.8183226448190792
2.801144091369551
2.7866689308220165
2.7686278249906455
2.760367791366089
2.750902162793347
2.7345782533630993
2.721999475108388
2.697883203511348
2.6968612509310397
2.6761298960127182
2.6659175904510577
2.651399949932342
2.637207198021052
2.622740046752383
2.6127214643656447
2.596101901720247
2.5806925668740823
2.5691489136737324
2.556975842131983
2.54828583370999
2.531178837846917
2.5184590499419386
2.5052216412771084
2.4979358812427277
2.481146920672463
2.4681185061669413
2.458145866461117
2.4506850314262274
2.4368972603012535
2.4236016659175648
2.4121589256674434
2.398743385091767
2.377508840902382
2.3784190677011106
2.3696468446565713
2.354919922626232
2.3444779547279144
2.3352818022603574
2.321989104266057
2.3058771684651487
2.2931336688873407
2.278431726995941
2.2679288141867695
2.2588768025188495
2.243912961781787
2.2304160706222516
2.219317508170672
2.206944438197729
2.196225573492172
2.1849820633678485
2.1750575383300976
2.1627282292946526
2.1472903913854027
2.138499996393843
2.1248540250236725
2.1129466731225133
2.105000278528999
2.0938712515489524
2.0829258501682135
2.0687975958180242
2.0593468696260087
2.0499644213930117
2.0401090805792745
2.0249964453070364
2.0108263173981396
2.0026933145340142
1.9879765287994424
1.9842375960496381
1.971989939737198
1.9547373024399017
1.9456486381838083
1.931933250268707
1.915490630490091
1.9109372322821556
1.8975560079755076
1.8897497653961182
1.8782683377680571
1.8653866535867267
1.853634944199906
1.838974772664287
1.8358241956862038
1.8218856522494264
1.8072309486396478
1.789456190203157
1.7863221035893921
1.771737084821667
1.7668911488464727
1.7596197000245
1.7359861390060172
1.7277478005575098
1.7163663300711784
1.701387727199613
1.7002025958522202
1.685771425209387
1.6819445582302026
1.661626463808367
1.6551181901141505
1.6460770158206715
1.6263535554756594
1.6223129980704363
1.6008127892718595
1.5948198340128146
1.5846887912286822
1.5727890330507321
1.5594897291544454
1.554929523821682
1.55292235509209
1.5290573129568563
1.5319192023838268
1.5082068673485076
1.5054396413781148
1.4822884194381403
1.4777731111897228
1.4797233888102919
1.4574216399961115
1.446648369436069
1.4321366582837556
1.4219875985094348
1.4146666805762464
1.4005294822518477
1.386989560654706
1.375813751421926
1.3701603930167225
1.3618316701458544
1.3484307557268216
1.333951302044227
1.3282233337916987
1.3103203766638665
1.2989710484014447
1.2975043759626501
1.2778758149775094
1.2742317453064882
1.268956433629136
1.2515927656837131
1.2450417021808722
1.2253490623915593
1.2202980769869616
1.207080461408781
1.198690354900287
1.1879052159274022
1.1808712075433463
1.1666248797455712
1.158988410402137
1.151346432735853
1.139500239621038
1.1268170697762228
1.1163600961418103
1.103647626955491
1.1038213284576641
1.0840455848542625
1.0741122220940602
1.07705591843866
1.054480367304419
1.0442874959820068
1.0334567689834653
1.0253653331180972
1.014303557479473
1.0160570432005636
0.9963033802978828
0.9912684353263786
0.9750824251290783
0.9646454228617042
0.9475203385895781
0.9451910040110273
0.9368517960581328
0.9236391838401785
0.912547509726661
0.909029962385402
0.8953350129182381
0.8831602783154344
0.8806404593350637
0.8734913079634957
0.8596268159425472
0.849527017997049
0.8422406881361666
0.8386141686793178
0.8203299946111181
0.8096444299230185
0.8056927760467505
0.7906383101440146
0.7898241684717291
0.7829414606475464
0.7770827536845146
0.7626998712263449
0.7492573459434997
0.7504326032708063
0.7375509532744927
0.7272230163026039
0.7256778541885679
0.7113348050495548
0.709813572028104
0.6982734654184497
0.6915257892111684
0.6872914596972868
0.680221251743224
0.660576255234611
0.6527149045025297
0.6517207573365678
0.6407584872315911
0.6316823649132038
0.6293248845945538
0.6198873147940087
0.6128494004383112
0.60908552527885
0.597731361608676
0.5906112465026129
0.5848897490126398
0.5825761890472354
0.5714090337876774
0.5656353727249843
0.5517521078705483
0.5471496802309285
0.5402226718071171
0.5385707246373072
0.5373080414922341
