4.537017345428467
4.579882621765137
4.552351474761963
4.504105567932129
4.5243401527404785
4.496424198150635
4.500613212585449
4.484504222869873
4.517171859741211
4.471149444580078
4.442934989929199
4.432003021240234
4.399065017700195
4.483164310455322
4.444846153259277
4.359134197235107
4.46604061126709
4.406436920166016
4.427880764007568
4.454865455627441
4.456837177276611
4.294256687164307
4.415909767150879
4.412356376647949
4.495846271514893
4.391870975494385
4.36787223815918
4.352889060974121
4.362175941467285
4.359588146209717
4.393181324005127
4.30861759185791
4.4627814292907715
4.384921073913574
4.372511863708496
4.3867268562316895
4.368783950805664
4.2239155769348145
4.43410062789917
4.358161926269531
4.316220760345459
4.452786922454834
4.316549301147461
4.416303634643555
4.343103885650635
4.399334907531738
4.180563449859619
4.255575656890869
4.3648247718811035
4.20823335647583
4.279893398284912
4.203130722045898
4.196658134460449
4.291147232055664
4.309247970581055
4.268961429595947
4.2188825607299805
4.21715784072876
4.108484268188477
4.2811808586120605
4.348415851593018
4.247541427612305
4.217273235321045
4.196581840515137
4.106693267822266
4.401522636413574
4.238917350769043
4.195857048034668
4.2088212966918945
4.24729585647583
4.20947265625
4.168023109436035
4.229387283325195
4.3471760749816895
4.157200813293457
4.40134334564209
4.352292060852051
4.030969142913818
4.166555881500244
4.237607479095459
4.289697170257568
4.102096080780029
4.284801006317139
4.244439601898193
4.064009189605713
4.1939897537231445
4.041197299957275
4.048879146575928
4.201977252960205
4.099508762359619
4.08193302154541
4.075771808624268
4.085435390472412
4.2227559089660645
4.159470081329346
4.060237884521484
4.071927070617676
4.218348503112793
4.190180778503418
4.151658058166504
3.935999631881714
4.095289707183838
4.150820255279541
4.12556266784668
4.048553466796875
4.209599494934082
4.016289234161377
4.215450286865234
4.175981044769287
4.162074089050293
3.9004156589508057
4.2907023429870605
3.8049914836883545
4.068922519683838
4.0594401359558105
4.02890682220459
4.107362747192383
4.081748962402344
4.08263635635376
4.023230075836182
4.043323040008545
3.968482255935669
3.900749444961548
4.100588798522949
3.823209762573242
4.218673229217529
3.9261422157287598
4.005922794342041
3.979612112045288
4.060456275939941
3.993229866027832
4.025290489196777
4.004584312438965
3.9887516498565674
3.8775954246520996
4.163726806640625
3.982379913330078
3.9592933654785156
4.218085289001465
4.025722503662109
3.771439552307129
4.174720287322998
3.869621753692627
3.877995491027832
3.9449565410614014
3.6670339107513428
3.8757009506225586
3.896728754043579
3.9339354038238525
4.027276039123535
4.067947864532471
4.022828578948975
4.0321431159973145
3.959364414215088
3.5581233501434326
3.950847625732422
4.100710391998291
4.1056694984436035
3.9219064712524414
4.144197940826416
4.058178901672363
3.863759994506836
3.86761736869812
3.915062427520752
3.8407962322235107
3.892515182495117
3.8729193210601807
3.9208555221557617
4.1018757820129395
3.8638997077941895
3.6449522972106934
3.821399211883545
3.894270181655884
3.7946715354919434
3.9112439155578613
3.8488006591796875
3.8815321922302246
3.937174081802368
3.7287819385528564
3.90610671043396
4.104144096374512
4.005570888519287
3.86747407913208
3.8675992488861084
3.918705940246582
3.5263233184814453
3.8593716621398926
4.111963748931885
4.024754047393799
3.639812707901001
3.37373685836792
3.9055235385894775
3.6103992462158203
3.7628250122070312
3.9102671146392822
3.968661308288574
3.8433899879455566
3.9172308444976807
3.9205408096313477
3.9348998069763184
4.010432720184326
3.8354976177215576
3.860834836959839
3.7117888927459717
3.8503634929656982
3.789217710494995
3.664088726043701
3.888953447341919
3.8128256797790527
3.510495662689209
3.7973639965057373
3.769767999649048
3.7745091915130615
3.8662638664245605
3.7550179958343506
3.7324209213256836
3.650495767593384
3.691610813140869
3.705120801925659
3.81685209274292
3.728639841079712
3.652050733566284
3.742790937423706
3.7146430015563965
3.54049015045166
3.6810030937194824
3.945819139480591
3.825563907623291
3.5846140384674072
3.7952895164489746
3.5144612789154053
3.373206853866577
3.7807319164276123
3.9819722175598145
3.444216012954712
3.7038164138793945
3.59243106842041
3.7727744579315186
3.5523276329040527
3.4462227821350098
3.551523208618164
3.345745086669922
3.605151653289795
3.528928518295288
3.619006395339966
3.8924877643585205
3.500555992126465
3.551010847091675
3.6624999046325684
3.7123401165008545
3.874725341796875
3.599153995513916
3.689263105392456
3.3942670822143555
3.553239583969116
3.564824342727661
3.496924877166748
3.6791749000549316
3.6401047706604004
3.7848403453826904
3.7647829055786133
3.5753798484802246
3.6413750648498535
3.540518283843994
3.8769264221191406
3.535980463027954
3.5802831649780273
3.749103307723999
3.6661784648895264
3.4337923526763916
3.8075952529907227
3.7088794708251953
3.5035996437072754
3.55942964553833
3.3202226161956787
3.280078887939453
3.475847005844116
3.3630146980285645
3.5053086280822754
3.562330722808838
3.7543349266052246
3.802183151245117
3.4905505180358887
3.774224281311035
3.541045665740967
3.48443865776062
3.5483710765838623
3.5879344940185547
3.3513550758361816
3.222252607345581
3.4199373722076416
3.154439926147461
3.338176965713501
3.510735034942627
3.5152587890625
3.4646482467651367
3.34421968460083
3.7157387733459473
3.4437520503997803
3.456688642501831
3.402730703353882
3.4685635566711426
3.3657655715942383
3.113884449005127
3.5517215728759766
3.3274118900299072
3.396779775619507
3.8034088611602783
3.4240939617156982
3.487705945968628
3.500751256942749
3.595817804336548
3.2489616870880127
3.51605486869812
3.8222992420196533
3.333311080932617
3.433330774307251
3.481685161590576
3.2458205223083496
3.3231780529022217
3.444920778274536
3.622485876083374
3.464730978012085
3.204270362854004
3.655872344970703
3.1595942974090576
3.498685598373413
3.5242278575897217
3.0964555740356445
3.8056700229644775
3.24202299118042
3.6109673976898193
3.699389696121216
3.2379138469696045
3.480642557144165
3.47615909576416
3.294839859008789
3.470208168029785
3.6132001876831055
3.3384029865264893
3.3315234184265137
3.3943450450897217
3.282122850418091
3.2385969161987305
3.145383834838867
3.36777925491333
3.5199475288391113
3.5284368991851807
3.1822500228881836
3.3654158115386963
3.201650857925415
3.726374864578247
3.2690517902374268
3.757680892944336
3.351628541946411
3.454826831817627
3.1675808429718018
3.253845453262329
3.554835557937622
3.2442641258239746
3.0735764503479004
3.2451648712158203
3.0119190216064453
3.2030322551727295
3.178926706314087
3.094317674636841
3.150742769241333
3.411869525909424
3.163236618041992
3.336703062057495
3.2032699584960938
3.297107696533203
3.2836015224456787
3.2992918491363525
3.633824110031128
2.9379303455352783
3.3691999912261963
3.3491909503936768
3.6396780014038086
3.186241388320923
3.4353208541870117
3.0782289505004883
3.3864474296569824
3.342486619949341
3.0001792907714844
3.2854833602905273
3.3139665126800537
3.4710028171539307
3.12306809425354
3.1595094203948975
3.2128379344940186
3.260103225708008
3.3840794563293457
3.273003101348877
3.069284677505493
3.474879264831543
3.587820053100586
3.1052072048187256
3.480921506881714
3.211444616317749
3.248108386993408
3.228872537612915
3.2006685733795166
3.3372175693511963
3.489617347717285
3.2043967247009277
3.2404918670654297
3.1174237728118896
3.1175360679626465
3.2129056453704834
3.000291109085083
3.278613567352295
3.2333450317382812
3.4538044929504395
2.97151517868042
3.2094526290893555
2.8728668689727783
3.2552647590637207
3.4641382694244385
2.982022762298584
3.08465838432312
3.237030267715454
3.7040252685546875
3.1642985343933105
3.07657527923584
3.1988704204559326
3.1119766235351562
3.1116607189178467
2.856802225112915
3.088575601577759
3.365231990814209
3.386322021484375
3.3145623207092285
3.8690552711486816
3.194561243057251
3.013761043548584
3.066462755203247
2.873732328414917
3.1663999557495117
3.315173864364624
3.1509368419647217
2.9473419189453125
2.9084925651550293
2.8705592155456543
3.072852611541748
2.8443431854248047
3.338167905807495
3.3022384643554688
3.1757473945617676
2.9336397647857666
3.2923314571380615
3.010996103286743
3.2753217220306396
3.06536865234375
3.512057304382324
2.681342124938965
3.5126235485076904
2.8842692375183105
3.0801241397857666
3.1425623893737793
3.0333993434906006
3.011232852935791
3.172194719314575
3.136354446411133
3.401069402694702
3.0607528686523438
2.983804225921631
3.2850382328033447
2.967526435852051
3.0691728591918945
3.189359188079834
3.191122531890869
3.1257705688476562
2.9690334796905518
3.013209342956543
3.056060314178467
3.014685869216919
2.8018991947174072
3.0662596225738525
3.034308433532715
3.0328736305236816
3.3248939514160156
3.281266689300537
2.88521409034729
2.9886648654937744
3.198817491531372
2.918949604034424
2.798117160797119
2.983788013458252
3.451608419418335
3.0026895999908447
3.165616273880005
2.9545295238494873
3.0235860347747803
2.8516347408294678
3.2764525413513184
2.954817295074463
3.389883041381836
3.2628936767578125
3.45644211769104
3.0441911220550537
3.282034397125244
3.0314948558807373
3.0547401905059814
3.12284255027771
2.872373342514038
3.469977378845215
3.2431588172912598
2.853071451187134
2.92319393157959
3.133152484893799
2.8208670616149902
2.980931520462036
2.859767198562622
2.713120937347412
2.7777812480926514
2.9771509170532227
2.9332220554351807
3.0691418647766113
3.239515781402588
2.7953059673309326
2.975461959838867
3.2815213203430176
2.663557529449463
3.050969362258911
3.038335084915161
2.881105422973633
3.1089441776275635
3.062445640563965
3.10461163520813
3.069877862930298
2.798172950744629
3.0413334369659424
3.0510733127593994
2.7802751064300537
2.985044002532959
2.91452956199646
3.056208372116089
2.9141247272491455
2.6943750381469727
2.925863027572632
2.7468440532684326
3.4482712745666504
2.955944538116455
3.0786619186401367
2.6203742027282715
2.8961069583892822
3.100299835205078
2.830650806427002
2.8874526023864746
2.8482179641723633
3.2612857818603516
2.7410225868225098
2.8672149181365967
3.071322441101074
2.8418314456939697
3.0172994136810303
3.1037776470184326
3.372128486633301
2.7463018894195557
2.8683254718780518
3.151113986968994
3.0498549938201904
3.0098206996917725
2.699789047241211
2.8361012935638428
2.6939172744750977
3.3132801055908203
2.7026093006134033
2.5840935707092285
2.9860079288482666
2.7817585468292236
2.5677754878997803
3.0462875366210938
2.993990182876587
2.5416488647460938
2.7602784633636475
2.5553135871887207
2.7035155296325684
2.7498321533203125
3.1116819381713867
3.0190439224243164
3.000795364379883
2.8540570735931396
2.717134714126587
2.809893846511841
2.887479782104492
2.8401761054992676
2.6832964420318604
2.7007501125335693
2.8886873722076416
2.8930604457855225
3.054018497467041
2.776826858520508
3.1705644130706787
2.8749701976776123
2.9910478591918945
2.6257834434509277
2.7316927909851074
2.7795684337615967
3.0206596851348877
2.7069618701934814
3.0966947078704834
3.157775402069092
2.901663303375244
2.787415027618408
2.9467411041259766
2.613276958465576
2.821552276611328
2.6618919372558594
2.7469961643218994
2.8363912105560303
2.78190016746521
2.853440523147583
2.929868459701538
2.6006674766540527
2.880934953689575
2.5584800243377686
2.7782130241394043
2.621955394744873
2.861743211746216
2.716355800628662
2.6157288551330566
2.7416203022003174
3.208122491836548
2.6916048526763916
2.945795774459839
2.876781463623047
2.857818841934204
2.7601449489593506
2.7662711143493652
2.7371439933776855
2.636641025543213
2.729240894317627
2.6447153091430664
2.635932445526123
2.5358102321624756
2.6895809173583984
2.5796902179718018
2.561983585357666
2.6062333583831787
2.8085036277770996
2.887282133102417
2.9042766094207764
2.9450266361236572
2.812790632247925
2.6593265533447266
2.4646964073181152
2.3595879077911377
2.831465244293213
3.0201191902160645
2.56504225730896
2.9573700428009033
2.6845734119415283
2.7685940265655518
2.615854501724243
2.7513656616210938
2.558018684387207
2.621248483657837
2.78236722946167
2.6146960258483887
2.4785983562469482
2.3958981037139893
2.416219472885132
2.8308985233306885
2.630455732345581
2.5989720821380615
2.428974151611328
2.571373462677002
2.488332748413086
2.920856237411499
2.9954769611358643
2.5271201133728027
2.676950454711914
2.3715410232543945
2.804701805114746
3.0752763748168945
2.276536703109741
2.7920336723327637
2.6711344718933105
2.642031192779541
2.2775421142578125
2.7872657775878906
2.254880905151367
2.6470530033111572
2.7103686332702637
2.691433906555176
2.6164610385894775
2.5308499336242676
2.6268692016601562
2.909210681915283
2.5752978324890137
2.5339949131011963
2.648452043533325
2.433570146560669
2.2969396114349365
2.6012885570526123
2.8858091831207275
2.620068311691284
2.3639047145843506
2.702843189239502
2.466135263442993
2.761502265930176
2.560781478881836
2.6356983184814453
2.4934587478637695
2.57554030418396
2.1324286460876465
2.5360355377197266
2.337745189666748
2.533625364303589
2.556702136993408
2.5772290229797363
2.826721429824829
2.6283841133117676
2.6691348552703857
2.7111752033233643
2.571218967437744
2.663370370864868
2.5215845108032227
2.448317766189575
2.771636962890625
2.507031202316284
2.5211546421051025
2.6584246158599854
2.2684743404388428
3.0253729820251465
2.6189982891082764
2.364804744720459
2.5564825534820557
2.529487371444702
2.3042526245117188
2.4302878379821777
2.496567726135254
2.76523494720459
2.374875545501709
2.6920483112335205
2.4523234367370605
2.7665750980377197
2.5950400829315186
2.8981423377990723
2.564868211746216
2.577918767929077
2.6712677478790283
2.539914131164551
2.3193938732147217
2.3567705154418945
2.7076516151428223
2.8267080783843994
2.4656336307525635
2.3413984775543213
2.575716018676758
2.332247257232666
2.5996460914611816
2.5557026863098145
2.444427490234375
2.3073742389678955
2.416456460952759
2.0766184329986572
2.4761106967926025
2.414074659347534
2.4650027751922607
2.267216444015503
2.311075448989868
2.3970322608947754
2.4955193996429443
2.56473970413208
2.4903979301452637
2.2334799766540527
2.6011407375335693
2.199608325958252
2.2488481998443604
2.4592690467834473
2.3220231533050537
2.2586710453033447
2.433016061782837
2.583807945251465
2.4508440494537354
2.280174732208252
2.53395414352417
2.5260372161865234
2.405425548553467
2.477248191833496
2.723973035812378
2.4537267684936523
2.384270668029785
2.868358612060547
2.3259902000427246
2.613100528717041
2.604170799255371
2.6308155059814453
2.0394978523254395
2.391300678253174
2.4155147075653076
2.4939064979553223
2.761359453201294
2.267848014831543
2.48693585395813
2.5048904418945312
2.551640272140503
2.3569371700286865
2.6808836460113525
2.3678603172302246
2.7716832160949707
2.1390905380249023
2.5734703540802
2.3228936195373535
2.5766825675964355
2.521477222442627
2.6750521659851074
2.306957721710205
2.1428592205047607
2.452415704727173
2.5843238830566406
2.661909818649292
2.3754868507385254
2.385097026824951
2.36063551902771
2.547342300415039
2.275388717651367
2.4104084968566895
1.9855822324752808
2.1421053409576416
2.358171224594116
2.350578546524048
2.484034299850464
2.3111648559570312
2.0784034729003906
2.4287405014038086
2.1397526264190674
2.155912160873413
2.6280579566955566
2.242567777633667
2.243894338607788
2.3719608783721924
2.0980453491210938
2.1515543460845947
2.2288131713867188
2.6147453784942627
2.481402635574341
2.2790565490722656
2.4351236820220947
2.451472759246826
2.4060935974121094
2.1945979595184326
2.26100754737854
2.240112066268921
2.711923599243164
2.037837266921997
2.4627785682678223
2.426713705062866
2.6569247245788574
2.5102460384368896
2.3433902263641357
2.516822099685669
2.2372419834136963
2.5684540271759033
2.2308175563812256
2.715385913848877
2.2369582653045654
2.3009519577026367
2.4357776641845703
2.233797311782837
2.3514108657836914
2.127321481704712
2.290844440460205
2.297025442123413
2.1701340675354004
2.45470929145813
2.470942735671997
2.627439498901367
2.4508731365203857
2.537336587905884
2.1830339431762695
2.1143252849578857
2.1375904083251953
2.164924383163452
2.492593765258789
2.3998308181762695
2.111647129058838
1.8483870029449463
2.341907501220703
2.283407211303711
2.0401241779327393
2.4343762397766113
2.496674060821533
2.0981836318969727
2.0893359184265137
2.480229616165161
2.2754323482513428
2.7482969760894775
2.041465997695923
2.382542848587036
2.283202886581421
2.2347006797790527
2.3567450046539307
2.289809226989746
2.351224899291992
2.1986570358276367
2.6799497604370117
2.291288137435913
2.529240131378174
2.0728774070739746
2.2250001430511475
2.442329168319702
2.1132659912109375
2.177819013595581
2.181286096572876
2.071739673614502
2.032521963119507
2.0327396392822266
2.2960257530212402
2.3195278644561768
2.333937406539917
2.3039584159851074
2.23896861076355
2.0132484436035156
2.1767354011535645
2.0672905445098877
1.818395733833313
2.0201568603515625
1.9472754001617432
2.1414356231689453
2.0687596797943115
1.8682399988174438
1.947923183441162
2.4401464462280273
2.1717846393585205
2.5812716484069824
2.313613176345825
2.196690559387207
2.054527997970581
2.0073399543762207
2.167975902557373
2.171867847442627
2.389586925506592
2.3790042400360107
2.4160990715026855
2.2067949771881104
2.015242099761963
2.054436683654785
2.5355021953582764
2.0296237468719482
1.8672925233840942
2.338852882385254
2.1805007457733154
2.1620845794677734
2.1794095039367676
2.188636064529419
2.3505935668945312
2.1763007640838623
2.0261871814727783
2.3507649898529053
2.4636600017547607
2.334791421890259
2.2352614402770996
1.8335641622543335
2.1639506816864014
2.16357159614563
1.9957035779953003
2.1536381244659424
2.4935920238494873
2.0337414741516113
1.829232931137085
2.355701208114624
1.8454798460006714
2.100531816482544
2.064817190170288
2.1978566646575928
2.20509672164917
2.1428089141845703
1.958203911781311
2.1932296752929688
1.8104350566864014
1.8700075149536133
2.1313352584838867
2.1939797401428223
2.0502138137817383
2.157670736312866
2.085798501968384
2.2328097820281982
1.9256694316864014
2.6342456340789795
1.8755629062652588
2.296053171157837
2.07505202293396
2.323206901550293
2.080176830291748
2.060013771057129
2.0262622833251953
1.641335368156433
1.763777732849121
2.1649351119995117
2.4449431896209717
2.158226251602173
1.9889940023422241
1.8771926164627075
2.3068110942840576
2.215383291244507
2.112854480743408
2.012698173522949
1.8216849565505981
2.3027212619781494
1.9927358627319336
2.3078906536102295
1.9482828378677368
2.3065764904022217
2.066584587097168
1.9841320514678955
2.0339457988739014
2.1936819553375244
2.0754125118255615
2.2288262844085693
2.4752397537231445
2.2377490997314453
2.186929941177368
2.374239683151245
1.9049204587936401
2.1523046493530273
1.9725162982940674
2.2142536640167236
1.979148268699646
2.002195358276367
2.1445114612579346
2.089195489883423
2.112675666809082
1.8146759271621704
1.655943751335144
2.1090383529663086
1.883056879043579
1.8249320983886719
1.7864124774932861
1.8601670265197754
1.9443531036376953
1.9105960130691528
1.933921217918396
1.8916162252426147
2.010972023010254
1.9766743183135986
1.9898643493652344
2.2955965995788574
2.3330488204956055
1.758191466331482
2.0789928436279297
1.8223469257354736
2.0543112754821777
1.9405537843704224
1.8106199502944946
2.053061008453369
2.180842876434326
2.2242627143859863
1.8792921304702759
1.984397292137146
2.244863748550415
1.9964672327041626
1.8613827228546143
1.8934898376464844
2.0563273429870605
2.278311014175415
1.7371810674667358
1.9633609056472778
2.06406307220459
1.9219099283218384
2.201263666152954
1.9230726957321167
1.9416896104812622
1.9725886583328247
1.9342255592346191
1.6054710149765015
1.8176391124725342
2.403881072998047
1.818312168121338
2.127410411834717
1.8672423362731934
1.8917288780212402
2.0210556983947754
1.9480925798416138
2.0581822395324707
2.019979953765869
2.1544976234436035
1.8168339729309082
2.000365734100342
1.6047242879867554
1.6473562717437744
2.2893807888031006
2.161220073699951
1.9868613481521606
1.841019630432129
1.7365370988845825
1.8579583168029785
2.351634979248047
2.173508405685425
1.8296009302139282
2.270129680633545
1.7473713159561157
2.064537286758423
2.091214179992676
1.9051427841186523
2.06341552734375
1.9603824615478516
1.8447108268737793
2.081364154815674
1.644441843032837
2.0870401859283447
1.9263709783554077
1.796863079071045
1.8118846416473389
1.9215171337127686
1.6646950244903564
1.822616457939148
1.4902571439743042
1.8938313722610474
2.092214345932007
1.8263002634048462
1.9117999076843262
2.1017343997955322
2.069059371948242
2.084084987640381
1.9954630136489868
2.0296847820281982
1.8730151653289795
1.938268780708313
1.8761637210845947
1.8954594135284424
2.4114034175872803
2.0469810962677
1.721596598625183
1.9309182167053223
1.9070515632629395
2.0214412212371826
2.0658459663391113
1.3757057189941406
2.137669563293457
1.4275699853897095
1.8292183876037598
1.877547025680542
1.6999821662902832
1.6455169916152954
2.4616854190826416
1.9509506225585938
1.7131093740463257
1.8672635555267334
1.9517923593521118
1.5993456840515137
1.9264757633209229
1.6088281869888306
1.6805987358093262
2.232945680618286
1.8153406381607056
1.6535894870758057
1.831212043762207
1.7012121677398682
1.753861904144287
1.6658650636672974
1.6102874279022217
1.8886693716049194
1.6724447011947632
2.0145716667175293
1.7554680109024048
1.7989780902862549
1.7484042644500732
2.028675079345703
2.167372226715088
1.9577199220657349
1.571717381477356
2.0838327407836914
1.9257946014404297
2.239623785018921
1.9827696084976196
1.8478195667266846
1.9421900510787964
1.6774502992630005
1.6691606044769287
2.0318775177001953
1.7449005842208862
1.6516813039779663
1.8667902946472168
1.894798994064331
1.8692265748977661
2.129971742630005
1.7046518325805664
1.7251219749450684
1.8749061822891235
1.7319939136505127
2.125460386276245
1.9586830139160156
1.8267158269882202
1.8498858213424683
1.9734630584716797
1.9101297855377197
1.8510093688964844
1.9722199440002441
1.6936278343200684
2.021301746368408
1.3399533033370972
2.064269781112671
1.894454836845398
1.6646543741226196
1.9817489385604858
1.9656535387039185
1.86712646484375
1.5540380477905273
1.6513258218765259
1.9156173467636108
1.5275425910949707
1.6920015811920166
1.6076346635818481
1.7660192251205444
1.5640813112258911
1.7915232181549072
2.0172996520996094
1.697754144668579
1.8664780855178833
1.9536429643630981
1.737886667251587
1.8810657262802124
1.6508880853652954
1.7598586082458496
1.6398123502731323
1.6515640020370483
1.7743768692016602
1.8313357830047607
1.9534653425216675
1.94147527217865
1.7468098402023315
1.6924148797988892
1.9107725620269775
1.6980888843536377
1.6002744436264038
1.9144574403762817
1.4289993047714233
1.8065829277038574
1.696743130683899
1.7111185789108276
1.5960493087768555
1.6807637214660645
1.4000446796417236
2.009751319885254
1.2476645708084106
1.7378493547439575
1.7643470764160156
1.7517712116241455
1.6873188018798828
1.723841905593872
1.6504298448562622
1.44882333278656
1.7831287384033203
1.3606735467910767
1.5864185094833374
1.536341905593872
1.784940242767334
1.9499843120574951
1.7637732028961182
1.6940770149230957
1.5182596445083618
1.7720036506652832
1.8363094329833984
1.631103515625
1.785744071006775
1.8048731088638306
1.8191410303115845
1.4626322984695435
1.7503145933151245
1.9004497528076172
1.6197816133499146
1.5591801404953003
1.53985595703125
1.7517337799072266
1.7150497436523438
1.4627199172973633
1.8966856002807617
1.5648212432861328
1.606380581855774
1.4349327087402344
1.8765149116516113
2.002868890762329
1.6920536756515503
1.6727455854415894
1.7364976406097412
1.7646288871765137
2.133898973464966
1.9179452657699585
1.5876188278198242
1.619672179222107
1.460497498512268
1.8998639583587646
1.5080320835113525
1.507116675376892
1.549715280532837
1.7515389919281006
1.8955340385437012
1.608079195022583
1.8936951160430908
1.3928147554397583
1.8332021236419678
1.748542308807373
1.4637887477874756
1.724290370941162
1.7020931243896484
1.904961347579956
1.7403327226638794
1.9520007371902466
1.711554765701294
1.3248504400253296
1.6790516376495361
1.3784739971160889
1.4776675701141357
1.5590002536773682
1.4635505676269531
1.5333294868469238
1.5481308698654175
1.5160737037658691
1.6660785675048828
1.4358080625534058
1.8674979209899902
1.5029228925704956
1.309540867805481
1.4058408737182617
1.7475473880767822
1.6024731397628784
1.4540098905563354
1.7113699913024902
1.4197474718093872
1.6183158159255981
1.7910932302474976
1.706977367401123
1.5754183530807495
1.5800228118896484
1.9595683813095093
1.9760247468948364
2.0110931396484375
1.4014240503311157
1.1559239625930786
2.2897746562957764
1.1066372394561768
1.5769745111465454
1.634705901145935
1.5368263721466064
1.305125117301941
1.3997946977615356
1.5371863842010498
1.4539309740066528
1.4895288944244385
1.123123049736023
1.4569180011749268
1.4736430644989014
1.5915727615356445
1.6388481855392456
1.6459167003631592
1.6071137189865112
1.7168747186660767
1.8083148002624512
1.7999049425125122
1.2185802459716797
1.7839138507843018
1.359239101409912
1.423242449760437
1.4565671682357788
1.4194341897964478
1.581502914428711
1.536942720413208
1.4657396078109741
1.696742296218872
1.6163774728775024
2.0160293579101562
1.5648441314697266
1.4768120050430298
1.6984378099441528
1.6075937747955322
1.812774896621704
1.5067665576934814
1.2845306396484375
1.2571450471878052
1.6545069217681885
1.5045199394226074
1.5093119144439697
1.842289686203003
1.668194055557251
1.4905784130096436
1.8091776371002197
1.5123597383499146
1.1249415874481201
1.8887431621551514
1.3537216186523438
1.610578179359436
1.4235899448394775
1.595241904258728
1.4629855155944824
1.3259629011154175
1.3725639581680298
1.211613416671753
1.7829780578613281
1.5855213403701782
1.1963374614715576
1.397223949432373
1.506040096282959
1.2484097480773926
1.3887608051300049
1.6158183813095093
1.379825234413147
1.3232530355453491
1.563023328781128
1.3992384672164917
1.431506872177124
1.361622929573059
1.501932144165039
1.5902535915374756
1.4340314865112305
1.3425912857055664
1.6246732473373413
1.5953680276870728
1.5001949071884155
1.7719630002975464
1.4839985370635986
1.3074123859405518
1.6317087411880493
1.3462730646133423
1.899860143661499
1.4495670795440674
1.5833181142807007
1.34573233127594
1.350832223892212
1.400286316871643
1.4683127403259277
1.3873794078826904
1.4672868251800537
1.6211730241775513
1.3953415155410767
1.2653651237487793
1.4086812734603882
1.7569527626037598
1.4359163045883179
1.3956655263900757
1.4504210948944092
1.6075522899627686
1.538080096244812
1.229047179222107
1.1567381620407104
1.461530327796936
1.3275741338729858
1.5840989351272583
1.579642653465271
1.4141837358474731
1.747025489807129
1.4836440086364746
1.3814109563827515
1.4123789072036743
1.244105577468872
1.0880001783370972
1.1900314092636108
1.607323408126831
1.107115626335144
1.2537565231323242
1.2412054538726807
1.1729605197906494
1.463713526725769
1.1993738412857056
1.5066357851028442
1.5204919576644897
1.051175594329834
1.4821009635925293
1.848964810371399
1.6019915342330933
1.1900633573532104
1.1697993278503418
1.2621866464614868
1.1946632862091064
1.3997044563293457
1.7258552312850952
1.2496960163116455
1.227217435836792
1.3974261283874512
1.4643850326538086
1.0486496686935425
1.4368418455123901
1.3949110507965088
1.6371941566467285
1.5959107875823975
1.1194490194320679
1.3779150247573853
1.1478204727172852
1.44557785987854
1.386112928390503
1.1547555923461914
1.1928683519363403
1.0508990287780762
1.286940574645996
1.306968331336975
1.5180898904800415
1.1750901937484741
1.414990782737732
1.4451534748077393
1.2019518613815308
1.1712547540664673
1.4185492992401123
1.3498828411102295
1.5156245231628418
1.2039393186569214
1.1341111660003662
1.7065999507904053
1.5154130458831787
1.3204165697097778
1.7026458978652954
1.280303716659546
1.0399203300476074
1.1451976299285889
1.3328698873519897
1.6067500114440918
1.268945336341858
1.3159403800964355
1.2948744297027588
1.2390468120574951
1.357282042503357
0.8732794523239136
1.2781147956848145
1.1916412115097046
1.374767780303955
1.5847821235656738
1.410560131072998
1.1622599363327026
1.1175520420074463
1.1209238767623901
1.609687089920044
1.0330705642700195
1.5497819185256958
1.147246241569519
1.4434844255447388
1.0261551141738892
1.6290251016616821
1.0949171781539917
1.4272685050964355
1.5929898023605347
1.2710661888122559
1.2856779098510742
1.32229483127594
1.263528823852539
1.1139761209487915
1.7085340023040771
0.8346020579338074
1.4677727222442627
1.1442439556121826
1.4209064245224
1.2034013271331787
1.081725001335144
1.1271458864212036
1.0885140895843506
1.2861196994781494
1.133862018585205
1.1491011381149292
1.2265222072601318
1.2528108358383179
1.204637050628662
1.2759095430374146
1.4308555126190186
1.252432942390442
1.235268235206604
1.484139084815979
1.2868014574050903
1.1487133502960205
1.4962834119796753
1.3057366609573364
1.131613850593567
1.2222169637680054
1.0937244892120361
1.1606991291046143
1.2387629747390747
1.063820242881775
1.0276676416397095
1.334404468536377
1.0723271369934082
1.129623532295227
1.2282390594482422
1.0697965621948242
1.052815318107605
1.5011881589889526
1.1396315097808838
1.161915898323059
1.183659553527832
1.1431070566177368
1.319202184677124
0.9990453124046326
1.1133610010147095
1.1574681997299194
1.3395648002624512
1.0902838706970215
1.2006616592407227
1.1807007789611816
1.0608911514282227
1.446447730064392
1.2317094802856445
1.3759143352508545
1.171451449394226
1.0841434001922607
1.1644893884658813
1.1722482442855835
1.2328407764434814
0.8960059881210327
1.0890988111495972
1.065451979637146
0.741372287273407
1.1561280488967896
0.938651978969574
0.7694876194000244
0.8704665303230286
0.9357812404632568
0.996795654296875
1.336225986480713
1.1349135637283325
1.0469847917556763
1.1679389476776123
1.0139143466949463
1.27908456325531
1.3319212198257446
1.1320605278015137
1.018146276473999
1.231973648071289
1.3393588066101074
1.1182199716567993
1.2736148834228516
1.383484125137329
0.912010669708252
1.042710542678833
1.0088634490966797
1.1041498184204102
1.151580810546875
1.0074118375778198
1.1101255416870117
1.050330638885498
1.0315595865249634
1.3967154026031494
0.9513648152351379
1.175443172454834
0.6981005072593689
1.1742448806762695
1.2508893013000488
1.2786465883255005
1.059923768043518
1.026201605796814
1.0417988300323486
1.3381927013397217
1.1503502130508423
1.1225084066390991
0.998927116394043
0.9185476899147034
1.190163016319275
1.4051275253295898
0.8923670649528503
0.927325963973999
0.979634702205658
1.1646925210952759
0.8603711724281311
1.0183809995651245
1.0735492706298828
0.9526551365852356
1.3015766143798828
0.9597082138061523
1.272511601448059
1.289402723312378
1.215038776397705
1.0844930410385132
1.1976195573806763
1.440070629119873
1.258095145225525
0.8099567890167236
1.2948553562164307
1.2954188585281372
1.2988020181655884
0.9912657737731934
1.1617262363433838
1.3409349918365479
0.8030543327331543
0.8596357703208923
1.0160200595855713
0.7860249876976013
0.9351513981819153
1.0700167417526245
0.9658771753311157
1.0231897830963135
1.096225380897522
0.9204285144805908
1.1480973958969116
0.7464587688446045
0.8746441006660461
1.341500163078308
1.332358479499817
1.209902048110962
1.1251722574234009
0.9693626165390015
1.233699083328247
0.9950816631317139
1.0153610706329346
1.0433521270751953
1.0422762632369995
1.0446083545684814
0.9836918711662292
1.0942264795303345
1.1977981328964233
1.2347179651260376
0.8707714080810547
1.233953833580017
1.0633090734481812
0.9912291169166565
1.136359691619873
1.145685076713562
1.064782977104187
0.88154536485672
0.9462158679962158
0.9405747056007385
1.2339088916778564
1.0657196044921875
0.9233076572418213
0.9713669419288635
0.9894659519195557
0.627213716506958
0.982490062713623
0.9591935276985168
1.1151403188705444
0.984379768371582
0.7878626585006714
1.0207701921463013
0.9534769654273987
0.9340605139732361
1.1809606552124023
1.0786248445510864
0.788670003414154
1.0988363027572632
1.0395618677139282
0.8337302803993225
0.6163995862007141
0.9657398462295532
0.9928961396217346
0.899557888507843
0.733258843421936
0.8831063508987427
0.995170533657074
1.0359575748443604
1.022231101989746
0.9289513826370239
0.8584855794906616
1.063042163848877
0.9895122051239014
1.1029000282287598
1.1191121339797974
0.9498605132102966
1.0481584072113037
1.0370194911956787
0.9770916700363159
0.9248625040054321
0.9453112483024597
0.7341248989105225
0.9287142753601074
0.8060201406478882
0.9089409112930298
1.1968904733657837
0.7976246476173401
1.3114714622497559
1.1455039978027344
0.7911776304244995
1.0577430725097656
0.9233100414276123
0.8307865262031555
0.8867689967155457
0.8354830741882324
0.8236708045005798
1.1083307266235352
0.7536830902099609
0.6337718963623047
0.8625956773757935
1.1303718090057373
1.2030261754989624
0.9850976467132568
0.7537655234336853
0.7957239747047424
0.6687396764755249
0.9042674899101257
1.0239582061767578
0.9367413520812988
1.093271255493164
0.7220984697341919
1.072061538696289
0.8348004817962646
0.8249269723892212
0.7010157704353333
1.0744802951812744
1.0975794792175293
0.8908841013908386
0.8302496075630188
1.097657322883606
1.0255818367004395
1.0148037672042847
0.8268578052520752
0.8956325650215149
0.6955081224441528
0.9498522877693176
0.9014099836349487
0.888209342956543
0.865510106086731
0.8051573038101196
1.0646111965179443
0.9968029260635376
0.9398032426834106
0.7863510847091675
0.833732545375824
0.7991339564323425
1.1633503437042236
0.9496837258338928
0.8418765068054199
0.7905062437057495
1.089249610900879
0.8375502824783325
0.837302565574646
0.9034236669540405
0.6128078699111938
0.5609135627746582
0.818543016910553
0.8192640542984009
0.7105156183242798
0.8069085478782654
0.7253174185752869
0.7835420966148376
0.9972826838493347
0.7648654580116272
0.7807665467262268
0.7569342255592346
0.8760871887207031
1.023693561553955
0.5890812277793884
0.8426358699798584
0.7778438329696655
0.6594527959823608
1.0951143503189087
0.5591183304786682
1.1445331573486328
0.8847185373306274
0.6444749236106873
0.6271974444389343
0.590085506439209
0.6756575107574463
1.0617824792861938
0.6615914106369019
1.0701242685317993
0.7526976466178894
0.7860421538352966
1.0042977333068848
0.8496668934822083
0.810073971748352
0.567714512348175
0.9153616428375244
0.5400656461715698
0.6511343121528625
0.5904117822647095
0.7798244953155518
0.8461030125617981
0.7362268567085266
0.6766074299812317
0.7305420637130737
0.8432700634002686
0.762216329574585
0.8400440812110901
0.7843635678291321
1.0270036458969116
0.7395862936973572
0.7963550686836243
0.6450377702713013
0.6060697436332703
0.828651487827301
0.7515302896499634
0.7087920308113098
0.921850323677063
0.6611077189445496
0.536160409450531
0.7320768237113953
0.6825673580169678
0.8000841736793518
0.666466474533081
0.8946388363838196
0.5878925323486328
0.6368004083633423
0.5700430870056152
0.7875272035598755
0.4857383072376251
0.8855364918708801
0.6002830862998962
0.6993287205696106
0.8788564205169678
0.5731337070465088
0.8299959897994995
0.588331937789917
0.9163494110107422
0.7601593732833862
0.5507310628890991
1.007296085357666
0.584689736366272
0.8433073163032532
0.9134751558303833
0.8262243270874023
0.702392578125
0.677901029586792
0.6380276083946228
0.7253078818321228
0.777201235294342
0.6288447380065918
0.7761810421943665
0.5201875567436218
0.5923500657081604
0.7743993997573853
0.7447488307952881
0.8401967287063599
0.5069427490234375
0.7865810394287109
0.7422164678573608
0.7503509521484375
0.4660666882991791
0.7234952449798584
0.5930691361427307
0.8277759552001953
0.6103242039680481
0.7704622745513916
0.5957311987876892
0.7070332169532776
0.6010575294494629
0.670005738735199
0.6339958906173706
0.9079045057296753
0.8468445539474487
1.0401588678359985
0.6345648169517517
0.8271786570549011
0.7174376249313354
0.6221624612808228
0.8173506855964661
1.175443410873413
0.8640604019165039
0.7036149501800537
0.673384964466095
0.44503095746040344
0.9327698945999146
0.5885140299797058
0.931620717048645
0.6437087059020996
0.49502986669540405
0.5253748297691345
0.8107179403305054
0.9864757061004639
0.6006278991699219
0.7389265298843384
0.6215952038764954
0.7944731712341309
0.6876588463783264
0.5083933472633362
0.6330608129501343
0.6958260536193848
0.8243937492370605
0.388532817363739
0.5644502639770508
0.5833773612976074
0.7378710508346558
0.8678010702133179
0.6898746490478516
0.7094315886497498
0.6961588263511658
0.6714810132980347
0.6749358177185059
0.539956271648407
0.8127671480178833
0.7111246585845947
0.8445929884910583
0.5995804071426392
0.7062463164329529
0.6938146948814392
0.5886412262916565
0.8188412189483643
0.660528838634491
0.5314555764198303
0.5254285931587219
0.8319612741470337
0.6081147789955139
0.5271235108375549
0.6434282660484314
0.45161473751068115
0.5476661920547485
0.5662131309509277
0.5054752230644226
0.765070378780365
0.7877227663993835
0.7694013714790344
0.9321245551109314
0.6099176406860352
0.5999914407730103
0.5683234333992004
0.7373799681663513
0.6807157397270203
0.4141315817832947
0.7784972786903381
0.5706915855407715
0.8773077726364136
0.47798773646354675
0.6199750900268555
0.7173991203308105
0.6252161860466003
0.589039146900177
0.6626428961753845
0.5662745833396912
0.4724941849708557
0.561974287033081
0.5636632442474365
0.5474266409873962
0.4543878734111786
0.6156732439994812
0.640630841255188
0.564598023891449
0.47582176327705383
0.6663950681686401
0.47542834281921387
0.6773529052734375
0.599014401435852
0.7435707449913025
0.5944828391075134
0.6916131973266602
0.6356534957885742
0.5902044177055359
0.7326629757881165
0.8042576313018799
0.5866344571113586
0.6485470533370972
0.7285575270652771
0.3945678174495697
0.4089204967021942
0.5791050791740417
0.5017185807228088
0.7598579525947571
0.5687640309333801
0.5402284264564514
0.610739529132843
0.6500211954116821
0.4995739459991455
0.7050726413726807
0.581415057182312
0.4388909339904785
0.45180684328079224
0.4462346136569977
0.5275558829307556
0.6297173500061035
0.6351627707481384
0.6644627451896667
0.7344744205474854
0.6451142430305481
0.5463247299194336
0.564875066280365
0.783805787563324
0.350686639547348
0.5599660277366638
0.7415441274642944
0.5284811854362488
0.5755062699317932
0.5131086707115173
0.6857808232307434
0.616736650466919
0.5250819325447083
0.6864410042762756
0.3240492641925812
0.6460018157958984
0.4074755012989044
0.6209380030632019
0.6153035759925842
0.319232702255249
0.4448002874851227
0.6323071122169495
0.38781318068504333
0.41398948431015015
0.6680586338043213
0.7345826625823975
0.6358387470245361
0.5823928117752075
0.3981778621673584
0.6850486397743225
0.4360593855381012
0.4136691987514496
0.6896460652351379
0.6510366797447205
0.6880623698234558
0.6386814713478088
0.48602986335754395
0.42767632007598877
0.6168983578681946
0.43247851729393005
0.6812186241149902
0.397495836019516
0.6490517258644104
0.4821527898311615
0.5172566771507263
0.6584342122077942
0.3727726340293884
0.48281383514404297
0.6344582438468933
0.5549957752227783
0.4424999952316284
0.3376598656177521
0.6568983197212219
0.5130142569541931
