2.036
2.412
2.788
3.186
3.3840000000000003
3.642
4.186
4.522
4.97
5.086
5.36
5.758
6.2059999999999995
6.34
6.746
7.138
7.528
8.004
8.198
8.562
8.863999999999999
9.248000000000001
9.722
9.832
10.23
10.65
10.884
11.358
11.486
11.848
12.024
12.478
12.684000000000001
13.211999999999998
13.428
13.864
14.27
14.280000000000001
14.674000000000001
15.065999999999999
15.156
15.58
16.146
16.358
16.586000000000002
16.964000000000002
17.144000000000002
17.558
18.088
18.468
18.68
19.016
19.392
19.572
19.892000000000003
20.202
19.978
20.75
21.004
21.45
21.698
21.976000000000003
22.292
22.308
22.828
23.208000000000002
23.454
23.854
24.262
24.221999999999998
24.759999999999998
24.962
25.246000000000002
25.342
25.848
25.906000000000002
26.104
26.344
26.766000000000002
27.150000000000002
27.26
27.523999999999997
27.958
28.183999999999997
28.462
28.796
29.134
29.506
29.652
29.53
29.946
30.544
30.662
30.98
31.274
31.46
31.613999999999997
32.06
32.272
32.436
32.800000000000004
33.078
33.498
33.75
34.182
34.296
34.588
34.766000000000005
35.11
35.276
35.565999999999995
35.748000000000005
36.088
36.282
36.65
36.794
37.162
37.291999999999994
37.416
37.674
38.141999999999996
38.23
38.428000000000004
38.852
38.964
39.376
39.706
40.034
40.054
40.461999999999996
40.81
41.252
41.248000000000005
41.565999999999995
41.756
42.178
42.548
42.565999999999995
42.730000000000004
43.309999999999995
43.394
43.738
43.722
44.3
44.438
44.690000000000005
44.754
45.174
45.442
46.06
46.111999999999995
46.168
46.338
46.69
47.262
47.318
47.774
48.071999999999996
48.226
48.583999999999996
48.728
48.884
48.943999999999996
49.352000000000004
49.788
50.12
50.349999999999994
50.73
50.796
51.205999999999996
51.492000000000004
51.548
51.736000000000004
52.298
52.554
53.105999999999995
53.104
53.54
53.49
53.556000000000004
54.184
54.152
54.65
55.008
55.147999999999996
55.896
55.766000000000005
56.096000000000004
56.455999999999996
56.501999999999995
56.912
56.704
57.620000000000005
57.42
58.034
57.94200000000001
58.538000000000004
58.711999999999996
58.89
59.397999999999996
59.616
60.086
60.532
60.55199999999999
60.702
60.838
61.344
61.714
61.724000000000004
62.304
62.636
62.55
63.158
63.564
63.556000000000004
63.878
64.16
64.274
64.484
65.068
65.348
65.60000000000001
65.75800000000001
65.964
66.422
66.64999999999999
67.07
67.182
67.502
67.694
68.008
68.34400000000001
68.66600000000001
68.73599999999999
69.434
69.548
69.50800000000001
70.14200000000001
70.48
70.60600000000001
70.822
71.33
70.902
71.84
71.884
72.394
72.316
73.194
73.26
73.56
73.708
73.982
74.08200000000001
74.404
74.92
74.91799999999999
75.19200000000001
75.574
75.75
76.034
76.09
76.48
76.97
77.046
77.564
77.63600000000001
77.8
77.88199999999999
78.432
78.756
78.782
79.264
79.41
79.514
79.876
80.06400000000001
80.218
80.522
80.574
80.794
81.406
81.54599999999999
81.54400000000001
81.858
82.226
82.254
82.738
82.998
82.94
83.158
83.41
83.748
83.694
84.084
84.11999999999999
84.67
84.886
84.992
84.866
85.038
