166.29193830490112
165.9292767047882
166.2135362625122
166.35073351860046
166.05728602409363
165.95936489105225
166.1286542415619
165.97592329978943
166.1632068157196
166.19313836097717
166.16605710983276
166.20865297317505
166.16297030448914
166.06565833091736
166.19528603553772
165.99247860908508
166.23306035995483
166.11838245391846
165.8554971218109
166.3165328502655
166.14567637443542
165.962149143219
166.54706692695618
184.52039217948914
206.02440190315247
204.09261012077332
206.6858458518982
202.66083455085754
207.56463742256165
202.38437914848328
209.20173001289368
202.6439824104309
207.84594583511353
204.75226092338562
205.67774486541748
203.7293586730957
204.10285925865173
206.1956605911255
204.39267873764038
206.53004813194275
203.77872824668884
208.80789303779602
202.9855194091797
208.47676825523376
202.65048909187317
207.02012848854065
204.39677810668945
209.6943347454071
205.24243450164795
207.49558520317078
207.05856466293335
206.09600138664246
207.35909938812256
204.46905207633972
207.88462615013123
206.16195583343506
208.44194269180298
204.45391201972961
210.578706741333
205.20955610275269
209.4460093975067
205.1730170249939
211.22441864013672
208.95338702201843
209.15649032592773
210.0154995918274
208.70458936691284
206.72068619728088
207.0850784778595
206.64901852607727
205.01875948905945
208.46129035949707
204.13149166107178
209.44072580337524
205.28735518455505
209.1321132183075
205.40242290496826
209.29344272613525
205.98814034461975
208.40154600143433
206.01289868354797
207.0618543624878
205.9554135799408
206.8415105342865
211.31230235099792
206.78816676139832
208.72184443473816
207.26069021224976
208.46094250679016
204.92835092544556
208.67389512062073
205.5716052055359
209.08368039131165
205.47196459770203
208.6299262046814
207.99870133399963
210.9032928943634
207.06980729103088
206.31567287445068
208.5030539035797
207.0878324508667
207.09855341911316
207.40824627876282
208.57860898971558
206.83276391029358
209.20209193229675
206.1923885345459
208.90869784355164
205.33018040657043
210.07336044311523
206.55400252342224
208.71959495544434
207.30810499191284
209.28663206100464
206.52755570411682
206.20141315460205
205.67222261428833
205.14796900749207
208.2363579273224
205.52413058280945
207.94588661193848
205.8475615978241
206.5137221813202
203.4090075492859
209.75505089759827
205.21313452720642
209.4614613056183
206.24842596054077
207.92195630073547
205.71895956993103
206.6292872428894
206.49640655517578
206.19844913482666
207.0586714744568
206.45918655395508
208.98209238052368
206.40170335769653
208.34136629104614
204.91857409477234
209.1115801334381
204.73529291152954
207.5977761745453
206.17810773849487
207.54510474205017
206.5049934387207
207.0362548828125
206.5103690624237
206.8727707862854
207.8315134048462
205.2202594280243
207.27960562705994
205.366366147995
208.99805903434753
204.1524622440338
206.94685769081116
204.36725115776062
207.0508975982666
208.04897260665894
207.5475950241089
203.693852186203
206.0159728527069
204.44455552101135
205.28054881095886
204.07839179039001
203.17816257476807
204.65802311897278
202.87299180030823
207.90150022506714
201.41054701805115
206.41530513763428
201.32826375961304
207.23996233940125
202.67082715034485
204.52785348892212
204.52218556404114
203.92018795013428
204.9059293270111
203.5108184814453
205.027037858963
203.07073163986206
205.9176688194275
201.78113460540771
205.45406770706177
201.33127522468567
207.2061939239502
203.68404388427734
204.99538278579712
202.77975487709045
204.32793736457825
205.513845205307
204.10374116897583
205.27012133598328
202.7544014453888
209.03486442565918
202.65836811065674
205.9073543548584
201.32361268997192
206.53339958190918
202.9921805858612
207.18829441070557
203.78374409675598
205.89645910263062
203.37968611717224
203.92923378944397
204.08724570274353
203.75656819343567
207.03345704078674
202.13425469398499
206.56613206863403
201.83872985839844
206.99087762832642
202.08086371421814
206.76820349693298
203.25433230400085
205.08525776863098
182.99092292785645
166.57626867294312
166.4761996269226
166.6269154548645
166.37692022323608
166.61978149414062
166.68770027160645
166.38375806808472
166.6131088733673
166.52429842948914
166.49363207817078
166.68282055854797
166.49713325500488
166.5855405330658
166.5436041355133
166.51083612442017
166.593567609787
166.60297179222107
166.36212491989136
166.5198724269867
166.5095500946045
166.39247584342957
166.7077498435974
166.4217507839203
166.49531054496765
166.74046444892883
166.48837971687317
166.58370733261108
166.55750060081482
166.58486032485962
166.6102249622345
166.6437017917633
166.45058369636536
166.63955974578857
166.46624517440796
166.40811896324158
166.65623688697815
166.5063591003418
166.89004850387573
166.63109731674194
166.52805972099304
166.61874675750732
166.54336166381836
166.6135232448578
166.63049149513245
167.19318556785583
166.71611499786377
166.79550957679749
166.90911889076233
166.6862382888794
166.6025025844574
166.38608026504517
166.58221554756165
166.3852698802948
166.39707016944885
166.5922074317932
166.46791887283325
166.46858048439026
166.57396125793457
166.5155553817749
166.55075979232788
166.53086113929749
166.41567397117615
166.75431489944458
166.5232286453247
166.42040491104126
166.66014313697815
166.56973576545715
166.5365982055664
166.69937205314636
166.40812969207764
166.63608384132385
166.4803330898285
166.56828236579895
166.55764365196228
166.51553297042847
166.59416460990906
167.0978808403015
166.69500851631165
166.71411204338074
166.65809440612793
166.38686561584473
166.70077967643738
166.52617144584656
166.3884789943695
