4.577330639295261
4.531999771552318
4.50134098560304
4.468873216063165
4.469270033604654
4.447308877544939
4.403004819474867
4.353225431173963
4.318221418449031
4.286014570909388
4.269399797215181
4.254313252161226
4.236976472618025
4.217670477564682
4.194293892901877
4.175340364351297
4.157363358665915
4.140824759707732
4.124231238499322
4.108117893223873
4.09197285382644
4.079223963305774
4.061267536314552
4.035505251506406
4.021656672972853
4.003040843912403
3.9783854935785086
3.9557303232914958
3.93524577550571
3.9112882678161194
3.893752159974764
3.862175781098778
3.838514397516275
3.8108282269114424
3.785770547969262
3.7627256001962723
3.7428094313272733
3.7265407755551743
3.708873717071455
3.6912207332108635
3.6746656891635006
3.6568559185623206
3.6362093055949494
3.6235885354868898
3.6138645648346532
3.5966857872960514
3.582902600698154
3.570200459121743
3.5555463367715823
3.5452790171898845
3.533085865132949
3.5155764580382716
3.5008369604949756
3.48735074893288
3.475621033812423
3.454597654245089
3.440604035811656
3.43284389247065
3.4171826787616895
3.4096587310971507
3.3953631366305337
3.3801182148706577
3.3672229441840327
3.355747821690786
3.338639582819341
3.3204401624782007
3.313392524828996
3.299805614039721
3.289175770471773
3.2770164924509384
3.269918317989925
3.2596203674135915
3.2411019320378216
3.2305244439093355
3.2146079354274
3.20478074995758
3.1997754189669325
3.186200939785794
3.173040764106204
3.1612926038634748
3.147264701631063
3.1336050070155306
3.1238384905373655
3.109748239407454
3.1001443661692196
3.0895518037059424
3.0796174996954098
3.060486805103624
3.0550847748661285
3.039651681090255
3.0291846036301244
3.0209062556781427
3.0024743973446624
2.996252642872998
2.9809752278925514
2.975890992242662
2.9675121465912255
2.954162689730944
2.9489551572238697
2.9312058604891646
2.916863152742996
2.9099514764897965
2.9036588580407146
2.8910513875429587
2.8843668720606344
2.875500462854
2.8519716064643372
2.8503967063201356
2.839880044198097
2.8336242748343428
2.815915382121835
2.807120436597663
2.7984272680624063
2.7864659414876756
2.785795463625427
2.764819348254777
2.7683964665893397
2.751273242104084
2.7426826966083264
2.733263591976117
2.725434060291866
2.712373625591893
2.6972932184443756
2.6944102051922734
2.6902272698214595
2.6780804121280877
2.66803721729142
2.6621221758215627
2.652678132362073
2.644933744464689
2.6329960310855487
2.626635106933086
2.6159284486795022
2.6033783466614726
2.602548100454423
2.5882012894391404
2.583197138650948
2.57385356011598
2.5685714449723966
2.566571450294436
2.552164300475889
2.5424183065933947
2.5350484866315446
2.524200552869636
2.523392791638289
2.511307722772174
2.5035076562096092
2.492948807718809
2.488549591635194
2.475532751101667
2.4629848651264026
2.459558320929632
2.4474486711689885
2.448001021009577
2.4403430217367306
2.433697850198087
2.424124599875087
2.415322298284077
2.408835410157128
2.4005430261497303
2.3965146782453104
2.3855339442677512
2.3822379952196573
2.3656149248942695
2.367861814053772
2.3531551115653095
2.3535673392703162
2.339769894204786
2.3323685305807595
2.3299236366206117
2.323058671658606
2.318790889304617
2.313385112968552
2.303643438669727
2.29511720643324
2.2858631185558447
2.2844056634951735
2.2747373827887922
2.2671175420741596
2.256929605970602
2.250083184455667
2.23417304360958
2.2351073031230353
2.2298504646171997
2.220001288692055
2.2152662443382964
2.2011226382097013
2.2046934600986177
2.2029331826492955
2.1916179484723473
2.1790213522398867
2.169770960612675
2.163603064501682
2.1597281374284982
2.1615521915428473
2.1558398497683924
2.1429715339485034
2.128358061966079
2.1330298180775262
2.124530142073131
2.1151863522541796
2.115196545105761
2.10519793896419
2.09615552074769
2.080303113783717
2.0826613485355816
2.0698837328444966
2.0675454851611494
2.0610444070128224
2.0493234766413795
2.0504013243538646
2.0485611977174765
2.0327297141180014
2.0240039269027807
2.0280369884522673
2.013472024284665
2.006645470476516
2.004293249086346
1.9970469136372246
1.9828469576433188
1.984360318811958
1.9740086098766083
1.9736572805877841
1.9660994788569868
1.9588666437836864
1.952626567210078
1.943968284770351
1.9350978393688836
1.9360859619686976
1.9273773884529348
1.9217219884743166
1.9145185310212547
1.9111339114511106
1.9037046228223444
1.8962216554090494
1.883210669698008
1.886905170615067
1.8838592340879123
1.8683284649153804
1.8640918312475199
1.859924875714285
1.8569178889169717
1.8417643590656387
1.8361810175963984
1.8325028058208164
1.8439807507693005
1.8272096052803957
1.8188041782440127
1.809279322471765
1.8038821250886259
1.8062603449272683
1.7926016646577878
1.7830765198563676
1.789319512026999
1.7772619320303582
1.7659910211477743
1.7635003883210594
1.7508776576622673
1.7539972301639255
1.748647337679363
1.744438446391269
1.7373221905335137
1.7273468660271687
1.724614252672171
1.7210689455346988
1.7113511635519354
1.7014115254592408
1.7050233016843381
1.6985018866141435
1.6925798643885366
1.6854895429538035
1.676557020153231
1.6798199951801154
1.6740672442004503
1.656288504600525
1.6451720837741861
1.6480192808848817
1.6470411842131554
1.6422705907955804
1.6326433212860771
1.624408729088581
1.6193416191793768
1.615879842997207
1.615300810855368
1.6075691690530314
1.6087966757967038
1.580625304785531
1.586273655485924
1.5782136417868193
1.5751334951661737
1.5694495534043178
1.567992325633993
1.5507645984287457
1.5551682504851494
1.5558712169947222
1.5360426459166094
1.5497829339388387
1.5383433667595123
1.5213324720292445
1.532901936327405
