4.615150451660156
4.627655029296875
4.572600841522217
4.515053749084473
4.51848840713501
4.570324420928955
4.606131553649902
4.51955509185791
4.537265777587891
4.511448383331299
4.524970531463623
4.562040328979492
4.479659080505371
4.500250339508057
4.507314682006836
4.456668853759766
4.4581122398376465
4.462279319763184
4.495800971984863
4.519793510437012
4.454255104064941
4.453250885009766
4.517244338989258
4.4804792404174805
4.463094234466553
4.506202697753906
4.499892711639404
4.539035797119141
4.487071514129639
4.4495110511779785
4.482272148132324
4.45998477935791
4.453782558441162
4.406252384185791
4.488806247711182
4.465440273284912
4.416929244995117
4.435176372528076
4.497318267822266
4.391688823699951
4.364917278289795
4.527797698974609
4.468859672546387
4.501185894012451
4.4249348640441895
4.480480670928955
4.310478687286377
4.412255764007568
4.549501419067383
4.432194709777832
4.384372711181641
4.374438285827637
4.341671943664551
4.368786811828613
4.2672224044799805
4.320833683013916
4.278186321258545
4.3265275955200195
4.4413652420043945
4.290414810180664
4.3067307472229
4.3760151863098145
4.2718892097473145
4.303980827331543
4.2433366775512695
4.2463836669921875
4.4400763511657715
4.328052997589111
4.333353042602539
4.238865375518799
4.069123268127441
4.4644389152526855
4.2392683029174805
4.491305828094482
4.298895835876465
4.238101482391357
4.2835493087768555
4.399577617645264
4.240585803985596
4.1610589027404785
4.372776031494141
4.151073932647705
4.206127166748047
4.158293724060059
4.384517669677734
4.33309268951416
4.068771839141846
4.248864650726318
4.219906330108643
4.276244640350342
4.209350109100342
4.192503452301025
4.3328986167907715
4.162613391876221
4.202594757080078
3.934910297393799
4.149899005889893
4.0712127685546875
4.09437370300293
4.099287033081055
4.123545169830322
4.135907173156738
4.268176555633545
4.161226749420166
4.271177768707275
4.270314693450928
3.8839988708496094
4.09609842300415
4.25119161605835
4.307251930236816
4.038568019866943
4.1147871017456055
4.0419921875
4.27805757522583
4.147434711456299
4.1645402908325195
4.169875621795654
3.9516069889068604
4.054966449737549
4.092845439910889
4.088473796844482
4.098509311676025
4.238473892211914
4.159724235534668
4.01781702041626
4.2328972816467285
4.115352630615234
4.032858371734619
4.092936992645264
4.163485050201416
4.21131706237793
3.8236892223358154
4.0545220375061035
4.106208324432373
4.006894588470459
4.095970630645752
3.9871318340301514
4.1169209480285645
4.118910312652588
4.061252593994141
4.1242780685424805
4.361248970031738
3.971666097640991
4.100121021270752
4.093138217926025
3.996889591217041
4.133245468139648
4.066347599029541
3.9547085762023926
4.131411075592041
4.165326118469238
3.954793930053711
4.192178726196289
4.028811931610107
4.362718105316162
4.12855863571167
4.09953498840332
3.7918803691864014
3.940187692642212
4.031210899353027
4.1707377433776855
4.064668655395508
3.8349156379699707
3.876929998397827
4.114017486572266
4.131526470184326
4.061034202575684
3.7836215496063232
3.9335737228393555
4.112196922302246
3.9535059928894043
3.9732394218444824
4.066023826599121
4.041256904602051
4.092068195343018
3.9024851322174072
3.9180619716644287
4.019814491271973
3.9318699836730957
4.065244674682617
3.884239435195923
4.0420756340026855
4.015036582946777
3.908720016479492
3.9657835960388184
3.834066867828369
3.7956318855285645
4.09461784362793
3.9206478595733643
4.060984134674072
4.095034599304199
3.8796868324279785
3.7515718936920166
4.008314609527588
4.076840400695801
3.8015973567962646
3.9011025428771973
4.13763427734375
3.9915761947631836
3.8980953693389893
4.01309871673584
4.036286354064941
4.092102527618408
3.9978482723236084
3.8797447681427
3.83766770362854
3.895186185836792
3.764219284057617
3.9519851207733154
3.8137617111206055
3.981739044189453
3.6935980319976807
3.85746693611145
3.922760009765625
4.022179126739502
3.9822051525115967
3.9061849117279053
3.7944889068603516
4.056944847106934
3.857355833053589
3.903801679611206
3.7077693939208984
3.6535110473632812
3.92710018157959
3.932363510131836
3.970616340637207
3.9435460567474365
3.6487770080566406
3.972134590148926
3.683012008666992
3.747886896133423
3.81077241897583
3.7474470138549805
4.232454776763916
3.8001532554626465
4.021427631378174
3.983691692352295
3.6992132663726807
4.001607418060303
3.8847575187683105
3.7100296020507812
3.531236410140991
3.757385015487671
3.694401741027832
3.8650941848754883
3.7043256759643555
3.6366219520568848
3.60158109664917
3.786381721496582
3.9021942615509033
3.692422866821289
3.6908531188964844
3.8070449829101562
3.6476786136627197
3.6914052963256836
3.857867479324341
3.817471742630005
3.5400314331054688
3.5106358528137207
3.668856620788574
3.76609468460083
3.6228997707366943
3.707751750946045
3.6694657802581787
3.405291795730591
3.6393799781799316
3.6219098567962646
3.8006246089935303
3.7963473796844482
3.7112278938293457
3.454115867614746
3.8348731994628906
3.7407984733581543
3.6242051124572754
3.6776797771453857
4.040285110473633
3.8237714767456055
3.854005813598633
3.4858410358428955
3.7897281646728516
3.6502041816711426
3.5512993335723877
3.541825294494629
3.4423720836639404
3.895963668823242
3.571439266204834
3.6600265502929688
3.4292564392089844
3.7381880283355713
3.663654327392578
3.8584861755371094
3.5468664169311523
3.4283058643341064
3.675981044769287
3.598015308380127
3.5327889919281006
3.2726969718933105
3.608238697052002
3.509042263031006
3.6710376739501953
3.3776774406433105
3.9856393337249756
3.7293636798858643
3.728278636932373
3.509585380554199
3.6732492446899414
3.6947238445281982
3.571786642074585
3.5963056087493896
3.665090322494507
3.4525458812713623
3.2527108192443848
3.5007588863372803
3.6976258754730225
3.713059186935425
3.5980167388916016
3.4787018299102783
3.7094573974609375
3.606083869934082
3.6506600379943848
3.6865313053131104
3.5963046550750732
3.533186435699463
3.3997347354888916
3.8829197883605957
3.6336021423339844
3.6528189182281494
3.5081052780151367
3.4748525619506836
3.435481309890747
3.7709829807281494
3.606167793273926
3.5717175006866455
3.628020763397217
3.712414503097534
3.475952625274658
3.7588765621185303
3.3281047344207764
3.4812428951263428
4.02432107925415
3.478189468383789
3.388094902038574
3.8573930263519287
3.628385305404663
3.5228044986724854
3.417595386505127
3.570854425430298
3.795654773712158
3.6560463905334473
3.596073627471924
3.782559394836426
3.6924266815185547
3.5070669651031494
3.5821738243103027
3.313824415206909
3.2500200271606445
3.503466844558716
3.546738624572754
3.6079330444335938
3.325356960296631
3.3899214267730713
3.5190300941467285
3.6942222118377686
3.4225425720214844
3.560256004333496
3.3187060356140137
3.8628740310668945
3.6033244132995605
3.5001909732818604
3.5406503677368164
3.6304514408111572
3.3194775581359863
3.3929080963134766
3.4067442417144775
3.6514956951141357
3.579963207244873
3.3832650184631348
3.77150297164917
3.504265069961548
3.382227659225464
3.5152347087860107
3.375020742416382
3.6868908405303955
3.3257863521575928
3.223503351211548
3.374305009841919
3.468214750289917
3.3314871788024902
3.574401378631592
3.62416934967041
3.2588675022125244
3.466022253036499
3.3233706951141357
3.400560140609741
3.687455892562866
3.605498790740967
3.232361316680908
3.38714861869812
3.5623340606689453
3.206810474395752
3.247560501098633
3.4520962238311768
3.4567983150482178
3.4793713092803955
3.5144755840301514
3.410756826400757
3.7660610675811768
3.2975220680236816
3.4954047203063965
3.5643718242645264
3.4902353286743164
3.238210678100586
3.6520609855651855
3.512521982192993
3.232945203781128
3.1117377281188965
3.612788677215576
2.9962992668151855
3.6108813285827637
3.186964511871338
3.7154414653778076
3.3004162311553955
3.457374095916748
3.395157814025879
3.3534023761749268
3.4456000328063965
3.251875400543213
3.2993855476379395
3.2802047729492188
3.7420449256896973
3.3720221519470215
3.2167441844940186
3.3098976612091064
3.315966844558716
3.025266170501709
3.103708505630493
3.38201904296875
3.3692541122436523
3.4543862342834473
3.399639368057251
3.6182949542999268
3.0897305011749268
3.143258810043335
3.036130666732788
2.863878011703491
3.155013084411621
3.558962345123291
3.6596295833587646
3.356377363204956
3.4971275329589844
3.2453346252441406
3.327483892440796
3.3337202072143555
3.471712589263916
3.4823129177093506
3.32859206199646
3.2984397411346436
3.5926737785339355
3.1016788482666016
3.224297523498535
3.255044460296631
3.307271718978882
3.238555908203125
3.1730926036834717
3.168281078338623
3.2201836109161377
3.2985029220581055
3.4618265628814697
3.4920759201049805
3.165658473968506
3.25917387008667
3.3801817893981934
3.320368528366089
3.1314966678619385
3.433523178100586
3.559168815612793
3.342618465423584
3.2852227687835693
3.412348508834839
3.414346933364868
3.4080212116241455
2.9222323894500732
2.912471055984497
3.262147903442383
3.2443695068359375
3.1392388343811035
3.3368642330169678
2.97794508934021
3.4674508571624756
3.388122320175171
3.38161301612854
3.110398769378662
3.551992893218994
3.457980155944824
3.358762502670288
3.3487119674682617
3.5054049491882324
3.3969383239746094
2.86274790763855
3.116851806640625
3.3596181869506836
3.135814905166626
3.278985023498535
3.297344446182251
3.2969822883605957
2.922274589538574
3.218268871307373
3.236222267150879
2.916855812072754
3.223843574523926
2.899775266647339
3.2538506984710693
3.3047115802764893
3.185832977294922
3.0081419944763184
3.2215466499328613
3.2289299964904785
3.3502984046936035
3.1061244010925293
3.532142162322998
3.2340972423553467
2.8393027782440186
3.431187868118286
3.3333358764648438
3.3776097297668457
3.2273011207580566
3.1834232807159424
3.1333861351013184
3.2166244983673096
3.354097604751587
3.1174042224884033
3.412332534790039
2.9593920707702637
3.2106499671936035
2.9935929775238037
3.084296703338623
3.072469472885132
3.217874526977539
3.0121021270751953
3.295322895050049
3.345611810684204
3.303816318511963
2.9101579189300537
3.3572230339050293
3.2271625995635986
3.412235736846924
3.127983570098877
2.9612600803375244
3.089524269104004
3.231985330581665
2.9908416271209717
3.0979878902435303
3.4470789432525635
3.177623748779297
3.3582987785339355
3.003147840499878
2.859971523284912
3.0229620933532715
3.069486141204834
2.874368906021118
3.242115020751953
3.0857996940612793
3.031151056289673
2.8760786056518555
3.2582876682281494
2.9568088054656982
2.9172089099884033
3.3025078773498535
3.368145227432251
3.313861131668091
2.9628639221191406
3.0622737407684326
2.9556386470794678
3.199093818664551
3.305973529815674
3.095906972885132
2.759154796600342
3.081211566925049
3.2260031700134277
2.9138057231903076
3.103811264038086
3.3334288597106934
3.0905070304870605
3.186581611633301
3.180530309677124
3.1330857276916504
3.117424249649048
3.5434317588806152
2.9692931175231934
2.854501485824585
3.539566993713379
3.1363518238067627
3.2059593200683594
2.852757215499878
2.8755300045013428
3.100356101989746
3.2757153511047363
2.991185426712036
3.11262583732605
3.1997668743133545
2.6385836601257324
3.3617053031921387
3.178053855895996
3.119650363922119
2.9572649002075195
3.101720094680786
3.386279344558716
3.020793914794922
3.227847099304199
2.8907597064971924
2.9558773040771484
3.03720760345459
3.0090203285217285
3.315098762512207
3.281054735183716
3.220473051071167
3.2451212406158447
3.2209665775299072
3.2056851387023926
3.411964178085327
3.112551212310791
2.909370183944702
3.1535916328430176
2.967139959335327
3.066291093826294
3.088655948638916
2.9815688133239746
3.0970897674560547
3.2606091499328613
2.9114303588867188
2.893824815750122
3.0677132606506348
2.7766661643981934
3.049690008163452
3.24141526222229
3.1931941509246826
2.9913833141326904
3.1467413902282715
3.153414011001587
3.1127445697784424
3.2219083309173584
2.855860471725464
2.9654884338378906
3.285202980041504
2.907501220703125
2.9998621940612793
2.711621046066284
2.9350481033325195
3.1550159454345703
3.005998134613037
3.1743850708007812
2.9871294498443604
2.7778513431549072
3.048966884613037
2.888127088546753
2.8878867626190186
2.7158265113830566
3.2331924438476562
2.85166072845459
3.1622276306152344
2.924586296081543
3.05570650100708
3.220767021179199
3.237180471420288
2.3416314125061035
3.099795341491699
2.87119722366333
2.935323476791382
3.0335192680358887
3.0748684406280518
2.958221912384033
3.0416886806488037
3.0789878368377686
2.8981471061706543
3.242244005203247
3.0985212326049805
2.9123997688293457
2.8159053325653076
3.012640953063965
2.9300014972686768
2.9167096614837646
2.9179985523223877
2.9330315589904785
2.8533291816711426
3.282627820968628
3.070094585418701
2.666006565093994
2.8291819095611572
3.0556650161743164
2.8720226287841797
2.9314255714416504
3.2186732292175293
2.884758234024048
2.7722530364990234
2.652780771255493
2.8862271308898926
3.1977481842041016
2.7940800189971924
2.9545366764068604
2.763592481613159
2.930908679962158
3.1666102409362793
3.0343286991119385
2.76080322265625
2.799480438232422
3.231362819671631
2.9620463848114014
2.4972431659698486
2.7405877113342285
2.926762580871582
2.812277317047119
3.0424532890319824
3.2100887298583984
2.8943440914154053
2.7913413047790527
3.1291794776916504
2.9898059368133545
3.036954641342163
2.740879774093628
2.8205976486206055
3.2591021060943604
2.95099139213562
2.7660956382751465
3.1545801162719727
3.288046360015869
2.944979429244995
2.868657350540161
3.1476941108703613
3.1091670989990234
2.735665798187256
2.996875762939453
2.9596567153930664
3.200352430343628
2.715700149536133
2.756594657897949
2.787510871887207
3.059901237487793
2.8875014781951904
2.4917237758636475
2.8513717651367188
2.962571144104004
2.7416884899139404
2.621016263961792
2.605344533920288
2.829221248626709
3.056272029876709
3.1438865661621094
2.7562053203582764
2.8970787525177
2.834869623184204
2.6205644607543945
2.5648300647735596
2.584498405456543
2.9706311225891113
2.7450122833251953
2.6030962467193604
2.8175930976867676
2.378443717956543
2.8432888984680176
2.6372456550598145
3.0356316566467285
2.7339699268341064
2.538538932800293
2.863640069961548
2.758601427078247
2.654170036315918
3.064868450164795
2.406700849533081
2.5506386756896973
2.817408323287964
2.730224370956421
2.6858561038970947
2.4015769958496094
3.152287483215332
3.0330820083618164
2.6264617443084717
2.7889468669891357
2.8674309253692627
2.9623639583587646
2.826956033706665
2.6523749828338623
2.811337947845459
2.601059675216675
2.662510871887207
3.1429085731506348
2.8154172897338867
2.846548080444336
2.667020082473755
2.9265201091766357
2.6212031841278076
3.0693323612213135
2.8803582191467285
2.84979510307312
2.7004594802856445
2.4439194202423096
3.2409350872039795
2.588554620742798
2.7604949474334717
3.188643455505371
2.6164968013763428
2.9640331268310547
2.9445199966430664
2.7457621097564697
2.975804090499878
2.856004476547241
2.3297204971313477
2.7157464027404785
2.9570484161376953
2.68064546585083
2.9922690391540527
3.203801393508911
2.7549850940704346
2.992952346801758
3.0394155979156494
2.71504282951355
2.520918846130371
2.453355073928833
2.6173555850982666
2.5937552452087402
2.7368619441986084
3.166114330291748
2.8720102310180664
2.650543689727783
2.375089645385742
2.600409984588623
2.8389763832092285
2.6935935020446777
2.6086533069610596
2.6847164630889893
2.5814850330352783
2.5418519973754883
2.601372241973877
2.921891450881958
2.839966297149658
2.673755407333374
2.9820401668548584
3.0271096229553223
2.622591257095337
2.883676767349243
2.578711748123169
2.488300085067749
2.8124287128448486
2.788844347000122
2.9405550956726074
2.8228299617767334
2.6812744140625
2.5848445892333984
2.6492438316345215
2.541844606399536
2.7230820655822754
2.5501253604888916
3.097717761993408
2.7880988121032715
2.7627010345458984
2.890261650085449
2.611908197402954
2.7970540523529053
2.596076726913452
2.758598804473877
2.859140634536743
2.5503909587860107
2.260913133621216
2.603564739227295
2.9488775730133057
2.7158098220825195
2.8178861141204834
2.5326035022735596
2.796139717102051
3.0301761627197266
2.5306456089019775
2.8030571937561035
3.391724109649658
2.438037633895874
2.692429542541504
2.791064977645874
2.9003360271453857
2.65789532661438
2.6034934520721436
2.7969367504119873
2.6661975383758545
2.6925714015960693
2.6892335414886475
2.495290517807007
2.7978975772857666
3.104767322540283
2.973741292953491
2.3097593784332275
2.436143636703491
2.6767776012420654
2.6701724529266357
2.5744593143463135
2.321631908416748
2.852346420288086
2.2405900955200195
2.7661941051483154
2.783111810684204
2.6615207195281982
2.4316213130950928
2.5995864868164062
2.3667356967926025
2.6450862884521484
2.9174342155456543
2.954444646835327
2.74906587600708
2.5529427528381348
2.587477445602417
2.4413959980010986
2.816075086593628
2.9926350116729736
2.759101390838623
2.672595977783203
2.739339590072632
2.84936785697937
2.578751564025879
2.797045946121216
2.4326095581054688
2.5115649700164795
2.5969529151916504
2.8271682262420654
2.5679728984832764
2.8407113552093506
2.442793130874634
2.4095797538757324
2.5811214447021484
2.415356397628784
3.0262091159820557
2.6509804725646973
2.6833059787750244
2.468022346496582
2.425748825073242
2.601402521133423
2.5415689945220947
2.5849835872650146
2.3761000633239746
2.3454718589782715
2.856049060821533
3.0671675205230713
2.26655912399292
2.472780466079712
2.66914701461792
2.4226224422454834
2.3793158531188965
2.5925660133361816
2.7703604698181152
2.541719436645508
3.481541872024536
1.9979528188705444
2.322183132171631
2.3983662128448486
2.5452380180358887
2.43937611579895
2.504621744155884
2.5995607376098633
2.5132644176483154
2.952000379562378
2.501598596572876
2.3359053134918213
2.722083806991577
2.8436317443847656
2.6355061531066895
2.8534493446350098
2.5757720470428467
2.2724506855010986
2.187880277633667
2.519068717956543
2.345302104949951
2.6956515312194824
2.516979932785034
2.4611916542053223
3.0242562294006348
2.674962282180786
2.6652915477752686
3.002859592437744
2.365572214126587
2.14607834815979
2.512322187423706
2.287919044494629
2.418213129043579
2.968615770339966
2.477412223815918
2.431772470474243
2.4500603675842285
2.593620538711548
2.6077613830566406
2.5359678268432617
2.57944655418396
2.731835126876831
2.7652792930603027
2.827908515930176
2.3133020401000977
2.8079535961151123
2.669255495071411
2.885863780975342
2.1571600437164307
2.732992649078369
2.8150455951690674
2.4960813522338867
2.4184813499450684
2.776179075241089
2.965439558029175
2.581033706665039
2.566631555557251
2.2184131145477295
2.492111921310425
2.8324642181396484
2.5424067974090576
2.3402020931243896
2.397143602371216
2.845604419708252
2.4695873260498047
2.287689685821533
2.700273036956787
2.5735421180725098
2.7800533771514893
2.772280216217041
2.4190523624420166
2.2482306957244873
2.6660842895507812
2.2282252311706543
2.5896339416503906
2.520397424697876
2.5540878772735596
2.7688369750976562
2.2308759689331055
2.5593607425689697
2.3713059425354004
2.426741361618042
2.3356945514678955
2.3765499591827393
2.522961378097534
2.4508872032165527
2.2413511276245117
2.6813127994537354
2.928285598754883
2.5089974403381348
2.7553937435150146
2.38224720954895
2.4826650619506836
2.3720016479492188
2.0783863067626953
3.011460542678833
2.891894817352295
2.362294912338257
2.2012674808502197
2.7101666927337646
2.232525110244751
2.2072267532348633
2.766751289367676
2.268561363220215
2.3769428730010986
2.3479855060577393
2.5060665607452393
2.5260355472564697
2.418004035949707
2.326017141342163
2.4422354698181152
2.5745468139648438
2.4530014991760254
2.242496967315674
2.7029738426208496
2.3867268562316895
2.822500467300415
2.2482242584228516
2.401214361190796
2.441338539123535
2.1397719383239746
2.299863815307617
2.7882583141326904
2.302001476287842
2.669343948364258
2.3427693843841553
2.9698259830474854
2.5793075561523438
2.062703847885132
2.3958113193511963
2.5056748390197754
2.5011415481567383
2.278390884399414
2.398797035217285
2.032658338546753
2.3990120887756348
2.834197521209717
2.3550806045532227
2.1204912662506104
2.3227450847625732
2.8165035247802734
2.2636611461639404
2.4044268131256104
2.598527193069458
2.4312446117401123
2.5651979446411133
2.211369276046753
2.273249626159668
2.5996575355529785
2.509446382522583
2.520254611968994
2.5333995819091797
2.607280731201172
2.20080304145813
2.025866746902466
2.506791114807129
2.343374252319336
2.5252997875213623
2.603769302368164
2.817657947540283
2.5752222537994385
2.5256125926971436
2.5520622730255127
2.5221641063690186
2.1601054668426514
2.1110787391662598
2.4267029762268066
2.824414014816284
2.367898464202881
2.678504467010498
2.530712842941284
2.3237924575805664
2.322476625442505
2.362476110458374
2.3179895877838135
2.410815954208374
1.909184217453003
2.4352149963378906
2.121284246444702
2.398663282394409
2.242961883544922
2.541159152984619
2.4679534435272217
2.2406458854675293
2.6027724742889404
2.129845142364502
2.2309439182281494
2.561049461364746
2.571894645690918
2.1977956295013428
2.1135103702545166
2.4014179706573486
2.2687032222747803
2.25273060798645
2.1307108402252197
2.4737019538879395
2.536118507385254
2.2337899208068848
2.1313371658325195
2.2497518062591553
2.327411651611328
2.469914674758911
2.4423043727874756
2.215235710144043
2.165583610534668
2.4285764694213867
2.0464696884155273
2.298553943634033
2.5301496982574463
2.0878384113311768
2.2901768684387207
2.168867826461792
2.4177582263946533
2.322899341583252
2.525560140609741
2.213379383087158
2.057158946990967
2.632786512374878
2.3675990104675293
2.2086446285247803
2.2313742637634277
2.4729275703430176
2.332836627960205
2.6667838096618652
2.3302648067474365
2.3281188011169434
2.356062889099121
2.109039068222046
2.505141019821167
2.2577950954437256
2.170361280441284
2.2286388874053955
2.4831347465515137
2.1964707374572754
2.2538468837738037
2.573248863220215
2.0939786434173584
2.535022735595703
2.1984333992004395
2.68137526512146
2.264566659927368
2.1842236518859863
2.335883855819702
1.7063632011413574
2.613020420074463
2.3762505054473877
2.105114459991455
2.605342388153076
2.367269515991211
2.100557804107666
2.3550267219543457
2.1387832164764404
2.208867073059082
2.3175861835479736
2.2001383304595947
2.991325855255127
2.276411294937134
2.1631147861480713
2.394801616668701
2.0341012477874756
2.094357967376709
2.2135560512542725
2.565626382827759
2.6885735988616943
2.1367087364196777
2.4357995986938477
2.3679256439208984
2.495091438293457
2.3841705322265625
2.3725180625915527
2.8669822216033936
1.8962067365646362
2.7719857692718506
2.484755754470825
2.4925425052642822
2.2196648120880127
2.205613374710083
2.21346116065979
1.9709640741348267
2.037858247756958
2.3271565437316895
2.290911912918091
2.3284521102905273
2.404942750930786
2.038712978363037
2.429823637008667
2.183652877807617
2.177532911300659
2.275773525238037
2.1804075241088867
2.1402292251586914
2.066624879837036
2.8192245960235596
2.480356216430664
2.2499020099639893
2.4981882572174072
2.3821825981140137
2.5700831413269043
2.3580973148345947
2.235781669616699
2.120321273803711
2.370763063430786
2.5757811069488525
2.3499629497528076
2.4234938621520996
2.119140148162842
2.022552490234375
2.2445571422576904
2.1123406887054443
2.4267148971557617
2.4475245475769043
2.0498664379119873
2.807368516921997
2.15871262550354
2.1483988761901855
2.044891357421875
2.19669246673584
1.9410890340805054
2.7428088188171387
2.6109142303466797
2.127448320388794
2.7204463481903076
2.2998569011688232
2.1413967609405518
2.3335344791412354
2.3243470191955566
2.4026286602020264
1.8505247831344604
2.155845880508423
1.925887107849121
2.091005563735962
2.5257887840270996
2.3428101539611816
2.1238059997558594
2.3524487018585205
1.8616443872451782
2.1716690063476562
2.1232075691223145
2.376828908920288
2.0820188522338867
2.1356611251831055
1.8372701406478882
2.259915828704834
2.440323829650879
2.36549711227417
1.9421072006225586
1.9528979063034058
2.3412647247314453
2.340426445007324
2.1419079303741455
2.127720594406128
2.365208864212036
2.492063283920288
2.516012668609619
2.207451343536377
2.2029736042022705
2.408043622970581
2.1126017570495605
2.277205467224121
2.000663995742798
2.2683401107788086
2.0393192768096924
1.925430178642273
2.6585867404937744
2.371481418609619
2.0171189308166504
2.3167004585266113
2.1309635639190674
2.146850824356079
2.2136356830596924
1.9510644674301147
2.1071949005126953
2.178866147994995
2.049358367919922
2.5298655033111572
2.7135379314422607
2.0577690601348877
2.140498161315918
2.088495969772339
1.934863567352295
2.6081113815307617
2.2102034091949463
2.2609217166900635
2.153043031692505
2.109917163848877
2.0628089904785156
1.9864106178283691
2.4145946502685547
2.4232263565063477
2.204855442047119
2.370836019515991
2.059619903564453
1.9278769493103027
2.5702950954437256
2.22884202003479
2.4700233936309814
2.269935131072998
2.1006240844726562
2.016308546066284
2.0902490615844727
2.095482587814331
2.135607957839966
2.070624351501465
2.45241117477417
2.0844194889068604
1.8368667364120483
2.0246548652648926
2.4555509090423584
2.2224843502044678
2.219944953918457
2.0010030269622803
2.2163455486297607
2.525683879852295
2.3443102836608887
2.3125898838043213
1.8746141195297241
2.1210410594940186
2.151632785797119
1.8508800268173218
1.7876938581466675
1.950091004371643
2.2569239139556885
2.251075506210327
2.220984935760498
2.249354600906372
2.6788277626037598
2.305295944213867
1.8708865642547607
2.8164467811584473
2.3967175483703613
1.9986536502838135
1.9406949281692505
1.8139066696166992
2.206669569015503
2.336885929107666
2.2181012630462646
1.882523536682129
1.9640038013458252
1.8947950601577759
1.9188567399978638
2.0929863452911377
1.967835783958435
1.9624782800674438
2.0747785568237305
2.0995852947235107
1.9720251560211182
2.0926434993743896
2.2314369678497314
1.7575284242630005
2.158273220062256
2.4518003463745117
2.1255176067352295
2.348996877670288
2.044311046600342
2.0573158264160156
2.3271923065185547
2.2528107166290283
2.1803693771362305
1.9443855285644531
2.248840808868408
2.034106731414795
2.576277017593384
2.301729917526245
2.1375069618225098
2.234537124633789
2.138702154159546
2.2492148876190186
2.358278512954712
1.98227858543396
2.1039774417877197
1.8488985300064087
2.096120595932007
2.5261499881744385
1.9333151578903198
2.1604361534118652
1.9857195615768433
2.312647581100464
2.3570475578308105
1.7872271537780762
2.285109519958496
2.0945115089416504
2.02125883102417
2.3031089305877686
1.7255080938339233
1.887047529220581
2.0720207691192627
2.1110801696777344
1.9872037172317505
2.1816940307617188
2.0922861099243164
1.9319517612457275
2.0181524753570557
1.6740440130233765
2.1205592155456543
2.077571392059326
2.2981209754943848
1.9482430219650269
1.9602285623550415
1.7171415090560913
2.3044509887695312
1.9255234003067017
2.050387382507324
2.1533257961273193
2.034411907196045
2.1404902935028076
2.0279648303985596
1.8622883558273315
2.135035514831543
2.0359528064727783
2.1556801795959473
2.162888526916504
2.1611812114715576
1.9298434257507324
2.114593982696533
2.058576822280884
2.0848512649536133
2.0758252143859863
2.288334608078003
1.9441004991531372
2.2169077396392822
1.8981999158859253
2.0573196411132812
2.2948262691497803
1.6096256971359253
2.2995388507843018
2.1509006023406982
2.2874701023101807
1.9788635969161987
1.9685111045837402
1.6734472513198853
2.214848279953003
1.939907431602478
1.9441063404083252
2.051973581314087
2.2618587017059326
2.1152563095092773
2.278256893157959
1.9989546537399292
2.120844841003418
2.3183674812316895
1.9299463033676147
1.915391445159912
2.30088472366333
2.2084853649139404
2.3774545192718506
1.809281826019287
1.9794442653656006
1.963483452796936
2.1872923374176025
2.0308849811553955
2.0713915824890137
1.8428171873092651
1.682465672492981
1.917967438697815
1.7367353439331055
1.693593978881836
2.1389663219451904
2.436469316482544
2.102410078048706
2.1680872440338135
1.8913110494613647
1.9218103885650635
2.129664897918701
2.0466933250427246
1.8538343906402588
1.9618239402770996
2.1737215518951416
2.103299379348755
1.9277424812316895
2.0620627403259277
2.060579538345337
2.0995335578918457
2.235692262649536
2.1650583744049072
1.8361023664474487
2.0664963722229004
2.4469504356384277
2.3827598094940186
2.2039918899536133
1.9387234449386597
2.0840189456939697
1.6567827463150024
2.0265510082244873
2.071388006210327
1.8480812311172485
1.6785870790481567
2.119331121444702
1.9687153100967407
2.32275652885437
2.198719024658203
1.889900803565979
2.2155919075012207
2.1683361530303955
1.8625305891036987
1.6493968963623047
1.8851828575134277
2.132842779159546
1.7235723733901978
1.9436070919036865
1.831477403640747
1.6113204956054688
2.117799997329712
2.1700901985168457
1.9815847873687744
2.1204802989959717
1.6069488525390625
2.2888736724853516
1.961214303970337
1.8152998685836792
1.748584508895874
1.9403094053268433
2.1135051250457764
1.8224778175354004
1.8422034978866577
1.9427669048309326
2.2941031455993652
2.2412633895874023
1.7138088941574097
1.873782992362976
1.7493213415145874
2.19472599029541
2.046694040298462
1.8866980075836182
2.022789478302002
1.999753713607788
2.044623613357544
2.1872644424438477
1.5554615259170532
1.6012457609176636
1.8070818185806274
1.9582878351211548
1.8380600214004517
1.8695114850997925
2.0799248218536377
2.0321578979492188
1.7610255479812622
1.9741226434707642
1.8897829055786133
1.7356243133544922
1.8970307111740112
1.7260839939117432
1.7890428304672241
2.1952669620513916
1.8668432235717773
1.5238944292068481
1.9618144035339355
2.1764628887176514
1.9496303796768188
2.0490260124206543
2.0717010498046875
1.8732969760894775
2.1497414112091064
1.6905006170272827
1.9254164695739746
1.9906220436096191
2.0483789443969727
1.484511137008667
2.1002566814422607
1.7306530475616455
1.6294056177139282
1.9041727781295776
1.819602131843567
1.9822540283203125
1.620409369468689
1.8704402446746826
2.0847365856170654
1.8389592170715332
1.9199178218841553
1.8944133520126343
1.673384428024292
2.029090404510498
1.6672452688217163
1.7836906909942627
1.5558689832687378
1.5089370012283325
2.0070996284484863
1.8807944059371948
2.1867973804473877
1.63238525390625
1.383687973022461
2.0922415256500244
2.2279446125030518
2.0300920009613037
1.540733814239502
1.9561110734939575
1.9888261556625366
2.1441311836242676
1.9130592346191406
1.7010385990142822
1.7983241081237793
1.992516279220581
2.0505142211914062
1.866614580154419
2.0776476860046387
1.8299226760864258
1.9941368103027344
1.6104011535644531
1.806592345237732
1.9797927141189575
1.8883112668991089
1.853529453277588
1.550403356552124
1.9020745754241943
2.267395496368408
2.365837812423706
1.723646879196167
2.0143473148345947
2.2447669506073
1.8716387748718262
2.0048725605010986
1.895608901977539
1.7386943101882935
1.8337068557739258
1.7692437171936035
1.9690473079681396
1.7570521831512451
2.0569956302642822
1.8979270458221436
1.7769590616226196
1.9680736064910889
1.8950374126434326
1.9179277420043945
1.8775752782821655
1.6755084991455078
1.8090225458145142
1.4562236070632935
1.6897246837615967
1.7674835920333862
2.2027781009674072
1.95556640625
1.4307851791381836
1.8403477668762207
1.9954410791397095
1.970215916633606
1.7717703580856323
2.0600357055664062
1.5978474617004395
1.82857084274292
2.0210161209106445
1.707352638244629
2.193894863128662
1.6799046993255615
1.8915824890136719
1.8238826990127563
1.910239815711975
1.8260231018066406
1.9631515741348267
2.1028823852539062
2.6283740997314453
1.8591570854187012
1.9785038232803345
1.7243565320968628
1.7811775207519531
1.5775442123413086
1.946373462677002
1.62346613407135
1.8206253051757812
1.8282177448272705
1.9073328971862793
2.131880283355713
1.4327621459960938
1.5238856077194214
1.718077301979065
1.5177513360977173
1.7969053983688354
2.153046131134033
1.8855522871017456
1.7700778245925903
1.8663331270217896
1.713862419128418
1.6502649784088135
1.7253715991973877
1.9108850955963135
1.480900764465332
1.533552646636963
1.4483340978622437
1.8424358367919922
1.7131681442260742
1.6217567920684814
1.5472830533981323
1.759804606437683
1.9053350687026978
1.8443621397018433
2.0050089359283447
1.911173701286316
1.8118995428085327
1.5040866136550903
1.7817294597625732
1.734542727470398
1.9031932353973389
1.890729308128357
1.6549248695373535
1.5248099565505981
1.812340259552002
1.7314928770065308
1.8994121551513672
1.6629951000213623
1.5685765743255615
2.3539726734161377
1.931998372077942
1.9207476377487183
2.2696874141693115
1.7515151500701904
1.8634430170059204
1.7128684520721436
2.1418039798736572
1.677136778831482
1.5823990106582642
2.14734148979187
1.9262913465499878
1.6754088401794434
1.7456703186035156
1.6219627857208252
1.722522258758545
1.5604597330093384
1.8031560182571411
1.785751223564148
1.9125370979309082
2.0007245540618896
1.8036994934082031
1.6664893627166748
1.9174745082855225
1.77126944065094
1.8487732410430908
1.9359462261199951
1.7351160049438477
1.7892941236495972
2.0699048042297363
1.8741862773895264
1.6847211122512817
1.716030240058899
1.5706778764724731
1.905733585357666
1.839085340499878
1.676787257194519
2.0724124908447266
1.7553935050964355
2.1356396675109863
1.8397235870361328
1.671288013458252
1.9449286460876465
1.8420406579971313
1.6803606748580933
1.6383200883865356
1.798372745513916
2.1051387786865234
1.5372618436813354
1.6549276113510132
1.2860218286514282
1.8738868236541748
1.6588566303253174
2.0114586353302
1.6810336112976074
1.599299430847168
1.5018364191055298
1.3459761142730713
1.9198827743530273
1.749890923500061
1.9425925016403198
1.7684987783432007
1.714201807975769
1.9617338180541992
1.6960877180099487
1.7941844463348389
1.81245756149292
1.998857021331787
2.0880374908447266
1.9160901308059692
1.95718252658844
1.729941487312317
2.01456618309021
1.6314305067062378
1.8741637468338013
1.9241334199905396
1.6092472076416016
1.6016424894332886
1.9195938110351562
1.9689669609069824
1.9263256788253784
1.623267650604248
1.8948047161102295
1.7688261270523071
1.4601346254348755
1.3260064125061035
1.4358023405075073
2.087369680404663
1.7055834531784058
1.5960475206375122
1.4587904214859009
1.6470270156860352
1.6540626287460327
1.2444387674331665
1.434705376625061
1.4761826992034912
1.6562515497207642
1.7094975709915161
2.0428173542022705
1.8814250230789185
1.8229471445083618
1.688420295715332
1.3828046321868896
1.5861016511917114
1.5032144784927368
1.7033007144927979
1.7529032230377197
1.7147386074066162
1.6669633388519287
1.3439152240753174
1.8412158489227295
1.828111171722412
1.4822773933410645
1.4443318843841553
1.5586756467819214
1.7386175394058228
1.9827256202697754
1.7920265197753906
1.8543461561203003
2.0687737464904785
1.7007911205291748
1.5859553813934326
1.7041611671447754
1.792864203453064
1.5843772888183594
1.6614352464675903
1.725325584411621
1.6656420230865479
1.5234465599060059
1.8116716146469116
1.842957854270935
1.5009663105010986
1.7260578870773315
1.5553096532821655
1.3114984035491943
1.89798104763031
1.8332537412643433
1.489597201347351
1.898725986480713
1.4856294393539429
2.060826301574707
1.7390142679214478
1.761758804321289
2.2437496185302734
1.8306015729904175
2.050135374069214
1.5875225067138672
1.8596038818359375
1.5393325090408325
1.4885576963424683
1.661741852760315
1.82256281375885
1.8387303352355957
1.7380746603012085
1.6874268054962158
1.3321118354797363
1.2057310342788696
1.6743720769882202
1.6336523294448853
1.7892403602600098
1.5582237243652344
1.868863582611084
1.747750997543335
1.6453481912612915
1.6940771341323853
1.8167446851730347
1.7015124559402466
1.532721757888794
1.6429328918457031
1.7471938133239746
1.2254022359848022
1.4610000848770142
1.5811762809753418
1.3847553730010986
1.8765945434570312
1.6558082103729248
1.6008572578430176
2.002014636993408
1.4352900981903076
1.9865131378173828
1.781489610671997
1.5452619791030884
1.866121768951416
1.6934734582901
1.6178476810455322
1.4431730508804321
1.7294989824295044
1.5203524827957153
1.3793525695800781
1.6536144018173218
2.1430816650390625
1.4955066442489624
1.5075913667678833
1.6289231777191162
1.7480400800704956
1.8597573041915894
1.7892614603042603
1.8741823434829712
1.7443009614944458
1.867105484008789
1.7430344820022583
1.5682308673858643
1.9515467882156372
1.2891775369644165
2.067366600036621
1.8866841793060303
1.6104285717010498
1.5716954469680786
1.6513192653656006
1.2619668245315552
1.8124334812164307
1.5389446020126343
1.5456701517105103
1.5557903051376343
1.3346830606460571
1.850977897644043
1.5060703754425049
1.8906331062316895
1.5089317560195923
1.4557234048843384
1.8294157981872559
1.4498145580291748
1.6484335660934448
1.8229799270629883
1.3954095840454102
1.810633659362793
1.9759202003479004
1.3366092443466187
1.6499950885772705
1.3928501605987549
1.8138983249664307
1.743324637413025
1.4476910829544067
1.7363548278808594
1.7876545190811157
1.8211981058120728
1.535068392753601
1.2102242708206177
1.4096307754516602
1.7705118656158447
1.5743204355239868
1.5898504257202148
1.6873064041137695
1.6960912942886353
1.4765207767486572
1.6361110210418701
1.4058008193969727
1.8365737199783325
1.9122439622879028
1.577936053276062
1.7939441204071045
2.0409626960754395
1.4035412073135376
1.8370827436447144
1.6597905158996582
2.094276189804077
1.5435504913330078
1.661406397819519
1.6196554899215698
1.6870568990707397
1.3893706798553467
1.5814104080200195
1.718450665473938
1.8989174365997314
1.4971349239349365
1.5788555145263672
1.5885639190673828
1.8475267887115479
1.5045676231384277
1.3957881927490234
1.4006156921386719
1.6910312175750732
1.7551225423812866
1.6755123138427734
1.807286024093628
1.528003454208374
2.0478200912475586
1.551381230354309
1.4002039432525635
1.8295247554779053
1.8450638055801392
1.5612006187438965
1.390097737312317
1.5256555080413818
1.502781629562378
1.3099961280822754
1.68350088596344
1.6340703964233398
1.5003077983856201
1.4522391557693481
1.4634919166564941
1.500956416130066
1.291772723197937
1.3060141801834106
1.6676902770996094
1.7736743688583374
1.911310076713562
1.5302361249923706
1.9524779319763184
1.8198449611663818
1.511131763458252
1.4561868906021118
1.1254925727844238
1.5492768287658691
1.908951997756958
1.3140349388122559
1.4107578992843628
1.3446893692016602
1.4931654930114746
1.6526577472686768
1.5194833278656006
1.4909946918487549
1.7628965377807617
1.437708854675293
1.4178659915924072
1.4161386489868164
1.9880011081695557
1.5050973892211914
1.796783208847046
1.6056338548660278
1.843080759048462
1.852072834968567
1.4192692041397095
1.6148329973220825
1.422800064086914
1.6407779455184937
1.5534642934799194
1.8473565578460693
1.3441004753112793
1.2590608596801758
1.7959426641464233
1.592492938041687
0.934332013130188
1.984229326248169
1.6123441457748413
1.7291066646575928
1.7634003162384033
1.6361539363861084
1.8227367401123047
1.4668341875076294
1.2854905128479004
1.7148905992507935
1.3464747667312622
1.3405535221099854
1.9368245601654053
1.3570208549499512
1.6656386852264404
1.1085150241851807
1.6490929126739502
1.366966962814331
1.9330458641052246
1.6046984195709229
1.6192604303359985
1.6201673746109009
1.7185760736465454
1.2400639057159424
1.7503128051757812
