1.4500000000000002
1.822
2.244
2.396
2.5940000000000003
2.866
3.38
3.644
3.7039999999999997
3.8960000000000004
4.162
4.382
4.454000000000001
4.9399999999999995
4.992
5.494000000000001
5.782
6.0
6.13
6.496
6.83
6.966
7.371999999999999
7.768
8.072
8.338
8.762
8.886
9.344
9.700000000000001
9.886000000000001
10.190000000000001
10.616
11.108
11.292
11.874
12.078
12.176
12.49
12.931999999999999
13.111999999999998
13.494
13.972000000000001
14.177999999999999
14.076
14.628
14.976
15.113999999999999
15.268
15.456
15.804000000000002
15.995999999999999
16.288
16.334
16.842
17.172
17.368
17.552
17.86
17.843999999999998
18.11
18.472
18.81
19.032
19.198
19.464000000000002
19.836000000000002
19.84
20.16
20.318
20.408
20.596
20.964
21.093999999999998
21.274
21.396
21.482
21.826
22.426
22.582
22.71
23.07
23.186
23.426
23.474
23.684
23.904
24.178
24.232
24.616
24.932000000000002
24.872
25.185999999999996
25.535999999999998
25.904
25.935999999999996
26.122
26.548
26.572000000000003
26.86
26.939999999999998
26.876
27.42
27.424
27.560000000000002
27.906
28.352
28.349999999999998
28.660000000000004
28.721999999999998
29.066
29.182000000000002
29.614
29.458000000000002
29.784
29.948000000000004
30.188
30.208000000000002
30.422
30.666
31.078
31.096
31.416
31.406
31.706
31.791999999999998
32.032
32.146
32.394
32.629999999999995
32.744
32.828
33.251999999999995
33.46
33.332
33.652
33.694
33.842
33.934
33.778000000000006
34.232
34.708
34.572
35.082
35.038000000000004
35.148
35.262
35.448
35.418
35.937999999999995
36.272
36.398
36.516
36.456
36.716
36.774
36.972
37.132
37.406
37.602000000000004
37.762
37.653999999999996
37.868
38.29
38.266
38.48
38.513999999999996
38.924
39.084
38.926
38.998
39.37
39.589999999999996
39.738
39.77
40.004
40.18
40.412
40.298
40.588
40.836
41.256
41.066
41.224
41.48
41.558
42.014
41.856
41.967999999999996
41.988
42.458
42.772
42.916
42.903999999999996
42.734
42.936
43.202
43.546
43.32
43.662
43.706
43.732
44.132
44.37
44.529999999999994
44.34
44.879999999999995
45.08
45.08
45.403999999999996
45.318000000000005
45.304
45.466
45.932
45.806000000000004
45.986
46.072
46.102
46.42
46.816
46.726
47.064
47.160000000000004
47.160000000000004
47.324
47.22
47.728
47.864000000000004
48.174
48.0
48.199999999999996
48.577999999999996
48.336
48.705999999999996
48.937999999999995
49.004
48.898
49.076
49.306
49.498
49.734
49.63
50.080000000000005
50.153999999999996
50.192
50.088
50.576
50.614000000000004
50.74999999999999
50.712
50.870000000000005
51.217999999999996
51.4
50.9
51.464
51.81400000000001
51.897999999999996
52.232
51.949999999999996
52.006
52.292
52.666000000000004
52.55800000000001
52.96999999999999
52.624
53.09
53.368
53.352
53.449999999999996
53.614
53.662
53.762
53.82
53.832
54.181999999999995
54.449999999999996
54.362
54.602
54.786
55.04599999999999
55.224
55.242000000000004
55.408
55.456
55.60000000000001
55.724
56.306
56.194
56.206
56.535999999999994
56.362
56.68
56.926
56.662
56.718
56.867999999999995
57.038
57.352000000000004
57.462
57.176
