4.613333702087402
4.5899553298950195
4.559681415557861
4.491149425506592
4.441442489624023
4.519824504852295
4.470607757568359
4.493007659912109
4.562376499176025
4.615628242492676
4.560146808624268
4.56757116317749
4.562192916870117
4.51537561416626
4.463089942932129
4.484893321990967
4.515268802642822
4.475366592407227
4.537158012390137
4.503942966461182
4.445120334625244
4.429566860198975
4.476283550262451
4.398547172546387
4.290564060211182
4.401394367218018
4.3689775466918945
4.373919486999512
4.327569961547852
4.354092121124268
4.372461795806885
4.441309452056885
4.399751663208008
4.375370502471924
4.288430213928223
4.268352031707764
4.331915855407715
4.374797344207764
4.393411159515381
4.286563873291016
4.413515567779541
4.260085105895996
4.486514091491699
4.3261308670043945
4.232084274291992
4.251482963562012
4.414409160614014
4.524749755859375
4.391338348388672
4.313436031341553
4.181728839874268
4.2390923500061035
4.147336483001709
4.343709945678711
4.054110050201416
4.213811874389648
4.176825046539307
4.300473213195801
4.260931968688965
4.312361717224121
4.30798864364624
4.187497138977051
4.1209001541137695
4.152961730957031
4.148281097412109
4.337957382202148
4.166702747344971
4.2608795166015625
4.049187183380127
4.319225311279297
4.151935577392578
4.146250247955322
4.063111305236816
4.234109878540039
4.089439868927002
4.065596580505371
4.115732669830322
4.2329912185668945
4.368693828582764
4.330101490020752
4.07867431640625
4.324143409729004
4.333793640136719
4.3900556564331055
4.147883415222168
4.241764068603516
4.155740737915039
4.1309003829956055
4.154205322265625
4.162838935852051
4.175824165344238
4.183475971221924
3.9192404747009277
4.043528079986572
4.006028652191162
3.750128984451294
3.9433400630950928
4.0880560874938965
4.002927780151367
4.125467300415039
4.067835330963135
4.224410057067871
3.96893572807312
4.06804895401001
4.249575138092041
4.0444488525390625
4.102917194366455
4.245849132537842
3.911175012588501
4.11824369430542
4.088372230529785
3.8598670959472656
3.975335121154785
4.038084506988525
4.000236511230469
3.763265371322632
3.9057013988494873
3.657499074935913
3.7146031856536865
4.19164514541626
4.007311820983887
3.674058675765991
3.9757251739501953
3.9361135959625244
3.9258921146392822
3.717738151550293
4.097630023956299
3.8602848052978516
3.9683754444122314
3.793445587158203
3.9111132621765137
3.933915853500366
3.973118543624878
3.793703079223633
3.9171974658966064
3.948077440261841
4.105158805847168
4.0214667320251465
3.8480660915374756
3.855774164199829
3.7682347297668457
3.903162717819214
3.949979782104492
3.91880464553833
3.8977158069610596
3.9540209770202637
3.639225721359253
3.989590644836426
3.6518585681915283
4.014825344085693
3.7710773944854736
3.8549017906188965
3.706408977508545
3.864286422729492
3.873251438140869
3.8248813152313232
3.843402624130249
3.9484567642211914
3.7093281745910645
3.7307231426239014
3.675405502319336
3.771244764328003
3.8330881595611572
3.7570738792419434
3.732457399368286
3.763580083847046
3.8083913326263428
3.942833662033081
3.7606725692749023
3.773911952972412
3.5983760356903076
3.554877996444702
3.5659730434417725
3.498838186264038
3.8754470348358154
3.493746519088745
3.577146053314209
3.7632460594177246
3.6864638328552246
3.49560546875
3.5476603507995605
3.732509136199951
3.6481051445007324
3.7668795585632324
3.6042704582214355
3.5923330783843994
3.5605454444885254
3.73234224319458
3.6723687648773193
3.7208919525146484
3.739546775817871
3.7234206199645996
3.458488941192627
3.766913652420044
3.4813969135284424
3.672121524810791
3.8992111682891846
3.7678866386413574
3.1430470943450928
3.4526760578155518
3.588301181793213
4.033563137054443
3.6782760620117188
3.6205332279205322
3.7526957988739014
3.600637912750244
3.4552576541900635
3.4021124839782715
3.782907247543335
3.605567693710327
3.6112253665924072
3.4511001110076904
3.8019680976867676
3.5499868392944336
3.3989014625549316
3.4845995903015137
3.6828644275665283
3.444061517715454
3.330789804458618
3.6594433784484863
3.795708179473877
3.7419612407684326
3.676593542098999
3.438316583633423
3.5159547328948975
3.393247127532959
3.878828763961792
3.3179774284362793
3.6726059913635254
3.711674690246582
3.528249740600586
3.225670099258423
3.527555227279663
3.8520560264587402
3.5966873168945312
3.398054599761963
3.5258772373199463
3.418644428253174
3.408687114715576
3.4134182929992676
3.4524760246276855
3.4512553215026855
3.557506799697876
3.8069217205047607
3.3672573566436768
3.4226179122924805
3.5515265464782715
3.5792508125305176
3.493945598602295
3.6021859645843506
3.6328208446502686
3.6295783519744873
3.235762119293213
3.617899179458618
3.5297114849090576
3.342353582382202
3.455219268798828
3.4822943210601807
3.568009853363037
3.047128677368164
3.360694408416748
3.417262077331543
3.503706455230713
3.0630295276641846
3.3184733390808105
3.5649964809417725
3.4808106422424316
3.0209896564483643
3.349273443222046
3.481788158416748
3.330289840698242
3.2307074069976807
3.412562608718872
3.370897054672241
3.4194536209106445
3.4343385696411133
3.355659008026123
3.2217776775360107
3.2961833477020264
3.08414626121521
3.414677619934082
3.23761248588562
3.3990085124969482
3.192458391189575
3.3105826377868652
3.2999379634857178
3.149693250656128
3.2827868461608887
3.430840492248535
3.255429267883301
3.04217267036438
3.1527278423309326
3.238208293914795
3.3110191822052
3.0079662799835205
3.065281629562378
3.1634297370910645
3.3075902462005615
3.199596405029297
3.4101216793060303
3.5183286666870117
3.2693183422088623
3.3988564014434814
3.5175399780273438
3.1497015953063965
3.204813241958618
3.4068868160247803
3.0457141399383545
3.5071630477905273
3.0901119709014893
3.3117949962615967
3.0112838745117188
3.090857982635498
3.3683457374572754
3.196666717529297
3.049431324005127
3.3124871253967285
3.006484031677246
3.1486992835998535
3.2731192111968994
3.0145437717437744
3.4370837211608887
3.4153177738189697
3.28645396232605
3.21459698677063
3.100412607192993
3.2375519275665283
3.0982837677001953
3.045578718185425
3.0983643531799316
3.0946598052978516
3.139674663543701
3.1656885147094727
3.1017730236053467
3.184265375137329
3.2463953495025635
3.2335617542266846
3.0471513271331787
3.1204049587249756
2.9763455390930176
3.2091224193573
3.2993555068969727
3.1937851905822754
2.9974498748779297
3.2516608238220215
3.2013514041900635
3.4840006828308105
3.0981624126434326
3.2272226810455322
2.938735008239746
3.261525869369507
3.4016659259796143
2.9715397357940674
3.0044946670532227
3.093642473220825
3.1010138988494873
3.137338876724243
2.9266414642333984
3.1653671264648438
2.868980646133423
3.318666696548462
2.932335615158081
3.1906137466430664
3.171067714691162
2.8333065509796143
3.233940362930298
2.909125566482544
2.8432393074035645
3.159817934036255
3.3431739807128906
3.212235927581787
2.950899362564087
3.0259816646575928
3.183939218521118
2.999345302581787
2.8526158332824707
3.6022818088531494
2.900712728500366
3.1732306480407715
2.814516305923462
2.8927268981933594
3.075198173522949
2.986891269683838
3.2619006633758545
3.3935048580169678
2.761566638946533
3.223879337310791
3.044301986694336
3.0672030448913574
2.853041172027588
2.9973182678222656
2.920501708984375
2.9603116512298584
2.8722052574157715
3.076343536376953
3.2240912914276123
3.042012929916382
3.1679203510284424
3.143954038619995
3.0628480911254883
3.02225661277771
2.735046863555908
2.7463138103485107
3.26379656791687
3.147124767303467
2.9310574531555176
2.8501694202423096
2.8525195121765137
3.2089946269989014
2.7167088985443115
2.9345850944519043
2.7944321632385254
2.696375846862793
2.7552924156188965
3.050288200378418
2.905764102935791
3.1797633171081543
2.981748580932617
3.265639543533325
2.977163076400757
3.138944149017334
3.04136061668396
3.3332080841064453
3.1714119911193848
3.029167890548706
3.0822501182556152
3.1975717544555664
2.7559735774993896
3.048128128051758
2.6263091564178467
2.9379050731658936
2.5992136001586914
2.5094733238220215
2.866007089614868
3.1912009716033936
3.381686210632324
3.1749706268310547
2.9121944904327393
3.1260204315185547
2.864931583404541
2.8091936111450195
2.9080114364624023
3.0388433933258057
2.8893179893493652
2.905215263366699
3.2673330307006836
2.80179500579834
2.8720004558563232
3.2044312953948975
2.768810749053955
2.920334815979004
3.0819284915924072
2.8518478870391846
2.836961030960083
2.8377625942230225
2.802438497543335
2.987049102783203
2.9267849922180176
2.9650423526763916
2.551032543182373
3.1705398559570312
2.7777960300445557
2.898594617843628
3.0525522232055664
2.9928901195526123
2.499293088912964
2.555267333984375
3.1513595581054688
2.9566874504089355
2.688215970993042
2.936223268508911
2.7489187717437744
2.719440460205078
2.8936803340911865
2.5081663131713867
2.5461552143096924
2.8020613193511963
2.6913907527923584
2.8309783935546875
2.7324705123901367
3.0124497413635254
2.794036865234375
2.836698055267334
3.0699756145477295
3.2222983837127686
2.830632209777832
2.7620091438293457
2.6733641624450684
2.6532254219055176
2.8890624046325684
2.74200439453125
2.4835662841796875
2.651170015335083
2.7238669395446777
2.654405117034912
2.8963735103607178
2.9334731101989746
3.1531617641448975
2.7151339054107666
2.6505212783813477
2.9977731704711914
2.788330078125
2.881218194961548
2.588386297225952
2.66159987449646
2.7494282722473145
2.691728115081787
2.7975659370422363
2.7262401580810547
2.44730281829834
2.3136539459228516
2.73783540725708
2.865534782409668
2.7965846061706543
2.495121717453003
3.204164505004883
3.296647787094116
3.386350631713867
2.7646849155426025
2.6109588146209717
2.7038803100585938
2.5605289936065674
2.9332001209259033
2.7583422660827637
2.6729743480682373
2.80692458152771
2.648585319519043
2.640777111053467
2.7297463417053223
2.701523542404175
2.6630022525787354
2.4920313358306885
2.827087879180908
2.4666788578033447
2.73832368850708
2.728334903717041
2.7796428203582764
2.6692662239074707
2.1851348876953125
2.604454278945923
2.668004035949707
2.726405382156372
2.8642678260803223
2.498361349105835
3.119976758956909
2.6491503715515137
2.976752281188965
2.426875114440918
2.2257802486419678
2.468376398086548
2.504380464553833
2.524244785308838
2.742443561553955
2.758875846862793
2.8767237663269043
2.4866857528686523
2.3276586532592773
2.8307228088378906
2.2281501293182373
2.422511577606201
2.371358871459961
2.3511369228363037
2.6305341720581055
2.785768985748291
2.430419683456421
2.584016799926758
2.7543067932128906
2.6816043853759766
2.4976930618286133
2.335127353668213
2.4140737056732178
2.6446304321289062
2.7990779876708984
2.662546157836914
2.8226733207702637
2.6277236938476562
2.30904483795166
2.3105697631835938
2.636552333831787
2.1958608627319336
2.3917641639709473
2.711550235748291
2.4913601875305176
2.400571346282959
2.5259552001953125
2.4468307495117188
2.5804245471954346
2.6102333068847656
2.5078940391540527
2.559450387954712
2.4246065616607666
2.576057195663452
2.5498030185699463
2.2837250232696533
2.3233370780944824
2.2979304790496826
2.8314733505249023
2.307840347290039
2.4422385692596436
2.5329389572143555
2.529428720474243
2.642665147781372
2.524383783340454
2.5298702716827393
2.6946468353271484
2.3743531703948975
2.24235463142395
2.513833999633789
2.4295241832733154
2.4402642250061035
2.232015371322632
2.6478796005249023
2.382502317428589
2.3756649494171143
2.224207639694214
2.3635828495025635
2.619715690612793
2.519545316696167
2.064354419708252
2.5667648315429688
2.462580680847168
2.2989258766174316
2.310112237930298
2.3401458263397217
2.3681845664978027
2.7991886138916016
2.3782756328582764
2.432177782058716
2.1244475841522217
2.645256996154785
2.6586246490478516
2.138782262802124
2.3386690616607666
2.5118095874786377
2.624974489212036
2.414968490600586
2.39320969581604
2.23465895652771
2.13346004486084
2.3474557399749756
2.175311326980591
2.2926740646362305
2.198469638824463
2.388861656188965
2.6134843826293945
2.5790326595306396
2.391395330429077
2.533520221710205
2.39791202545166
2.360245943069458
2.393810510635376
2.013582468032837
2.682373046875
2.195208787918091
2.6324143409729004
2.628992795944214
2.2953951358795166
2.5997402667999268
2.515798330307007
2.459036111831665
2.1501410007476807
2.6974661350250244
2.6059348583221436
2.484558343887329
2.246957778930664
2.4010202884674072
2.193331241607666
2.13379168510437
2.2128584384918213
2.130220413208008
2.202331304550171
2.1009159088134766
1.9110907316207886
2.4678049087524414
2.191575527191162
2.077338695526123
2.378208637237549
2.010409355163574
2.4220213890075684
2.5380306243896484
2.399871587753296
2.5624825954437256
2.4010658264160156
2.259782314300537
2.279082775115967
2.261503219604492
2.4032154083251953
2.277401924133301
2.0756964683532715
2.1075046062469482
2.2581875324249268
2.236926317214966
2.0815176963806152
2.180006742477417
2.7172253131866455
2.017677068710327
2.2571046352386475
2.3757662773132324
2.1108570098876953
2.2676472663879395
2.1301019191741943
2.184605598449707
2.481381416320801
2.3778913021087646
2.1780552864074707
2.3713924884796143
2.2375805377960205
2.112016201019287
2.3525454998016357
2.1164467334747314
2.1340548992156982
2.584350347518921
2.6051993370056152
1.7834367752075195
2.5918827056884766
2.707648277282715
2.5853257179260254
2.1330807209014893
2.0176496505737305
2.054262161254883
2.1560964584350586
2.1667215824127197
2.278266668319702
2.1837141513824463
2.185575008392334
2.209360361099243
2.2895214557647705
2.3335258960723877
2.1405885219573975
2.3853678703308105
1.9370195865631104
2.3535947799682617
2.4114770889282227
2.4386465549468994
2.3055832386016846
2.287510871887207
2.200164794921875
2.1089961528778076
2.017749547958374
2.386794090270996
2.259114980697632
2.245849132537842
2.384291410446167
2.0612759590148926
2.3728370666503906
2.4011354446411133
2.064800977706909
2.2983484268188477
2.509430408477783
1.8395328521728516
2.2867467403411865
2.423906087875366
1.9813681840896606
2.219122886657715
2.305793523788452
2.3509416580200195
2.360222339630127
2.4169247150421143
1.9563406705856323
2.3824615478515625
1.9517064094543457
2.1651127338409424
2.1281116008758545
2.571485996246338
2.5016772747039795
2.2884483337402344
2.160188674926758
2.329572916030884
2.2454214096069336
2.244192600250244
2.3116421699523926
2.442915201187134
2.06510329246521
1.7312108278274536
2.1565001010894775
2.030277729034424
2.6192779541015625
2.3606109619140625
2.1594197750091553
2.0531234741210938
2.310075283050537
2.407071590423584
1.8957960605621338
1.9233894348144531
1.9022722244262695
2.2981507778167725
1.846389651298523
2.0328991413116455
1.7687671184539795
1.9935137033462524
2.021975517272949
2.130481004714966
1.9528496265411377
1.9127875566482544
2.0588228702545166
2.38858699798584
2.129702568054199
2.1884264945983887
2.222407341003418
1.6426008939743042
2.3504910469055176
2.181840181350708
1.9664775133132935
2.2177085876464844
2.2167818546295166
2.079482078552246
2.2127418518066406
2.412595748901367
1.9644609689712524
2.0457208156585693
1.9740312099456787
2.2982003688812256
2.1927404403686523
2.410537004470825
1.8757466077804565
2.048916816711426
2.2907586097717285
2.1254310607910156
2.008406400680542
2.1479203701019287
2.070435047149658
2.342914581298828
1.9166539907455444
1.9413944482803345
2.0386908054351807
1.7558859586715698
2.081948757171631
1.7803709506988525
2.1073739528656006
1.952054500579834
1.931978702545166
1.9053161144256592
1.859383225440979
2.1575095653533936
2.2125344276428223
1.9314746856689453
2.317695379257202
2.3964309692382812
2.117804527282715
2.1797549724578857
2.1818881034851074
2.1207940578460693
1.77060067653656
1.7658888101577759
2.4230575561523438
2.085937976837158
2.2227725982666016
1.7321174144744873
2.2495503425598145
2.298304557800293
2.299313545227051
2.455650806427002
2.196739673614502
2.1646876335144043
1.8811780214309692
2.094027519226074
1.9729187488555908
2.0129475593566895
1.8672218322753906
2.4068892002105713
2.008232355117798
1.8113468885421753
1.6969499588012695
1.9238101243972778
2.12269926071167
2.120699644088745
1.8482104539871216
1.8331562280654907
1.858081579208374
1.6647614240646362
1.9889214038848877
2.0767860412597656
1.744279146194458
2.1272292137145996
1.8897182941436768
2.048607110977173
1.6108379364013672
1.93259859085083
1.9865590333938599
1.588194727897644
1.8530572652816772
1.9162602424621582
2.0688493251800537
1.7143008708953857
2.0985164642333984
2.044140100479126
2.1023895740509033
2.0288617610931396
2.1607141494750977
2.11267352104187
2.123650550842285
2.160134792327881
2.067918300628662
1.8883521556854248
2.0146360397338867
2.2282650470733643
2.2646749019622803
1.9712092876434326
1.8069707155227661
1.70293390750885
1.8062320947647095
2.066417694091797
2.1559512615203857
2.0598180294036865
1.8760827779769897
2.23368239402771
2.0264675617218018
1.8568545579910278
1.8271862268447876
2.0855789184570312
1.8613548278808594
2.060990571975708
1.9155523777008057
1.4138555526733398
2.0737411975860596
2.0221121311187744
2.15234112739563
1.674030065536499
2.0345840454101562
2.2437734603881836
1.9932595491409302
1.8223732709884644
1.6156418323516846
2.2062745094299316
1.777707576751709
2.280428886413574
2.001789093017578
2.026693820953369
1.595592737197876
2.0326974391937256
1.876298189163208
1.706796407699585
1.9232655763626099
1.9618585109710693
1.664217472076416
1.768326997756958
1.7202204465866089
2.0044806003570557
1.971754789352417
1.604488492012024
1.9976170063018799
1.8194384574890137
1.7288627624511719
1.8106086254119873
2.3664073944091797
1.9497379064559937
1.723149061203003
1.6736429929733276
1.920583724975586
1.7024550437927246
1.7410255670547485
2.0214414596557617
1.7064356803894043
2.068448543548584
1.6915706396102905
1.7732865810394287
1.9874485731124878
1.6792627573013306
1.7241238355636597
1.9049731492996216
1.8522844314575195
1.6512835025787354
1.7624008655548096
2.2582297325134277
2.074514865875244
2.0736749172210693
1.9666506052017212
2.1555542945861816
2.0079164505004883
1.8326810598373413
1.753746747970581
2.2400403022766113
1.618050217628479
1.7918295860290527
2.2323007583618164
1.831703782081604
1.5480692386627197
2.0933597087860107
1.7550591230392456
1.838080883026123
1.5243219137191772
1.881987452507019
1.8581149578094482
1.578700065612793
1.9670907258987427
1.9271353483200073
1.8349872827529907
1.4087294340133667
1.4678665399551392
2.2395687103271484
1.7132893800735474
1.7195090055465698
1.765021562576294
1.501563310623169
1.7944730520248413
1.9465627670288086
1.7358980178833008
1.807144284248352
1.5369877815246582
1.7426811456680298
1.6487756967544556
1.6935323476791382
1.9035437107086182
1.5176618099212646
1.778003454208374
1.8225090503692627
1.86118745803833
1.5840858221054077
1.589722752571106
1.6276805400848389
1.761535406112671
1.5005674362182617
1.6647496223449707
1.732112169265747
1.4686015844345093
2.033355951309204
1.967017650604248
1.9173563718795776
1.5512974262237549
1.6747204065322876
1.7100610733032227
1.5858752727508545
1.9732868671417236
1.4280134439468384
1.9005093574523926
1.4412527084350586
1.8491343259811401
1.7416714429855347
1.6856961250305176
1.635466456413269
1.6168971061706543
1.8516744375228882
1.554672360420227
1.7999227046966553
1.860890507698059
1.6878719329833984
1.919124722480774
1.875835657119751
1.8366385698318481
1.992501139640808
1.5603762865066528
1.8752670288085938
1.5426499843597412
1.7621084451675415
1.5634138584136963
1.8293280601501465
1.7020772695541382
1.53428316116333
1.68450129032135
1.865883469581604
1.4215728044509888
1.6126320362091064
2.0131900310516357
1.83953857421875
1.3905097246170044
1.5672770738601685
1.6545705795288086
1.695712924003601
1.8960025310516357
1.656590223312378
1.7425594329833984
1.962661623954773
1.8309601545333862
1.7531975507736206
1.4979017972946167
1.7823889255523682
1.820002794265747
1.7946431636810303
1.3849698305130005
1.6305320262908936
1.966667652130127
1.5782403945922852
1.7756901979446411
1.5724684000015259
1.6054973602294922
1.653184413909912
1.6856038570404053
1.9823527336120605
1.8106633424758911
1.6044321060180664
1.3857611417770386
1.8967339992523193
1.6254000663757324
1.8117011785507202
1.6370257139205933
1.6302553415298462
1.7817267179489136
1.8108774423599243
1.4338382482528687
1.6668468713760376
1.628996729850769
1.965782642364502
1.277574062347412
1.5687602758407593
1.7254902124404907
1.4447112083435059
1.8953864574432373
1.354306697845459
1.571271300315857
1.83663010597229
1.4084546566009521
1.6301569938659668
1.6719447374343872
1.585168719291687
1.6969449520111084
1.45737886428833
1.5804948806762695
1.4585593938827515
1.4948893785476685
1.6914640665054321
1.4997541904449463
1.4388206005096436
1.445970892906189
1.4036592245101929
2.038170576095581
1.6251599788665771
1.9124088287353516
1.8255157470703125
1.7316690683364868
1.696704626083374
1.3841192722320557
1.6586543321609497
1.3724656105041504
1.5499911308288574
1.7095131874084473
1.2724195718765259
1.628151774406433
1.3243683576583862
1.0820273160934448
1.3664913177490234
1.1718478202819824
1.6507033109664917
1.23078191280365
1.3596301078796387
1.4032621383666992
1.7606796026229858
1.3212138414382935
1.6603755950927734
1.8052642345428467
1.5255547761917114
1.6121779680252075
1.5059078931808472
1.3429054021835327
1.5305867195129395
1.5021448135375977
1.5481562614440918
1.6780869960784912
1.9674336910247803
1.3197002410888672
1.3893309831619263
1.6262661218643188
1.8283905982971191
1.6375538110733032
1.369208574295044
1.539764642715454
1.522594690322876
1.3078519105911255
1.4139912128448486
1.5176595449447632
1.575884222984314
1.3871278762817383
1.599940538406372
1.2549928426742554
1.4654885530471802
1.3062183856964111
1.2299213409423828
1.4097083806991577
1.534119725227356
1.2306991815567017
1.4634735584259033
1.0808238983154297
1.692008137702942
1.1956838369369507
1.496590495109558
1.2066162824630737
1.5748707056045532
1.770790696144104
1.653489351272583
1.492954134941101
1.2570881843566895
1.4139293432235718
1.4206862449645996
1.0355143547058105
1.5017739534378052
1.3093105554580688
1.7646584510803223
1.6082088947296143
1.3039730787277222
1.9514132738113403
1.4693659543991089
1.5050368309020996
1.2931640148162842
1.5109106302261353
1.5931082963943481
1.5040158033370972
1.256011724472046
1.4541481733322144
1.5252896547317505
1.3327488899230957
1.3248083591461182
1.5401489734649658
1.320180892944336
1.3802647590637207
1.4008839130401611
1.5304672718048096
1.2298974990844727
1.3445934057235718
1.6746078729629517
1.4748082160949707
1.1697583198547363
1.2575174570083618
1.1281874179840088
1.3752158880233765
1.308440923690796
1.1350489854812622
1.3471132516860962
1.5954738855361938
1.4440418481826782
0.9494611024856567
1.6092337369918823
1.5325955152511597
1.2696213722229004
1.7890952825546265
1.6876087188720703
1.5517253875732422
1.3282153606414795
1.4553908109664917
1.5923467874526978
1.1891920566558838
1.2843127250671387
1.2350736856460571
1.4244970083236694
1.4186375141143799
1.7853940725326538
1.5398447513580322
1.2023615837097168
1.1049610376358032
1.0856081247329712
1.4838552474975586
1.275809645652771
1.3912988901138306
1.5209535360336304
1.0927621126174927
1.595424771308899
1.3407567739486694
1.4237746000289917
1.1736980676651
0.8398374319076538
1.2744446992874146
1.0256760120391846
1.167044758796692
1.2328057289123535
1.3561373949050903
1.0704126358032227
1.3639464378356934
1.4237775802612305
1.2896909713745117
1.3459901809692383
1.288365364074707
1.3829734325408936
1.287580966949463
1.136963129043579
1.3456958532333374
1.5597727298736572
1.337153673171997
1.32526433467865
1.272166132926941
1.4036444425582886
1.1986194849014282
1.337945818901062
1.5016266107559204
1.175281286239624
1.6236979961395264
1.3628648519515991
1.1905494928359985
1.2395598888397217
1.1307013034820557
1.2787528038024902
1.092002272605896
1.1419661045074463
1.1833516359329224
1.095824956893921
1.2045797109603882
1.2429695129394531
1.3735315799713135
1.135036826133728
1.1053013801574707
1.1813403367996216
1.246036410331726
1.3317112922668457
1.135413408279419
1.2748454809188843
1.4035778045654297
1.1965892314910889
1.1484270095825195
0.9482077956199646
1.3177485466003418
1.423961877822876
0.9956963062286377
1.1844714879989624
1.5218526124954224
0.8791007995605469
1.0758980512619019
1.2491439580917358
1.4192442893981934
1.5558580160140991
1.717757225036621
1.1396762132644653
1.4827865362167358
1.2105036973953247
1.4995795488357544
1.0746634006500244
1.497990369796753
1.3811473846435547
1.699965000152588
1.3455275297164917
1.0150980949401855
1.114633321762085
0.9632409811019897
1.357656717300415
1.0790345668792725
1.0586971044540405
1.130687952041626
1.0626859664916992
1.5470199584960938
1.1941680908203125
0.9561166763305664
1.3700447082519531
1.2326607704162598
1.0707406997680664
1.2443126440048218
1.2810555696487427
1.0763294696807861
1.2474466562271118
1.2208768129348755
1.2736104726791382
1.163763165473938
1.1724207401275635
1.0984447002410889
1.0693374872207642
1.200143575668335
1.6802068948745728
1.3088873624801636
1.3626365661621094
1.535590410232544
1.3616218566894531
1.0266659259796143
0.946265459060669
0.9915711879730225
1.364727258682251
1.267818808555603
1.2168124914169312
1.0199525356292725
1.0428028106689453
1.107560396194458
1.182668685913086
0.9981667995452881
1.1040481328964233
0.9618015885353088
1.0687458515167236
1.2377378940582275
1.3144981861114502
1.3348603248596191
1.0910130739212036
1.0231536626815796
0.885059118270874
0.9382229447364807
1.2606886625289917
1.0163708925247192
1.122972011566162
1.2444813251495361
0.963110625743866
1.3282274007797241
1.3104324340820312
1.4203588962554932
1.2129877805709839
1.1053361892700195
1.0570913553237915
0.9207067489624023
0.9383007884025574
1.0329854488372803
1.0350056886672974
1.274422526359558
0.8331186175346375
1.5147907733917236
1.3251434564590454
1.063151240348816
0.9345725774765015
1.3470871448516846
0.8477323651313782
1.3647955656051636
1.1871905326843262
0.8183693885803223
1.3424378633499146
1.2669637203216553
1.122355580329895
1.3758983612060547
1.128473162651062
0.971603512763977
0.9914861917495728
0.8463792204856873
1.1739612817764282
1.0025427341461182
1.2486519813537598
0.8664088249206543
1.0565528869628906
1.3822139501571655
1.035752534866333
0.9080396890640259
1.0818617343902588
1.023605227470398
0.6696684956550598
0.8960254192352295
1.2197617292404175
1.2343406677246094
0.9525083899497986
0.9797223806381226
0.9193012118339539
1.0149555206298828
1.0161839723587036
1.1699838638305664
1.0749850273132324
1.0997391939163208
0.9981659054756165
1.1004856824874878
1.1167625188827515
0.9580869674682617
1.104081630706787
1.2507845163345337
0.9978545308113098
1.0976632833480835
0.9559033513069153
0.8761485815048218
1.1527354717254639
0.9609275460243225
1.2673059701919556
0.9674564599990845
1.169311761856079
0.8668495416641235
1.6317601203918457
0.8732209205627441
1.3982871770858765
1.0399556159973145
1.180709719657898
0.9047965407371521
0.874099850654602
1.1201943159103394
0.8659061193466187
1.0453729629516602
0.9855853319168091
1.0657650232315063
1.2112946510314941
0.9799045920372009
0.9134294986724854
0.9332732558250427
1.0171066522598267
0.9930168986320496
1.0269526243209839
1.3085525035858154
1.3144583702087402
1.16647469997406
1.056955337524414
1.150587797164917
1.166322112083435
1.0548903942108154
1.1850550174713135
0.9536383152008057
1.3803364038467407
1.0868158340454102
0.9885482788085938
1.132802128791809
0.9706478118896484
1.1762717962265015
1.0065375566482544
1.113109827041626
1.006121277809143
1.0334148406982422
0.9255287647247314
0.8357868790626526
0.6589276790618896
0.8520825505256653
0.8529155254364014
1.2393553256988525
1.1963341236114502
0.7431184649467468
0.9380912780761719
1.0522044897079468
1.063856601715088
1.2569414377212524
1.0548532009124756
1.0502740144729614
0.7721869945526123
1.005345344543457
0.9557128548622131
0.9897089600563049
1.0334835052490234
0.9632499814033508
0.902251124382019
0.9651630520820618
0.7675234079360962
1.14054274559021
1.2184349298477173
1.1499286890029907
0.9962611198425293
0.8857675194740295
0.9752415418624878
0.7672399878501892
0.7510727047920227
1.0934438705444336
0.9267607927322388
0.9532628655433655
1.0371794700622559
0.8309759497642517
0.8744620084762573
0.756932258605957
0.7590514421463013
1.0243810415267944
0.8332979083061218
0.9604511857032776
0.7257219552993774
0.8107670545578003
0.8677189350128174
0.8036538362503052
0.746553897857666
0.9278753399848938
1.3713328838348389
0.7296802997589111
0.7287331819534302
0.7703982591629028
0.7994957566261292
0.8623323440551758
1.0373808145523071
0.8983322381973267
0.7340385317802429
0.8757219314575195
0.7175363898277283
1.1400318145751953
0.9832819700241089
0.8582667112350464
1.0056586265563965
0.7496541738510132
0.905769944190979
0.9800060987472534
1.0047430992126465
0.8765764832496643
0.8601499795913696
1.117738962173462
0.6776427626609802
0.8914437890052795
0.8710633516311646
0.7125078439712524
1.1286596059799194
0.720813512802124
0.7499473094940186
0.5962972640991211
0.9383267760276794
0.8464885354042053
0.9491018652915955
0.6353676319122314
0.6317927241325378
1.1613715887069702
0.6964553594589233
0.9368089437484741
0.8432074189186096
0.838392436504364
0.8148071765899658
0.8514755368232727
0.8001787662506104
0.7445598840713501
0.8811720609664917
0.7310564517974854
0.9038268327713013
0.7868539094924927
0.6738247871398926
1.0690057277679443
1.0999881029129028
0.9629131555557251
1.0628376007080078
0.8076328635215759
0.7406841516494751
1.16412353515625
1.1123961210250854
0.8577724695205688
0.9361312985420227
0.9245117902755737
0.7898266315460205
0.5682017207145691
0.9642941951751709
0.5855514407157898
0.76302570104599
0.9630640745162964
1.3386669158935547
0.6934102177619934
0.6714379787445068
0.8737872242927551
1.0540403127670288
0.997277557849884
0.892991840839386
0.8840475678443909
0.44316619634628296
0.8548008799552917
0.8069403171539307
0.6656755805015564
0.8313590288162231
0.8757025599479675
0.8596616983413696
0.8448900580406189
0.6183465123176575
0.6413666009902954
1.06023371219635
0.8597323298454285
0.6985262632369995
0.7603686451911926
0.5383703112602234
0.7256329655647278
0.6718651056289673
1.1260896921157837
0.997265636920929
1.2858622074127197
0.5872012376785278
0.8142820596694946
1.0105538368225098
0.6721342206001282
0.9615734219551086
0.6589442491531372
0.7435392737388611
0.5205069780349731
0.8800871968269348
1.0295943021774292
0.7943821549415588
0.9889740347862244
1.1387717723846436
0.6944373250007629
0.5254761576652527
0.8034408092498779
0.9212806820869446
0.8905376195907593
0.6582543253898621
0.8661258816719055
0.5951642990112305
0.5749313235282898
0.6408170461654663
0.8599077463150024
0.873664140701294
0.6022986769676208
0.7354133725166321
0.6302212476730347
0.45152491331100464
0.819327712059021
0.5004125833511353
0.7753322124481201
0.5903241634368896
0.7264283895492554
0.8477544188499451
0.7400546073913574
0.6269726157188416
0.5875908732414246
0.7533192038536072
0.8346057534217834
0.9263729453086853
0.8391414880752563
0.7072709798812866
0.8596354722976685
0.8530962467193604
0.7126078605651855
0.8156684637069702
0.6779244542121887
1.0892608165740967
0.7405717372894287
0.8047318458557129
0.8006387948989868
0.8412222266197205
0.8436790704727173
0.9555529952049255
0.675041913986206
0.6949130892753601
0.648453950881958
0.8062078356742859
0.8464054465293884
0.5526447296142578
0.7337432503700256
0.492917001247406
0.7051486372947693
0.6600735783576965
0.4380313456058502
0.423129141330719
0.54914790391922
0.5141876339912415
0.5390465259552002
0.5450770854949951
0.638585090637207
0.6852028369903564
0.695233941078186
0.6102078557014465
0.5734845399856567
0.8806024789810181
0.9356595277786255
0.6253014206886292
0.5798030495643616
0.7371025681495667
0.9503900408744812
0.578264594078064
0.5415652394294739
0.8280595541000366
0.715703010559082
0.6583846807479858
0.6826740503311157
0.7660878300666809
0.583238422870636
0.5965593457221985
0.3742508292198181
0.6848838329315186
0.728378415107727
0.6631438136100769
0.6007876396179199
0.928930401802063
0.5992880463600159
0.5280818343162537
0.8318547010421753
0.7195969820022583
0.7703211307525635
0.5248012542724609
0.8632144331932068
0.6747764348983765
0.8150778412818909
0.6726640462875366
0.6808894276618958
0.8109698295593262
0.6130673885345459
0.8789786696434021
0.46749815344810486
0.5438072681427002
0.4776453971862793
0.5668636560440063
0.9083705544471741
0.7671563029289246
0.5848966836929321
0.5835622549057007
0.6932294964790344
0.8698219060897827
0.754533588886261
0.47886303067207336
0.8040766716003418
0.6811826229095459
0.872370719909668
0.631804883480072
0.5134261846542358
0.47804853320121765
0.6268253922462463
0.5768758654594421
0.6455440521240234
0.4796144366264343
0.481743186712265
0.9379101991653442
0.706555962562561
0.7429327964782715
0.5700409412384033
0.795075535774231
0.5436809062957764
0.7575244903564453
0.7417681813240051
0.6927451491355896
0.4249759316444397
0.6076856851577759
0.4295397400856018
0.6200600266456604
0.5173466801643372
0.5495547652244568
0.7162653207778931
0.6843864917755127
0.7871109247207642
0.6996966004371643
0.5025885701179504
0.7408832907676697
0.7651957273483276
0.47979724407196045
0.5053166151046753
0.48498398065567017
0.6808691024780273
0.49780744314193726
0.4571352005004883
0.5373324155807495
0.3023860454559326
0.7501184344291687
0.7946178317070007
0.33406051993370056
0.5170390605926514
0.7645156383514404
0.5581198334693909
0.7271595597267151
0.5324748754501343
0.7037286162376404
0.4563685357570648
0.6702507734298706
0.5810294151306152
0.5146463513374329
0.4497882127761841
0.5979357957839966
0.4415993392467499
0.6912389993667603
0.5825737714767456
1.0027258396148682
0.82448410987854
0.6984896063804626
0.3559163212776184
0.5282328724861145
0.5162752866744995
0.5769063830375671
0.6856690645217896
0.23614384233951569
0.5297185182571411
0.6162046194076538
0.9406265020370483
0.9917639493942261
0.5050318837165833
0.7073724269866943
0.41883334517478943
0.4758750796318054
0.4294990599155426
0.6502729058265686
0.6647182106971741
0.6312302947044373
0.3212764263153076
0.529147744178772
0.7385502457618713
0.7207556962966919
0.3916591703891754
0.6067653298377991
0.5935196280479431
0.7568657994270325
0.5166970491409302
0.3670106530189514
0.5629704594612122
0.6882825493812561
0.4350431263446808
0.4497581124305725
0.4707547128200531
0.5237866044044495
0.693398654460907
0.3772696554660797
0.6738250255584717
0.5971159934997559
0.48555704951286316
0.5915687680244446
0.6580808758735657
0.6943503618240356
0.7572664022445679
0.4041833281517029
0.5509092211723328
0.37369659543037415
0.32617276906967163
0.5835444927215576
0.6035475134849548
0.5619560480117798
0.6394801139831543
0.5608372688293457
0.5388046503067017
0.5774983763694763
0.6014971733093262
0.4031693637371063
0.7684506177902222
0.37132528424263
0.652869462966919
0.32254019379615784
0.6312566995620728
0.5743938684463501
0.29255902767181396
0.42475616931915283
0.7610507607460022
0.8263635039329529
0.5160701274871826
0.39277738332748413
1.0219404697418213
0.9909328818321228
0.5963294506072998
0.5863692760467529
0.37089791893959045
0.3787715435028076
0.47788482904434204
0.5933781862258911
0.3373163938522339
0.4170648753643036
0.3047592341899872
0.5588070154190063
0.4088662266731262
0.5843489170074463
0.4074914753437042
0.5896530747413635
0.4333190321922302
0.7425411343574524
0.4641764163970947
0.5688276886940002
0.5407254695892334
0.5683795213699341
0.46220970153808594
0.40878164768218994
0.5155234336853027
0.4858214855194092
0.5979458093643188
0.5650061368942261
0.43027085065841675
0.5758068561553955
0.588192343711853
0.40036287903785706
0.3337453603744507
0.5292402505874634
0.5599914789199829
0.4447786808013916
0.7344390153884888
0.42501550912857056
0.5826727747917175
0.5515312552452087
0.4618602693080902
0.46439623832702637
0.4447425603866577
0.3561079204082489
0.369703084230423
0.47283047437667847
0.3418211042881012
0.5572196841239929
0.34766772389411926
0.4990692734718323
0.4368782043457031
0.830451250076294
0.4751315414905548
0.446703165769577
0.6179282665252686
0.5088768601417542
0.6396568417549133
0.6091043949127197
0.3975878357887268
0.46327608823776245
0.5266355872154236
0.7088903784751892
0.46923398971557617
0.5223987102508545
0.501512885093689
0.6836002469062805
0.4226466715335846
0.5043485164642334
0.47059693932533264
0.3511848747730255
0.6977871656417847
0.37804868817329407
0.42892539501190186
0.18020831048488617
0.5431114435195923
0.4423368275165558
0.638369619846344
0.5770033597946167
0.27008935809135437
0.35481008887290955
0.6144402027130127
0.4532056152820587
0.33887362480163574
0.4681439697742462
0.57406085729599
0.4204617440700531
0.5725240707397461
0.48887738585472107
0.3810890316963196
0.5476135015487671
0.5115104913711548
0.7426865100860596
0.46248212456703186
0.4584371745586395
0.47579771280288696
0.4002365171909332
0.37206581234931946
0.43274229764938354
0.4003368318080902
0.5230014324188232
0.5017890334129333
0.6709263920783997
0.49828997254371643
0.2579994797706604
0.4253227114677429
0.36379656195640564
0.4981406331062317
0.3109479546546936
0.45964550971984863
0.21124647557735443
0.41298580169677734
0.4738057553768158
0.5142297744750977
0.3536764979362488
0.4965157210826874
0.36369195580482483
0.6367087960243225
0.6026327610015869
0.3190981447696686
0.41141754388809204
0.4010014235973358
0.27134498953819275
0.5910555720329285
0.3139598071575165
0.4405653774738312
0.33134961128234863
0.4427158236503601
0.3877917230129242
0.4138422906398773
0.4257248342037201
0.3921791911125183
0.42201948165893555
0.3261646032333374
0.3895419239997864
0.4301625192165375
0.3883897662162781
0.4686615765094757
0.4671063721179962
0.5404460430145264
0.5263316631317139
0.365447998046875
0.6512627005577087
0.30699601769447327
0.5209862589836121
0.3779294490814209
0.5253835320472717
0.5406141877174377
0.4244881868362427
0.6511532068252563
0.3726347088813782
0.3781909644603729
0.3365607261657715
0.5786223411560059
0.4498971700668335
0.2671099007129669
0.673281192779541
0.4326545298099518
0.3087243437767029
0.20522256195545197
0.24024894833564758
0.36433789134025574
0.1980387568473816
0.2437596470117569
0.5373273491859436
0.6285746693611145
0.30133137106895447
0.35262298583984375
0.5545214414596558
0.4215010404586792
0.3572206199169159
0.25068172812461853
0.5683618187904358
0.26278847455978394
0.40006154775619507
0.28949981927871704
0.3291744291782379
0.4219496548175812
0.5352083444595337
0.315700501203537
0.26914462447166443
0.31182950735092163
0.41389819979667664
0.30611783266067505
0.3177964687347412
0.4838458001613617
0.2981065809726715
0.2909941077232361
0.28838327527046204
0.5055397748947144
0.7117685675621033
0.33089521527290344
0.31385448575019836
0.37011706829071045
0.49910223484039307
0.2504112422466278
0.225139781832695
0.5745396018028259
0.7023977041244507
0.23510771989822388
0.35611146688461304
0.24373526871204376
0.47076717019081116
0.3307960629463196
0.2261052131652832
0.32352256774902344
0.49729764461517334
0.5865283608436584
0.33087486028671265
0.21895349025726318
0.31082361936569214
0.24604754149913788
0.6365231275558472
0.405221551656723
0.42086994647979736
0.4442412257194519
0.4495965540409088
0.34597504138946533
0.44042283296585083
0.40503761172294617
0.22859682142734528
0.22546163201332092
0.2786771059036255
0.2557663321495056
0.38394615054130554
0.24084413051605225
0.3576944172382355
0.25470420718193054
0.26286429166793823
