1201.31698179245
977.5944912433624
870.3922476768494
880.9826710224152
966.362596988678
970.6491811275482
971.136754989624
938.1722161769867
937.6484220027924
936.9927124977112
892.9590535163879
970.5777258872986
971.6877934932709
987.8474562168121
1061.413297176361
842.4809007644653
841.8464481830597
965.6786506175995
977.3242690563202
869.8189525604248
870.0204792022705
923.2830073833466
1215.6671423912048
977.1604714393616
902.6446831226349
977.4785671234131
977.7299137115479
903.0035953521729
922.8192670345306
869.9655442237854
937.336389541626
870.013512134552
936.9120128154755
970.7841649055481
869.5139145851135
1089.941622018814
937.0404353141785
936.7718300819397
966.6022260189056
966.9351725578308
1018.8169734477997
842.8850989341736
870.611762046814
976.9658176898956
937.1423501968384
966.7357227802277
937.2830727100372
870.3472166061401
903.3463568687439
870.674519777298
972.9542906284332
936.7217559814453
869.8059318065643
938.2895498275757
936.3797340393066
965.7917308807373
1093.401977777481
936.383846282959
932.456485748291
916.3783345222473
903.4209208488464
937.6341197490692
903.2413506507874
965.6942200660706
972.2700674533844
937.0151126384735
972.8420419692993
859.5517842769623
969.4010274410248
870.8252186775208
870.0093238353729
937.3714275360107
869.0817973613739
936.950840473175
947.2095715999603
952.2094445228577
969.823885679245
872.0868153572083
970.2199182510376
869.7361643314362
870.0461750030518
994.7403676509857
888.131744146347
968.4906015396118
982.4643759727478
1054.301254272461
1104.3986608982086
1059.3030529022217
1382.0659852027893
1109.64271068573
1056.0854592323303
1105.3562996387482
989.5281004905701
984.0824844837189
1055.868623971939
1091.1195468902588
1094.7627744674683
983.0071678161621
1017.72167801857
1110.8600130081177
1089.4452142715454
1090.173084974289
1094.667730331421
1090.9484193325043
1079.0380237102509
1224.4263699054718
1080.9068768024445
1021.5828952789307
984.2361481189728
1126.3332121372223
1046.1296117305756
1096.8792216777802
1057.016257762909
1007.7671339511871
1024.8741221427917
943.5674633979797
1065.5672178268433
999.0762777328491
1093.7823390960693
931.9502866268158
995.9975953102112
929.0124542713165
998.5043151378632
928.525860786438
929.7464699745178
898.1783821582794
966.4576404094696
958.6297826766968
984.2971923351288
1000.5136828422546
943.7455859184265
889.2642884254456
1004.624881029129
927.4520955085754
923.3137354850769
895.9721043109894
934.6039032936096
894.355343580246
999.0056691169739
958.7388825416565
963.8211679458618
921.861754655838
894.0348212718964
966.0279204845428
933.2937035560608
894.9096913337708
1006.7494823932648
1019.9281203746796
915.2094531059265
912.4261600971222
995.2254359722137
1054.312485218048
1019.2136261463165
1116.4311134815216
1094.4974913597107
978.9271647930145
1035.64035654068
1120.4468472003937
945.7827839851379
1025.4395327568054
1136.6629350185394
994.5351836681366
1109.85537815094
1084.517204284668
1103.8006887435913
1078.7092170715332
1040.7600297927856
1005.6232280731201
910.9276702404022
1026.6659333705902
1019.1514465808868
987.0936100482941
988.2904877662659
914.5660758018494
948.8481550216675
1024.108542919159
979.6608381271362
1016.4312083721161
1019.083030462265
916.4093179702759
1008.0188226699829
975.5702548027039
1021.0352520942688
980.7483859062195
978.3348643779755
984.4565398693085
1011.2933204174042
1105.3656296730042
995.2117443084717
956.4051198959351
992.9610681533813
959.7303328514099
995.0772123336792
999.3278415203094
994.1041595935822
954.6074244976044
959.6122996807098
921.0188913345337
892.2301051616669
893.3092820644379
993.0160548686981
966.107127904892
930.5244240760803
894.6021738052368
962.6525964736938
883.3123111724854
942.2591969966888
894.491810798645
897.2241930961609
894.3399524688721
990.2033519744873
892.0446929931641
889.9760868549347
963.5210843086243
896.5533874034882
996.1193792819977
885.3950459957123
995.5718910694122
993.3946249485016
998.130618095398
891.4966466426849
960.2944972515106
989.5591080188751
994.69477891922
994.7453830242157
849.1310906410217
852.1925129890442
991.7874431610107
894.2405529022217
964.5573954582214
994.2234048843384
980.40749168396
992.405425786972
790.8444168567657
962.9402310848236
893.6909210681915
997.160890340805
1000.4549691677094
960.8194119930267
1103.104075908661
1075.2913949489594
1094.2864918708801
1089.098520040512
937.2345912456512
984.9419181346893
910.4371771812439
1008.2916233539581
1115.1099379062653
1005.6638123989105
937.9398596286774
839.6933348178864
862.278158903122
930.6086087226868
923.0997030735016
861.4644572734833
913.0558197498322
1027.2108626365662
989.8995926380157
1066.5511319637299
962.9560070037842
1027.2092878818512
937.4143073558807
955.6393823623657
929.5011730194092
960.9559195041656
857.3930337429047
858.9316170215607
944.0481162071228
1102.1148653030396
955.9764924049377
918.4934260845184
906.6109762191772
877.2921874523163
887.830230474472
879.0427451133728
951.4192752838135
884.4798352718353
949.819011926651
955.4998023509979
882.9878160953522
952.1814229488373
934.7810614109039
984.9408869743347
955.9824094772339
979.3339395523071
982.3504538536072
983.9784212112427
986.8322556018829
978.7786617279053
945.633935213089
1001.3307104110718
992.7354004383087
951.2304646968842
978.2898497581482
957.8377861976624
982.2290556430817
994.6506180763245
992.5497279167175
996.370157957077
887.151255607605
