1.81
2.096
2.6519999999999997
2.904
3.248
3.702
3.9280000000000004
4.442
4.87
5.128
5.636
5.9639999999999995
6.4719999999999995
6.68
7.428
7.6499999999999995
8.404
9.15
9.702
10.158000000000001
10.442
10.748000000000001
11.428
11.892
12.29
12.764000000000001
13.154
13.528
14.124
14.466000000000001
15.040000000000001
15.278
15.962000000000002
16.226
16.918
17.346
17.913999999999998
17.83
18.648
18.682000000000002
19.308
19.558
19.996
20.282
20.938000000000002
21.272
21.568
22.067999999999998
22.426
22.817999999999998
23.01
23.291999999999998
23.994
24.474
24.42
24.724
25.169999999999998
25.516
25.89
26.235999999999997
26.83
27.144000000000002
27.366
27.674
27.977999999999998
28.471999999999998
28.808
29.202
29.48
29.876
30.236
30.496000000000002
30.98
31.174000000000003
31.918000000000003
31.874000000000002
32.436
32.762
32.962
33.660000000000004
33.617999999999995
34.018
34.239999999999995
34.796
34.986
35.478
35.342
35.809999999999995
35.884
36.418
37.056
37.196
37.532
37.62
37.89
38.246
38.612
39.162
39.54
39.69
39.838
40.11
40.408
40.717999999999996
40.884
41.455999999999996
41.596
41.994
42.254000000000005
42.4
42.912
43.32
43.206
43.628
43.932
44.108000000000004
44.592
44.768
45.102
45.312000000000005
45.885999999999996
45.95
45.92
46.344
46.782000000000004
47.118
47.455999999999996
47.588
47.924
47.96
48.436
48.92
49.284
49.284
49.646
50.034
49.9
50.690000000000005
50.788
51.4
51.444
51.724000000000004
52.04
52.16
52.742
52.768
53.11
53.284
53.47
53.982
54.26800000000001
54.188
54.782
55.128
55.294
55.559999999999995
55.76
56.316
56.48
56.620000000000005
57.03
57.274
57.536
57.524
58.12199999999999
58.702
58.733999999999995
59.11
58.982
59.418000000000006
59.687999999999995
60.086
60.366
60.746
60.926
61.104
61.407999999999994
61.626000000000005
61.995999999999995
62.285999999999994
62.818
62.944
63.074
63.864
63.81400000000001
64.184
64.78399999999999
64.442
64.982
65.396
65.45
65.892
65.818
66.152
66.55
66.83200000000001
67.324
67.148
67.73599999999999
68.17800000000001
67.898
68.58800000000001
68.612
69.08800000000001
69.57799999999999
69.582
69.976
69.78999999999999
70.47200000000001
70.8
70.80199999999999
71.248
71.77
71.832
71.918
72.63
73.05
72.836
73.256
73.47
73.67399999999999
74.22999999999999
74.274
74.48599999999999
74.234
74.822
75.35
75.722
75.754
76.104
76.216
76.47
76.754
77.024
77.02
77.318
77.282
78.132
78.218
78.3
78.872
78.812
79.12599999999999
79.36999999999999
79.398
79.776
79.886
80.206
80.476
80.634
80.93
81.0
81.33
81.6
81.77799999999999
82.024
82.05
82.238
82.608
82.792
83.096
83.2
83.476
83.454
83.596
83.486
83.982
84.152
84.38
84.708
84.856
85.028
84.988
85.384
85.282
85.464
85.648
85.85199999999999
86.11999999999999
86.074
86.122
86.668
86.576
86.836
87.368
86.8
87.324
87.624
87.764
87.516
87.934
88.004
88.13600000000001
88.442
88.486
88.622
88.57000000000001
88.752
89.14999999999999
88.88000000000001
