4.53708489654619
4.501079587985183
4.458535029760102
4.415392936648005
4.359751473302427
4.312213586114557
4.317028143826653
4.258194013324845
4.224109059099651
4.192214104830456
4.166336805619243
4.1341998607606225
4.108128788526101
4.087202810265524
4.056266190145936
4.040009642196129
3.9939912325890776
3.957261424540254
3.922135636629656
3.890595764455283
3.8520315272728807
3.8294223949427493
3.7883460549137475
3.7572963185932324
3.7348025387815196
3.709331793553384
3.674332182425672
3.653186491078428
3.6277222380308847
3.606359464128304
3.585033933829773
3.5536154624446272
3.5246404324041305
3.494014558584794
3.4739667326593033
3.4464077272683458
3.4265732911541638
3.4019350529936574
3.376081370941513
3.358358725257542
3.3423294408242112
3.318354065460927
3.2988055831636003
3.2703590713193655
3.2503137808016804
3.233660451591472
3.213058172894256
3.1869035312891616
3.165937042602188
3.1500897718512495
3.127156566475968
3.1200370258077634
3.095884749346682
3.074621099035453
3.0600745934049796
3.036384530384522
3.02234633285981
3.004266407788562
2.983336339521286
2.968013050306179
2.94172134057945
2.9294477057883808
2.9087672895177854
2.8884021495004446
2.8734718201410434
2.853783870901903
2.8374919360860837
2.8183143187666793
2.8002965389310246
2.7825166950445346
2.7644289850883776
2.74425926751188
2.733406251958569
2.720113863115725
2.6936163908380375
2.6847800461532514
2.658910222370606
2.63962453161664
2.625596682433887
2.6078319337666795
2.5950249628642634
2.577148199691187
2.5652722525779548
2.543910661621777
2.534725517568076
2.5176874845838912
2.5108522358147995
2.4829823205538113
2.4717472912100575
2.4527248070977836
2.437267744022867
2.4257256347505027
2.4141226964228597
2.401274667219128
2.38955466475938
2.3749507308920936
2.3595548657809986
2.334337768042484
2.3249986008609955
2.306471355430915
2.307353905094859
2.284145023969128
2.2794014758161265
2.2665745439126974
2.2502629124295073
2.2308737852079483
2.2183967494903625
2.2099722962245307
2.198086025159987
2.180030592567171
2.163240001177239
2.1434564159044522
2.141977910647917
2.1261825895370423
2.114201796329235
2.1045571745509077
2.092236256203078
2.0828153297419436
2.063968014534172
2.047927856292871
2.0330366294097413
2.0274812010548
2.0178997336751054
2.0065781891803303
1.9856116940908115
1.9782792334361454
1.958010364828817
1.9538691522520217
1.9394031645696792
1.924812252411757
1.9128882261493323
1.8996576805553778
1.8837082642118643
1.8677574873275464
1.8677973405784354
1.8482214006621513
1.835945040063785
1.8219331727003503
1.8152944184935
1.7913319180383707
1.787200246320661
1.772237909876782
1.7591671689087167
1.759067394087077
1.7343605416814993
1.725765194124578
1.7085491196273843
1.698394749475562
1.69868559392212
1.6787003771118496
1.6679115760356873
1.664712134072238
1.648787276519229
1.6285503706358888
1.6252336835922183
1.6110198497772217
1.5945697839912552
1.58595257128596
1.5760155766059065
1.561047545022062
1.5494405970244152
1.5421805387872565
1.5309043197375733
1.515677026394383
1.4992965235734534
1.4938779296472555
1.4755124132651503
1.4655402235667725
1.4685025681620059
1.4585980442936157
1.4347957230894768
1.4231165960011884
1.4108590033962904
1.39729429099261
1.3895544251212684
1.3785393832589659
1.373823690140034
1.3611463697822503
1.3458835987941078
1.3354471097212008
1.3227369347801599
1.3133086335018773
1.305244964864248
1.286508563534378
1.279893654615373
1.2687474513602683
1.2479631305503114
1.25287539658644
1.229270558604194
1.2150883368214074
1.213756898556219
1.1999213569761846
1.196880784485956
1.1846978982238818
1.172939453054877
1.1554082843958569
1.1518275181350806
1.1458870470523834
1.1221506198501343
1.1089033860227335
1.1152431707248054
1.0934824918389625
1.0876825163736368
1.0721609349293477
1.05720498609116
1.0537137856416385
1.0423998514099804
1.044402481573622
1.020581385135041
1.0156630730385061
1.004108300141971
0.9959307901389763
0.9808949649791279
0.9727664806348894
0.963793537577095
0.9472047704869829
0.9352945070285017
0.9337466267673561
0.918697497576399
0.9173421747696674
0.9020110677041666
0.8894450012451548
0.8839883795937004
0.8750579884213865
0.875662239578069
0.864601488651522
0.8457740664558338
0.8349414714385787
0.8276095203578929
0.8153335977622005
0.8146974402086814
0.803373853111511
0.7937689939194628
0.7883993937917377
0.7808482392745859
0.7734079747401235
0.7705176395680898
0.7476338606585017
0.7413928868139491
0.7353479415178299
0.7209536954951103
0.7237788734533598
0.7072183960462775
0.7013951498452965
0.7054613176590342
0.6882019207224517
0.6813411749613559
0.6704480986651558
0.6609716353666447
0.6598322176567429
0.6525060671293522
0.6458820858803551
0.6320956892445874
0.6283028620435759
0.6224897494706352
0.6181741646107506
0.612393207752796
0.6036683842349235
0.590213923503066
0.5891255872786197
0.5749768821898934
0.5738561664091046
0.5588688669187943
0.5612624435092483
0.5566920545666724
0.5567620388039237
0.539531703247591
0.5441540999485709
0.5339706964276331
0.5184213526909004
0.5108318333811772
0.5086710184355221
0.5112287537635439
0.49256145302444465
0.4985283149782654
0.4958485701047551
0.4855411832632921
0.48343323826637413
0.47364956856993456
0.46768686148669103
0.47131278232464097
0.45493165266407115
0.4572172552690177
0.45136797584383687
0.43657972490238717
0.44193390038464686
0.434060202134997
0.4288546748249732
0.41778445057094554
0.4297395071486378
0.41688122482174805
0.41312488368557543
0.4113325667198357
0.3972176870764674
0.3929509659252508
0.3923199755875656
0.38610659168123285
0.38374845725496104
0.3752181746084672
0.3787274232415287
