4.55580472946167
4.582967281341553
4.589365005493164
4.469744682312012
4.585419654846191
4.4585676193237305
4.527791500091553
4.42020320892334
4.547650337219238
4.351805686950684
4.502984046936035
4.393165588378906
4.364198684692383
4.405019283294678
4.3981781005859375
4.269848346710205
4.357765197753906
4.399938583374023
4.333216190338135
4.439769744873047
4.355401039123535
4.551536560058594
4.2035746574401855
4.261765480041504
4.237889289855957
4.348782062530518
4.360449314117432
4.281140327453613
4.262229919433594
4.048990249633789
4.286267280578613
4.131149768829346
4.289405822753906
4.1948370933532715
4.167710304260254
4.229436874389648
4.170029163360596
4.331967830657959
4.295347213745117
4.137141704559326
4.117602348327637
4.1588568687438965
4.226994037628174
4.293972015380859
4.099066257476807
3.9495816230773926
4.0368499755859375
4.093911647796631
4.101268768310547
4.007747650146484
4.212647438049316
4.216400623321533
3.9816794395446777
4.132589340209961
4.122733116149902
4.096567153930664
3.8327598571777344
3.9789302349090576
4.068230152130127
4.021836757659912
3.9366679191589355
3.878847360610962
3.974946975708008
3.9453983306884766
3.8810508251190186
4.037601947784424
3.830933094024658
3.9246716499328613
3.9081928730010986
3.9568305015563965
3.849794864654541
3.9807848930358887
4.024781703948975
3.8282010555267334
3.8595757484436035
3.6855990886688232
4.029963970184326
3.678356170654297
4.338998794555664
3.8307414054870605
3.713298797607422
3.982783079147339
3.627915620803833
3.9217464923858643
3.7939679622650146
3.8053760528564453
3.9518957138061523
3.8478965759277344
3.928077459335327
3.741891384124756
3.6660022735595703
3.591259002685547
3.648270845413208
4.090114593505859
3.8297390937805176
3.9226622581481934
3.6937646865844727
3.584676742553711
3.8761024475097656
3.7713921070098877
3.9350314140319824
3.809065818786621
3.8280959129333496
3.81461763381958
3.910951614379883
3.7968289852142334
3.7750885486602783
3.48783802986145
4.047222137451172
3.688565254211426
3.8563523292541504
3.7161152362823486
3.843306303024292
3.8074452877044678
3.558856725692749
3.8092634677886963
3.5617268085479736
3.632596731185913
3.5053460597991943
3.8939661979675293
3.7864503860473633
3.561927318572998
3.987147808074951
3.6108882427215576
3.7957799434661865
3.745102643966675
3.5888280868530273
3.7550394535064697
3.8032636642456055
3.8891892433166504
3.8396949768066406
3.631610631942749
3.6679112911224365
3.454414129257202
3.5631890296936035
3.6300883293151855
3.616886615753174
3.613190174102783
3.937093496322632
3.8443708419799805
3.6415910720825195
3.724138021469116
3.6780693531036377
3.605734348297119
3.522765874862671
3.4998154640197754
3.6925830841064453
3.8850553035736084
3.4416019916534424
3.659649610519409
3.3196258544921875
3.3162901401519775
3.5446197986602783
3.7265520095825195
3.572166919708252
3.6797876358032227
3.3707962036132812
3.6562819480895996
3.5502238273620605
3.532034397125244
3.2720015048980713
3.4136173725128174
3.3337666988372803
3.253666400909424
3.717827558517456
3.776822328567505
3.579394817352295
3.458587169647217
3.5089468955993652
3.554903507232666
3.4496588706970215
3.5755558013916016
3.42962908744812
3.537353754043579
3.2776272296905518
3.3857831954956055
3.4754607677459717
3.4923582077026367
3.484220027923584
3.519071578979492
3.675861358642578
3.3383915424346924
3.531381368637085
3.5129098892211914
3.4967546463012695
3.582261323928833
3.436605930328369
3.4994616508483887
3.733213186264038
3.5605063438415527
3.6878206729888916
3.568783760070801
3.310695171356201
3.413778781890869
3.6661689281463623
3.742412805557251
3.680068016052246
3.271418809890747
3.39976167678833
3.593303680419922
3.5125844478607178
3.0797808170318604
3.071427583694458
3.2181341648101807
3.3915162086486816
3.5194311141967773
3.1221752166748047
3.439617156982422
3.4287164211273193
3.5502195358276367
3.233029365539551
3.297776460647583
3.2380478382110596
3.35951828956604
3.29982852935791
3.367696523666382
3.1775832176208496
3.3997421264648438
3.428614854812622
3.1612985134124756
3.3846235275268555
3.1710686683654785
3.320861339569092
3.2077784538269043
3.145575523376465
3.6177256107330322
3.538961887359619
3.0384786128997803
3.2664613723754883
3.0041487216949463
3.4069905281066895
3.141251564025879
3.0944573879241943
2.9045398235321045
3.174907922744751
3.3194735050201416
3.428356409072876
3.243795871734619
3.1477878093719482
3.177492380142212
2.929534435272217
3.2251899242401123
3.0898194313049316
3.2248735427856445
3.0183324813842773
3.253594160079956
3.560305118560791
3.149507999420166
3.6985371112823486
3.0987653732299805
3.2007288932800293
2.9763004779815674
3.1729254722595215
3.24306321144104
3.2572860717773438
3.2751991748809814
3.1158196926116943
2.868079662322998
3.0880069732666016
3.2210214138031006
3.497530937194824
3.217301845550537
2.971247434616089
3.210914134979248
3.143174409866333
3.3461034297943115
3.264589309692383
3.1911871433258057
3.087369441986084
3.086653232574463
3.245981216430664
3.0252840518951416
3.3895986080169678
3.2784481048583984
2.8824539184570312
3.334489583969116
3.168088912963867
2.779689311981201
3.200113534927368
3.375871181488037
3.3782572746276855
3.1368532180786133
3.17350697517395
2.9907336235046387
3.0243136882781982
3.2077434062957764
3.5899806022644043
3.024592399597168
3.3543341159820557
3.0181031227111816
3.273179054260254
2.9529552459716797
3.060297727584839
3.0211524963378906
3.3228752613067627
3.202948808670044
2.924490451812744
3.185241222381592
3.1192290782928467
3.0222084522247314
3.218417167663574
3.1641311645507812
3.0912671089172363
3.149933338165283
2.7361068725585938
2.9200925827026367
3.081205368041992
2.9983575344085693
3.237316370010376
2.931925058364868
3.179610252380371
3.197923183441162
3.0363428592681885
2.9834930896759033
3.3432605266571045
3.07163405418396
2.9226748943328857
3.142548084259033
3.1171562671661377
3.196197032928467
3.0228054523468018
2.870887041091919
3.343366861343384
2.810244560241699
3.170022487640381
2.8233797550201416
2.8715732097625732
3.182997703552246
2.583392858505249
3.179041624069214
2.8402016162872314
2.678941011428833
2.8913278579711914
3.0464930534362793
2.997335433959961
2.819126605987549
2.8020238876342773
3.0478439331054688
3.033372402191162
3.0524117946624756
3.007797956466675
3.0513362884521484
2.6879284381866455
3.1234796047210693
3.0168676376342773
2.7056186199188232
2.843419075012207
2.8720014095306396
2.8598623275756836
3.298403024673462
3.006359100341797
2.545485258102417
3.131422758102417
3.2094955444335938
2.80869722366333
2.5774121284484863
2.8219454288482666
2.818732500076294
2.6907706260681152
2.947925329208374
2.935234308242798
3.018834352493286
2.8372058868408203
2.709582805633545
2.8923678398132324
2.7250077724456787
3.1487860679626465
2.7242233753204346
2.6892197132110596
2.72420072555542
2.970310688018799
2.915039539337158
2.9866416454315186
2.659259557723999
2.9156439304351807
2.919558525085449
2.3877811431884766
2.7244153022766113
2.938369035720825
2.8810875415802
2.9135568141937256
2.796057939529419
3.2344422340393066
2.515726327896118
3.0295612812042236
2.7399423122406006
2.741368055343628
2.675093173980713
2.9879486560821533
2.4558069705963135
2.6077451705932617
2.7281975746154785
3.104692220687866
2.7270724773406982
2.850823402404785
3.212218999862671
2.9214601516723633
2.861546039581299
2.89609694480896
2.961050510406494
2.790187120437622
2.4859778881073
2.5914454460144043
2.8024613857269287
2.441647529602051
2.544111728668213
2.489537000656128
3.0291197299957275
3.007401466369629
2.763383150100708
2.6111016273498535
2.940258264541626
2.62479829788208
2.78861403465271
2.854572296142578
2.6057653427124023
2.73007869720459
2.681042432785034
2.8322391510009766
3.034167766571045
2.742208242416382
2.8687727451324463
2.7191362380981445
2.809296131134033
2.697514533996582
2.545222759246826
2.699643611907959
2.8152456283569336
2.5230791568756104
2.6163947582244873
2.5362493991851807
2.7731552124023438
2.8920934200286865
2.7746520042419434
2.8851985931396484
2.6362929344177246
3.0182242393493652
2.6679024696350098
2.705728054046631
2.7309160232543945
2.4357001781463623
2.5141711235046387
2.7990291118621826
2.2733564376831055
2.9498629570007324
2.791962146759033
2.6828818321228027
2.7089340686798096
3.0878255367279053
2.650033712387085
2.569101333618164
2.6293842792510986
2.6880176067352295
2.6641123294830322
2.78751277923584
2.701862335205078
2.9077558517456055
2.7517950534820557
3.0066514015197754
2.558223247528076
2.9157400131225586
2.3097708225250244
2.6965363025665283
2.6683390140533447
2.6602988243103027
2.4916951656341553
2.7206404209136963
2.9674246311187744
2.644240379333496
2.5613043308258057
2.8874645233154297
2.5039541721343994
2.772500514984131
2.512056589126587
2.376786470413208
2.333653688430786
2.6740756034851074
2.5972342491149902
2.498281955718994
2.535004138946533
2.325279951095581
2.581350564956665
2.70652174949646
2.6809492111206055
2.803755760192871
2.2336227893829346
2.5133843421936035
2.4935271739959717
2.3996920585632324
2.574465036392212
2.6543407440185547
2.991433620452881
2.630661725997925
2.688176393508911
2.50956130027771
2.643550157546997
2.7007901668548584
2.417239189147949
2.5073540210723877
2.462350368499756
2.469839334487915
2.3515994548797607
2.5254857540130615
2.896610736846924
2.4217722415924072
2.414458751678467
2.4547367095947266
2.775775909423828
2.4274401664733887
2.8667218685150146
2.3717987537384033
2.436746597290039
2.3212459087371826
2.8589389324188232
2.034585475921631
2.430441379547119
2.6401615142822266
2.471741199493408
2.474132537841797
2.100473403930664
2.389535427093506
2.408271312713623
2.2527976036071777
2.4386374950408936
2.923029661178589
2.752706289291382
2.3726065158843994
2.4095041751861572
2.7156741619110107
2.2560272216796875
2.1203725337982178
2.934718370437622
2.7004153728485107
2.7813727855682373
2.649801015853882
2.503662586212158
2.609492063522339
2.5002682209014893
2.473314046859741
2.4122133255004883
2.3990776538848877
2.1979875564575195
2.6863198280334473
2.4883971214294434
2.5369112491607666
2.543760299682617
2.4564716815948486
2.507826089859009
2.3783209323883057
2.390218734741211
2.9780592918395996
2.389650821685791
2.280672311782837
2.458707094192505
2.518298625946045
2.7838528156280518
2.2601449489593506
2.4411861896514893
2.151416778564453
2.296461343765259
2.321268081665039
2.318603754043579
2.811861515045166
2.5409045219421387
2.608865976333618
2.441279888153076
2.8358495235443115
2.123744010925293
2.021665334701538
2.3754777908325195
2.351029634475708
2.4204213619232178
2.529298782348633
2.151543617248535
2.3791441917419434
2.3813316822052
2.238821268081665
2.210615634918213
2.416926383972168
2.407586097717285
2.357621669769287
2.5071609020233154
2.4645352363586426
2.5212182998657227
2.197711944580078
2.1701579093933105
2.3428754806518555
2.248652935028076
2.7908339500427246
2.3459599018096924
2.6502203941345215
2.2329494953155518
2.294985055923462
1.989266037940979
2.277184247970581
2.4403505325317383
2.514026165008545
2.151562452316284
2.2450640201568604
2.2547149658203125
2.4907310009002686
2.410463571548462
2.201547145843506
2.598280429840088
2.157151699066162
2.3186099529266357
2.1555569171905518
2.642411231994629
2.30334210395813
2.2084343433380127
1.9561294317245483
2.4469165802001953
2.2261312007904053
2.1733131408691406
2.5443854331970215
2.5903377532958984
1.9183664321899414
2.2508554458618164
2.336817502975464
2.206665515899658
1.9318712949752808
2.3565022945404053
2.581988573074341
1.774296522140503
2.1507866382598877
1.996013879776001
2.2401278018951416
1.95857834815979
2.4229185581207275
2.181664228439331
2.5590622425079346
2.063739776611328
2.3321824073791504
2.527639865875244
2.213843822479248
2.1270620822906494
2.3224759101867676
2.144582509994507
2.57039737701416
2.835505723953247
2.0900967121124268
2.105562686920166
2.1792426109313965
1.9577877521514893
2.0923986434936523
2.2271013259887695
2.0206267833709717
2.6208198070526123
2.23606014251709
2.331348419189453
2.3536975383758545
2.2050065994262695
2.158579111099243
2.2673282623291016
2.112700939178467
2.176218032836914
2.244067668914795
2.438451051712036
2.0807034969329834
2.5607314109802246
2.009661912918091
2.2750484943389893
1.9893336296081543
2.0007262229919434
2.548147201538086
2.1751863956451416
1.7513349056243896
1.6220260858535767
1.9861068725585938
2.3792145252227783
2.285015344619751
2.0505080223083496
2.167656898498535
1.8303077220916748
2.4103121757507324
1.8264857530593872
2.4897029399871826
1.9221035242080688
2.190903902053833
2.274561882019043
2.243896961212158
1.9831384420394897
2.13010835647583
2.2766361236572266
1.8206578493118286
2.233783006668091
2.240772008895874
2.2448654174804688
2.3521368503570557
2.1039719581604004
2.0226967334747314
1.9008800983428955
2.322371482849121
2.049168348312378
2.335278034210205
2.3736283779144287
2.065298318862915
2.1295411586761475
2.358492612838745
2.2212975025177
1.9848954677581787
2.2332844734191895
1.981593370437622
1.940238356590271
2.393649101257324
2.0256381034851074
1.9447392225265503
1.977806568145752
2.2377171516418457
2.252972364425659
2.4616751670837402
2.155501127243042
2.1375865936279297
2.199103593826294
1.8482160568237305
1.8357105255126953
2.0954670906066895
1.7333177328109741
1.8802298307418823
1.8372114896774292
2.1915876865386963
1.918395757675171
1.8906432390213013
1.968608021736145
2.0077261924743652
2.3849101066589355
2.2260348796844482
2.485116720199585
2.314483642578125
2.186292886734009
2.0165133476257324
2.185262680053711
1.8328611850738525
1.947086215019226
2.209038019180298
1.944291591644287
1.6877295970916748
2.1076204776763916
1.9307421445846558
1.58699369430542
2.3962416648864746
2.0461134910583496
1.6188936233520508
1.9990694522857666
1.881608486175537
1.9426575899124146
2.1150755882263184
1.935525894165039
1.8911421298980713
2.0535123348236084
1.8524341583251953
2.0613596439361572
1.8447006940841675
1.8896801471710205
1.9760173559188843
2.0107903480529785
1.9097907543182373
2.072144031524658
2.002588987350464
1.594252109527588
1.762902855873108
1.7589865922927856
1.873788595199585
2.1242711544036865
1.7718045711517334
1.8035475015640259
2.194741725921631
2.270529270172119
2.1439759731292725
1.8748663663864136
1.9563275575637817
2.126434326171875
2.1493372917175293
2.6313183307647705
1.786694049835205
1.797856330871582
1.9027665853500366
1.8055977821350098
1.8386508226394653
2.0027949810028076
2.177952766418457
1.9550437927246094
2.2760169506073
2.2932851314544678
1.8729543685913086
1.7808188199996948
2.2196285724639893
1.9297617673873901
1.5548253059387207
2.520827293395996
1.6424639225006104
1.9070322513580322
1.885867714881897
1.9624885320663452
1.8726156949996948
1.776412844657898
2.0856552124023438
2.3709535598754883
2.1499245166778564
2.2754318714141846
1.7700968980789185
1.9004426002502441
2.0616228580474854
1.7687958478927612
1.345186710357666
1.6120128631591797
1.9874498844146729
1.5153663158416748
1.9326200485229492
1.997909426689148
1.8035379648208618
1.986478567123413
1.4721455574035645
1.8988988399505615
1.8448107242584229
2.053422212600708
2.0431153774261475
1.8693976402282715
1.8789581060409546
1.6382218599319458
1.6947156190872192
1.6206034421920776
2.2170679569244385
1.8281588554382324
1.7672067880630493
1.7595380544662476
1.8154882192611694
2.083369016647339
1.9712636470794678
1.659804105758667
1.3282363414764404
2.1171183586120605
1.996320366859436
1.9860119819641113
1.654172658920288
1.5586193799972534
1.9947153329849243
2.1302123069763184
1.707445502281189
1.5534169673919678
1.655784249305725
1.775974154472351
1.9196659326553345
1.5924042463302612
1.7929760217666626
2.055234670639038
1.6337292194366455
1.6276882886886597
1.9587308168411255
1.7242602109909058
1.6152883768081665
1.9917670488357544
1.6269983053207397
1.9727762937545776
1.8743274211883545
1.9766072034835815
1.9412552118301392
1.8420699834823608
1.6043089628219604
2.1856911182403564
2.1010336875915527
1.7428526878356934
2.0951244831085205
1.8687770366668701
2.055250883102417
1.7148733139038086
2.0565857887268066
2.1019256114959717
1.8429330587387085
1.5571565628051758
1.8987388610839844
1.521710753440857
1.76400625705719
1.1555984020233154
1.6529203653335571
1.6332703828811646
1.6487082242965698
1.9734562635421753
1.4009238481521606
1.8527486324310303
1.2884514331817627
2.1430230140686035
1.8791754245758057
1.5091665983200073
1.9213972091674805
1.4934042692184448
1.8925782442092896
1.830754280090332
1.431766152381897
1.4935801029205322
1.3973653316497803
1.6899693012237549
1.6079612970352173
1.627150535583496
1.7660621404647827
1.5649250745773315
1.548656702041626
1.5988197326660156
1.6276068687438965
1.7675280570983887
1.7888588905334473
1.7465529441833496
1.950881838798523
1.4884599447250366
1.5932331085205078
1.5522741079330444
1.5459643602371216
1.6520711183547974
1.7131980657577515
1.705623984336853
1.9918267726898193
1.8936940431594849
2.015109062194824
1.3311580419540405
2.052828311920166
1.6758432388305664
1.6685682535171509
1.9601153135299683
2.025381565093994
1.1847307682037354
1.509129285812378
1.6675933599472046
1.6611711978912354
1.6677461862564087
1.9244554042816162
1.7803757190704346
1.5602517127990723
1.2288058996200562
1.3940882682800293
1.756855845451355
1.5570385456085205
1.4906905889511108
1.5181684494018555
1.5008143186569214
1.9059239625930786
1.4365973472595215
1.730774164199829
1.5641711950302124
1.8087259531021118
1.4454208612442017
1.5308384895324707
1.7247929573059082
1.6290583610534668
1.9528740644454956
1.4977763891220093
1.870691180229187
1.5572067499160767
1.690138816833496
2.1728134155273438
1.8367578983306885
1.871992588043213
1.6071126461029053
1.771293044090271
1.3970361948013306
1.6282310485839844
1.6457716226577759
1.6115632057189941
1.5819252729415894
1.4784483909606934
1.7896034717559814
1.5239315032958984
1.755704641342163
1.5387649536132812
1.7816492319107056
1.3742427825927734
1.7173945903778076
1.9000141620635986
1.6957783699035645
1.8792939186096191
1.6158229112625122
1.7686463594436646
1.5051600933074951
1.3774669170379639
1.2964491844177246
1.8996524810791016
1.4823049306869507
1.7169313430786133
1.5512140989303589
1.9388760328292847
1.571405053138733
1.415191888809204
1.5252466201782227
1.601627230644226
1.5236806869506836
1.364106297492981
1.4750055074691772
1.7828752994537354
1.6071021556854248
1.9337118864059448
1.7591522932052612
1.7825260162353516
1.4930888414382935
1.762070655822754
1.6385278701782227
1.2952048778533936
1.4952788352966309
1.5538326501846313
1.5502861738204956
1.7584502696990967
1.354288935661316
1.697968602180481
1.7187669277191162
1.3606172800064087
1.5149271488189697
1.511682152748108
1.6941478252410889
1.6672627925872803
1.7988182306289673
1.7157784700393677
1.5431526899337769
1.4000283479690552
1.5765470266342163
1.489552617073059
1.7273534536361694
1.3111209869384766
1.5051686763763428
1.5874888896942139
1.448156476020813
1.6392565965652466
1.7562261819839478
1.9841957092285156
1.4816243648529053
1.8015029430389404
1.6943161487579346
1.6539101600646973
1.4404373168945312
1.4370366334915161
1.8016921281814575
1.4693589210510254
1.635951280593872
1.9128338098526
1.4476008415222168
1.4295685291290283
1.4087026119232178
1.6802902221679688
1.403895616531372
1.4122787714004517
1.4385361671447754
1.218851089477539
1.7940897941589355
1.1994553804397583
1.3470096588134766
1.5883322954177856
1.7052801847457886
1.5841120481491089
1.501643419265747
1.44944167137146
1.1503373384475708
1.5166929960250854
1.4938408136367798
1.8856422901153564
1.2571442127227783
1.6022330522537231
1.4048854112625122
1.8068164587020874
1.3655798435211182
1.5899237394332886
1.301413893699646
1.3777947425842285
1.2044938802719116
1.0387011766433716
1.2140181064605713
1.2702422142028809
1.4359920024871826
1.1282271146774292
1.477723240852356
1.5501761436462402
1.591908574104309
1.1159709692001343
1.5489346981048584
1.4616189002990723
1.7128503322601318
1.6834715604782104
1.514870047569275
1.6120578050613403
1.4113349914550781
1.6106572151184082
1.5104568004608154
1.4235962629318237
1.2875497341156006
1.2156106233596802
1.275136947631836
1.2513729333877563
1.2891498804092407
1.182914137840271
1.3804987668991089
1.3783677816390991
1.419972538948059
1.4210373163223267
1.1076041460037231
1.789618968963623
1.132689356803894
1.4752304553985596
1.6111443042755127
1.2646527290344238
1.7388592958450317
1.3448201417922974
1.632671594619751
1.4352469444274902
1.252150058746338
1.552337408065796
1.2535490989685059
1.2553733587265015
1.1415801048278809
1.3628636598587036
1.189385175704956
1.3215270042419434
1.3214987516403198
1.6852067708969116
1.45201575756073
1.8399488925933838
1.3206596374511719
1.2988358736038208
1.422747015953064
1.3482632637023926
1.294702172279358
1.3775354623794556
1.3149588108062744
1.2518075704574585
1.1063368320465088
1.5541247129440308
1.3461977243423462
1.6034321784973145
1.6541306972503662
1.4582581520080566
1.3577412366867065
1.3566741943359375
1.5462777614593506
1.2450275421142578
1.5691404342651367
1.1590019464492798
1.612516164779663
1.544395923614502
1.8572053909301758
1.0807430744171143
1.2184467315673828
0.9751519560813904
1.5758363008499146
1.3528999090194702
1.5566986799240112
1.242770791053772
1.2817225456237793
1.3069324493408203
1.239237904548645
1.0264854431152344
1.2130355834960938
0.9973098635673523
0.9504779577255249
1.1016242504119873
1.2388458251953125
1.380567193031311
1.4794402122497559
1.23056960105896
1.2828552722930908
1.523797631263733
1.3650259971618652
1.2690401077270508
1.3252705335617065
1.437777042388916
1.290443778038025
1.5179387331008911
1.1270049810409546
0.7453597187995911
1.0875118970870972
1.4471338987350464
1.3907819986343384
1.463718056678772
1.2889653444290161
1.2682526111602783
1.3221180438995361
1.686401605606079
1.2422784566879272
1.4646131992340088
1.4037355184555054
1.3975889682769775
1.2211809158325195
1.06741464138031
1.1828221082687378
1.1850285530090332
1.1915538311004639
1.5919252634048462
1.4609211683273315
1.574836254119873
1.075564980506897
1.06040358543396
1.3455201387405396
1.3394659757614136
1.3254321813583374
1.1962517499923706
1.1896458864212036
1.0347909927368164
1.289222240447998
1.3989454507827759
1.3546524047851562
1.59345543384552
1.15688157081604
1.0956013202667236
1.3345372676849365
1.3750650882720947
1.201486587524414
1.2608369588851929
0.9845521450042725
1.194860577583313
1.114574670791626
0.8579944372177124
1.0467846393585205
1.208668828010559
1.226710319519043
1.5151931047439575
1.0918315649032593
1.3860468864440918
0.9922140836715698
1.2849466800689697
1.2773319482803345
1.0837032794952393
1.161819577217102
1.2762740850448608
1.352967381477356
1.0517412424087524
1.0848575830459595
1.0037709474563599
1.0904873609542847
1.1022934913635254
1.0480724573135376
1.0576659440994263
1.321466088294983
1.2793339490890503
0.8312800526618958
1.0963345766067505
1.2784713506698608
1.0444982051849365
0.956694483757019
1.0967803001403809
0.9924377799034119
1.2303149700164795
1.10744309425354
1.0163530111312866
1.056325912475586
1.5029815435409546
1.2646496295928955
1.3572393655776978
1.0938823223114014
1.0613147020339966
1.289264440536499
1.2892999649047852
1.151645302772522
1.239599347114563
0.8944599628448486
1.2891079187393188
1.2851239442825317
1.4462603330612183
1.3167113065719604
1.0069979429244995
1.317658543586731
0.8622467517852783
1.043906331062317
1.1717525720596313
1.1142431497573853
0.9678641557693481
1.1125962734222412
1.0492619276046753
1.2348175048828125
1.0734914541244507
0.9380192756652832
0.9463701248168945
1.4461421966552734
1.2734757661819458
1.0576179027557373
1.1250680685043335
1.1104872226715088
1.3708159923553467
0.7981644868850708
1.4972882270812988
1.2847963571548462
1.3181827068328857
1.2861794233322144
1.0541971921920776
1.1187807321548462
1.5762606859207153
1.1237603425979614
1.4648551940917969
1.3008813858032227
0.9304323792457581
1.2857820987701416
0.9576945304870605
1.1148098707199097
1.2468942403793335
1.4597396850585938
1.0024460554122925
1.3902382850646973
0.9863764047622681
1.114628791809082
1.3565596342086792
0.7380565404891968
1.2018877267837524
0.9877104163169861
1.1452006101608276
1.0913360118865967
1.0993907451629639
0.9661538600921631
1.433708667755127
1.1987361907958984
1.1177265644073486
0.8404762148857117
0.9888859391212463
1.0769716501235962
0.9315430521965027
1.2508790493011475
1.3318040370941162
1.0615102052688599
1.1255356073379517
0.8168892860412598
1.1121172904968262
0.8759827017784119
1.1193116903305054
1.429160475730896
1.0700583457946777
1.0475269556045532
1.102696418762207
0.8511183261871338
1.4878687858581543
1.0913095474243164
0.9967504143714905
1.0986623764038086
0.9445763230323792
1.5187022686004639
1.0219131708145142
0.7806779742240906
0.981947660446167
1.1635525226593018
1.0275647640228271
1.124485969543457
1.1491649150848389
0.8097367286682129
1.1224194765090942
0.9795004725456238
1.2811702489852905
1.1256365776062012
0.8998647928237915
1.1021111011505127
1.1712465286254883
1.0184276103973389
1.2761424779891968
0.8862556219100952
1.1088428497314453
0.8924287557601929
0.7884840965270996
1.0576863288879395
1.05205237865448
1.1893001794815063
1.0331342220306396
1.1589189767837524
0.9723252058029175
0.8830902576446533
1.2352983951568604
1.0185177326202393
0.9116789698600769
1.0636903047561646
0.8657338619232178
0.9225229620933533
1.046776294708252
1.143005609512329
0.8874703645706177
1.0821319818496704
0.737034261226654
0.8959283232688904
0.7516631484031677
0.8806004524230957
1.2209558486938477
0.913214385509491
1.081647276878357
0.5360664129257202
0.9266030788421631
1.1159684658050537
1.009755253791809
1.0695066452026367
1.0514843463897705
1.4020354747772217
1.0618550777435303
0.9697110652923584
0.9306746125221252
0.82047438621521
0.9501499533653259
0.9187288880348206
0.7856829166412354
0.9807912111282349
1.0127559900283813
0.8922991752624512
1.175600528717041
1.1858569383621216
0.9743816256523132
0.9166303873062134
0.7828659415245056
0.9444563984870911
0.9853898882865906
0.8546795845031738
1.042721152305603
1.0068639516830444
1.0869232416152954
0.9688527584075928
0.8185259103775024
0.9489250779151917
0.8269876837730408
0.7901212573051453
1.1170915365219116
0.8263071775436401
1.103655457496643
0.8973896503448486
1.0289820432662964
0.645261824131012
0.71694016456604
0.835829496383667
0.928058922290802
0.9898066520690918
1.1292916536331177
1.039456844329834
0.7644408941268921
1.1365916728973389
0.8627007007598877
0.8554337620735168
0.9916918873786926
0.9754911065101624
0.7558218240737915
1.1484110355377197
1.2139075994491577
0.8880635499954224
1.1924731731414795
1.1262913942337036
0.8652700185775757
0.8336513042449951
1.0843093395233154
0.7855453491210938
0.9539839625358582
1.0138623714447021
0.9005129337310791
1.0511046648025513
0.6209203600883484
1.1100324392318726
1.0040514469146729
1.2115041017532349
0.7513070702552795
0.9929138422012329
1.0996901988983154
1.3569756746292114
0.5955442190170288
1.078153133392334
0.9221200942993164
1.078596830368042
0.6647464036941528
1.1537219285964966
0.973810076713562
0.9535307288169861
0.7969520688056946
1.2426691055297852
0.7559343576431274
0.8954247236251831
0.7174865007400513
0.8180642127990723
0.9018290042877197
1.0817227363586426
1.047571063041687
0.6220773458480835
0.7245017886161804
0.7818933129310608
0.7981838583946228
0.8066510558128357
0.7617567777633667
0.8841283917427063
0.8871253728866577
0.9482067823410034
0.6187952160835266
0.7525997161865234
0.7243028283119202
0.6751013994216919
0.9452751278877258
0.8084361553192139
0.6834316849708557
0.6116355657577515
0.9907573461532593
0.6918107271194458
0.6777713894844055
0.5380599498748779
0.6592985391616821
0.8782814741134644
0.9276562929153442
1.1275465488433838
0.819250762462616
0.7264385223388672
0.9909470081329346
0.6771266460418701
0.9337044954299927
0.806636393070221
1.050671935081482
0.6492413282394409
1.1222949028015137
0.883322536945343
0.7812223434448242
0.6984179019927979
0.7356415390968323
0.676533579826355
0.8624574542045593
0.8724985718727112
0.8138907551765442
0.9681953191757202
0.6615655422210693
0.8269538283348083
0.7877570390701294
0.7645195126533508
1.1187759637832642
0.8564358949661255
0.869164228439331
1.1208076477050781
0.6116129159927368
0.9462083578109741
0.8804442882537842
1.209965705871582
0.7568914890289307
1.2193801403045654
1.0938442945480347
0.8674779534339905
0.7646887898445129
0.7149749994277954
0.8257869482040405
0.8322513103485107
0.7064573168754578
0.8805357217788696
0.5966619849205017
0.6424981355667114
0.6886654496192932
0.7107296586036682
0.709186851978302
0.6827647089958191
0.5629555583000183
0.7133681178092957
0.9360775351524353
1.1236577033996582
0.7489216923713684
1.06031334400177
0.8859123587608337
0.9196188449859619
0.6971708536148071
1.1040716171264648
0.9319111108779907
1.2269134521484375
0.7192584872245789
0.6767746806144714
0.889224112033844
0.913932740688324
0.5824265480041504
0.7566968202590942
0.761910617351532
0.8049288988113403
0.7647461891174316
0.9647902846336365
0.8278442025184631
0.6537954211235046
1.0034152269363403
0.7542606592178345
0.7665619254112244
0.9159807562828064
1.0250643491744995
1.128004550933838
0.7478015422821045
0.9710888266563416
0.6477717161178589
0.7435524463653564
0.7766757607460022
0.8383883237838745
0.5022231936454773
0.5443663597106934
0.7459166049957275
0.7882282137870789
0.9260655045509338
0.8704097867012024
0.6835050582885742
0.779495894908905
0.5356734991073608
0.556135356426239
0.8357416987419128
0.6808373332023621
0.6146418452262878
0.8203426599502563
0.5538531541824341
0.5962070822715759
0.7470319867134094
0.756557822227478
0.805234432220459
0.720143735408783
0.9078965783119202
0.6136515736579895
0.8242781162261963
0.9100367426872253
0.8035069704055786
0.7575948238372803
0.7794639468193054
0.539821445941925
0.7667655348777771
0.8967499732971191
0.6785644888877869
0.6726924777030945
0.5864015817642212
0.5707374811172485
0.6852118372917175
0.8833979368209839
0.7683385014533997
0.5455690622329712
0.7186987400054932
0.8456400036811829
0.8146708011627197
0.8153661489486694
1.047567367553711
0.8782444596290588
0.7471929788589478
0.8585167527198792
0.673320472240448
0.7116429805755615
0.7986999154090881
0.8205243945121765
0.6535642743110657
0.7554237842559814
0.7063955068588257
0.4833422601222992
0.652858316898346
0.6487928628921509
0.47583210468292236
0.6998040080070496
0.5950201749801636
0.7292256951332092
0.6713258624076843
0.6032972931861877
0.6887674331665039
0.5694589018821716
0.6950578689575195
0.8066925406455994
0.552558183670044
1.1375060081481934
0.8577291965484619
0.6076207756996155
0.48504358530044556
0.8190404176712036
0.674012303352356
0.7216094732284546
0.7279631495475769
0.6277818083763123
0.5266413688659668
0.5461275577545166
0.7498572468757629
0.8003315925598145
0.4680047631263733
0.8184543251991272
0.4774872064590454
0.7338038682937622
0.8554295897483826
0.3647835850715637
0.6180607080459595
0.6964830756187439
0.6263046264648438
0.8908588886260986
0.8642972707748413
0.6994717121124268
0.7907634973526001
0.6948963403701782
0.4774390757083893
0.7881161570549011
0.9616960883140564
0.6621739268302917
0.8449337482452393
0.8609141111373901
0.6324977874755859
0.7838807702064514
0.7195104360580444
0.5708391666412354
0.7484171390533447
0.6678152680397034
0.5873503088951111
0.6252047419548035
1.0679494142532349
0.6872358918190002
0.6571786999702454
0.5078681111335754
0.5133849382400513
0.7041195631027222
0.5180493593215942
0.9215096831321716
0.8719125986099243
0.6606773734092712
0.46927526593208313
0.5206252336502075
0.6308773159980774
0.6348309516906738
0.8052424788475037
0.6439997553825378
0.6920056343078613
0.6958738565444946
0.5951048731803894
0.7926417589187622
0.5538802146911621
0.497590035200119
0.6435882449150085
0.6213301420211792
0.7071790099143982
0.5539824962615967
0.550623893737793
0.6854896545410156
0.5260281562805176
0.5974424481391907
0.8391487002372742
0.7833956480026245
0.6813941597938538
0.5101130604743958
0.7815514206886292
0.6634467244148254
0.8734394907951355
0.7631005048751831
0.8322734832763672
0.8744819760322571
0.5903775095939636
0.6553388833999634
0.7832096815109253
0.7463662624359131
0.5303357839584351
0.6602147221565247
0.5269073843955994
0.6049869060516357
0.5765227675437927
0.5755376219749451
0.8469216823577881
0.6172394752502441
1.1002731323242188
0.590489387512207
0.34230169653892517
0.6959513425827026
0.5068296790122986
0.6461626887321472
0.7182204127311707
0.6859252452850342
0.6656301021575928
0.6001130938529968
0.6127697229385376
0.9910269975662231
0.5699295997619629
0.5928311944007874
0.7492480278015137
0.43096354603767395
0.6834828853607178
0.6281599998474121
0.515275776386261
0.39504775404930115
0.7156896591186523
0.6964809894561768
0.7030171155929565
0.6174046993255615
0.7449828386306763
0.7813122272491455
0.5319607257843018
0.5396864414215088
0.5537796020507812
0.5532804727554321
0.674595057964325
0.7953535318374634
0.45509225130081177
0.6157561540603638
0.6452531814575195
0.8258078694343567
0.5223122239112854
0.5856842398643494
0.45290490984916687
0.695338249206543
0.8220539093017578
0.5731683969497681
0.6504870653152466
0.4919761121273041
0.7959824800491333
0.4995620846748352
0.7453539371490479
0.396473228931427
0.48445284366607666
0.6867480874061584
0.646909236907959
0.6569376587867737
0.459574818611145
0.5237407088279724
0.6988863945007324
0.7610885500907898
0.6457956433296204
0.5603611469268799
0.7543237209320068
0.608430027961731
0.6633286476135254
0.7293437719345093
0.5966165661811829
0.6037836074829102
0.5176947712898254
0.29003778100013733
0.7548307776451111
0.4907562732696533
0.46147578954696655
0.4015887975692749
0.780573308467865
0.4702359437942505
0.46117132902145386
0.35656023025512695
0.568509578704834
0.3914688527584076
0.5357443690299988
0.5041226744651794
0.583869457244873
0.49556174874305725
0.6357505917549133
0.5288889408111572
0.5472854375839233
0.7083014249801636
0.4310012757778168
0.6194620132446289
0.6299272179603577
0.6591549515724182
0.49030154943466187
0.5947468280792236
0.6795711517333984
0.3785622715950012
0.851810872554779
0.5571310520172119
0.5826195478439331
0.4049903154373169
0.4616345167160034
0.6288345456123352
0.6493805050849915
0.5382530093193054
0.507135808467865
0.5582312941551208
0.3460601270198822
0.5709609389305115
0.44181394577026367
0.6133050918579102
0.6603294014930725
0.7192366123199463
0.3766571581363678
0.649641752243042
0.5865595936775208
0.4897547960281372
0.6837446689605713
0.35609710216522217
0.5971221923828125
0.4516679346561432
0.3004414141178131
0.4487344026565552
0.539546012878418
0.9634825587272644
0.37280523777008057
0.6498040556907654
0.5347840189933777
0.44469231367111206
0.3528904616832733
0.6577266454696655
0.5625860691070557
0.36798861622810364
0.5469448566436768
0.466344952583313
0.3728657364845276
0.5197191834449768
0.5953322649002075
0.5696543455123901
0.40444719791412354
0.5109372138977051
0.47856801748275757
0.6333433985710144
0.38780730962753296
0.4332302212715149
0.647301435470581
0.7996193170547485
0.4426097869873047
0.45238974690437317
0.41402220726013184
0.729117214679718
0.40785783529281616
0.533772885799408
0.6562523245811462
0.4210740029811859
0.45382729172706604
0.6676679253578186
0.31830018758773804
0.2888040542602539
0.3491711914539337
0.45795756578445435
0.5897341966629028
0.5907427072525024
0.5073612332344055
0.35066771507263184
0.5262939929962158
0.4780983626842499
0.45873144268989563
0.39486247301101685
0.521051824092865
0.4437143802642822
0.4500475525856018
0.5441251993179321
0.7028908133506775
0.5035827159881592
0.4002129137516022
0.7400739192962646
0.41608473658561707
0.5161492824554443
0.7632009387016296
0.3316023647785187
0.44035252928733826
0.25779250264167786
0.47533905506134033
0.7324625253677368
0.4251914620399475
0.4855060279369354
0.26186880469322205
0.49836277961730957
0.291424959897995
0.46059268712997437
0.22451166808605194
0.5298149585723877
0.4434054493904114
0.2325390726327896
0.5442865490913391
0.5617801547050476
0.5654399394989014
0.5376977920532227
0.4947845935821533
0.4128797650337219
0.43543824553489685
0.3906666040420532
0.3432327210903168
0.2764539420604706
0.33340930938720703
0.4741967022418976
0.4335758686065674
0.5320540070533752
0.5447113513946533
0.426564484834671
0.313820481300354
0.4048950672149658
0.5467844009399414
0.35651329159736633
0.5638107657432556
0.29589876532554626
0.4134373664855957
0.5541527271270752
0.5146364569664001
0.36855536699295044
0.4718562066555023
0.16621825098991394
0.7272403836250305
0.40318790078163147
0.29949337244033813
0.3373156785964966
0.5781980752944946
0.4747975468635559
0.5784937143325806
0.6161563396453857
0.5631904006004333
0.39657384157180786
0.37603071331977844
0.32555708289146423
0.37673190236091614
0.39342987537384033
0.26027998328208923
0.2743839621543884
0.6180757880210876
0.37143027782440186
0.480925053358078
0.49845096468925476
0.34430089592933655
0.5501264929771423
0.27527540922164917
0.5362916588783264
0.7853553891181946
0.7480396032333374
0.43899866938591003
0.32030409574508667
0.5215853452682495
0.2951624393463135
0.3741304874420166
0.3082805871963501
0.5199471116065979
0.3388816714286804
0.46316155791282654
0.2901029884815216
0.49792367219924927
0.4550124406814575
0.4967134892940521
0.5170956254005432
0.3479650616645813
0.47184669971466064
0.8701596856117249
0.5488474369049072
0.4572816789150238
0.4687120020389557
0.4602159857749939
0.4047934114933014
0.34175795316696167
0.6306976079940796
0.5403130650520325
0.4802871346473694
0.5363219976425171
0.28171634674072266
0.2928674817085266
0.784670889377594
0.3877001404762268
0.3367505669593811
0.6762845516204834
0.36390066146850586
0.512104868888855
0.5524727702140808
0.3781486749649048
0.5167709589004517
0.31565263867378235
0.17912036180496216
0.2898767590522766
0.46780675649642944
0.5020111203193665
0.2367161065340042
0.35384756326675415
0.44152313470840454
0.3696364462375641
0.2426871359348297
0.4935435354709625
0.3077378273010254
0.40666472911834717
0.4404427111148834
0.6447364687919617
0.44716426730155945
0.25972989201545715
0.4029967784881592
0.4078156352043152
0.7295286059379578
0.4675796926021576
0.4221554398536682
0.3340374231338501
0.37880516052246094
0.49501481652259827
0.3823598027229309
0.3211105465888977
0.2793630063533783
0.2787666618824005
0.6945846080780029
0.42614853382110596
0.24756675958633423
0.6492322087287903
0.5915537476539612
0.3612162470817566
0.4797937572002411
0.2683265209197998
0.3721746802330017
0.2488643079996109
0.24299852550029755
0.3249436318874359
0.6102991104125977
0.5068362355232239
0.5589935183525085
0.4833352267742157
0.37284862995147705
0.7088126540184021
0.4499403238296509
0.35823971033096313
0.3362857699394226
0.34895235300064087
0.4137313663959503
0.32047492265701294
0.5381001234054565
0.3699668347835541
0.45386332273483276
0.2211667150259018
0.3815857470035553
0.4013027548789978
0.3999210000038147
0.4593086838722229
0.3384445905685425
0.41057494282722473
0.49640074372291565
0.5149495005607605
0.6476449370384216
0.2814500331878662
0.30531108379364014
0.40873077511787415
0.29578205943107605
0.4621576964855194
0.40110349655151367
0.5858538746833801
0.3213072121143341
0.3066078722476959
0.299326628446579
0.4264708459377289
0.35244572162628174
0.34450846910476685
0.4857918322086334
0.3155255913734436
0.47380298376083374
0.48940911889076233
0.2756445109844208
0.22393520176410675
0.32550641894340515
0.39135706424713135
0.3285340666770935
0.61836838722229
0.4618295431137085
