1.932
2.846
3.744
4.668
5.58
6.401999999999999
6.9639999999999995
7.452
7.969999999999999
8.686
9.048
9.74
10.186
10.639999999999999
11.422
11.77
12.316
12.924
13.252
13.914000000000001
14.204
14.634
15.299999999999999
15.756
16.326
16.594
16.977999999999998
17.386
17.706
18.118000000000002
18.706
19.067999999999998
19.488
20.018
20.27
20.738
21.052
21.646
21.808
22.375999999999998
22.988
23.074
23.554
23.766000000000002
24.484
24.701999999999998
25.012
25.82
25.798
26.218000000000004
26.38
26.97
27.18
27.744000000000003
28.433999999999997
28.578
28.860000000000003
29.330000000000002
29.942
29.89
30.436000000000003
30.886000000000003
31.209999999999997
31.472
31.856
32.206
32.802
33.07
33.507999999999996
33.808
33.776
34.58
34.492
35.05
35.482
35.846000000000004
36.174
36.456
36.958
37.348
37.322
38.046
38.346000000000004
38.513999999999996
38.836
39.37
39.698
40.182
40.066
40.611999999999995
40.739999999999995
41.248000000000005
41.676
42.046
42.01
42.658
42.803999999999995
42.972
43.464000000000006
43.913999999999994
44.206
44.51
44.78
45.256
45.152
45.704
45.932
46.396
46.68
46.733999999999995
47.144000000000005
47.33
47.93
48.252
48.394
48.726
48.922
49.012
49.836000000000006
50.058
50.361999999999995
50.786
50.956
51.024
51.404
51.580000000000005
51.864
52.126
52.566
52.454
53.03600000000001
53.384
53.647999999999996
54.214
54.452
54.544000000000004
54.93599999999999
55.013999999999996
55.406
55.822
55.822
56.34
56.364000000000004
56.711999999999996
56.95400000000001
57.31
57.696000000000005
58.199999999999996
58.34
58.52
58.809999999999995
59.316
59.248
59.634
59.874
59.962
60.428000000000004
60.526
61.036
61.208
61.53999999999999
61.684000000000005
62.012
62.124
62.66199999999999
62.954
62.82600000000001
63.114000000000004
63.658
63.74999999999999
64.526
64.566
64.58
64.898
65.546
65.63
65.958
65.806
66.244
66.508
66.744
67.162
67.476
67.514
67.744
68.19
68.444
68.416
68.882
68.95599999999999
69.596
70.024
69.988
69.97
70.392
70.396
70.878
71.166
71.538
71.768
71.63000000000001
72.052
72.382
72.20400000000001
73.014
72.85199999999999
73.222
73.818
73.706
74.012
74.15
74.446
74.698
75.2
74.968
75.388
75.626
75.8
75.972
75.99000000000001
76.102
76.872
77.064
77.202
77.132
77.656
77.754
78.212
78.13799999999999
78.58000000000001
78.602
78.81
79.10000000000001
78.972
79.396
79.756
80.07
79.89
79.932
80.12
80.84
80.60199999999999
81.05
81.47
81.45
81.672
81.542
81.72
82.038
82.128
82.536
82.528
82.878
82.726
83.086
83.186
83.13199999999999
83.324
83.556
83.86
83.678
84.196
84.122
84.658
84.382
84.572
84.99600000000001
84.77
85.272
85.10799999999999
85.612
85.536
86.124
86.13
85.97
86.234
85.982
86.19
86.464
86.66
86.72
86.788
87.19
87.424
87.47200000000001
87.422
87.442
87.708
87.848
87.534
87.898
88.164
88.102
88.062
88.62400000000001
88.422
88.506
88.822
89.022
89.038
