397.31046295166016
395.1229531764984
396.62448835372925
395.76757764816284
377.4341938495636
349.78600096702576
347.5221974849701
348.3173370361328
347.13223338127136
346.84517765045166
362.4078736305237
356.7086102962494
348.38430428504944
346.9832556247711
345.95426082611084
346.8824465274811
347.1994822025299
347.0392484664917
346.1236460208893
345.79797077178955
345.7604150772095
347.64176392555237
347.72549510002136
347.30887055397034
383.76151943206787
347.39627861976624
347.2813057899475
346.0981979370117
345.6513719558716
345.8041772842407
345.8257520198822
346.76871705055237
345.6460542678833
345.87444138526917
345.8342523574829
345.8095073699951
345.74958872795105
346.0165202617645
345.82077646255493
350.33513474464417
351.99121737480164
349.59308671951294
349.5774202346802
349.32365822792053
349.40316367149353
349.21773743629456
349.59047985076904
349.4872999191284
349.2836444377899
349.42352318763733
349.5343143939972
349.23690938949585
349.33351731300354
349.2359392642975
346.00378680229187
345.682492017746
345.67453145980835
345.637494802475
345.60040831565857
345.5268704891205
345.65349793434143
345.65446639060974
345.51922059059143
345.62927865982056
345.5145127773285
345.76717925071716
345.5286934375763
345.4248728752136
345.6663615703583
345.5655210018158
345.37729263305664
345.48138308525085
345.37911319732666
345.4957900047302
345.766996383667
345.5792953968048
345.57466220855713
345.72484016418457
345.73846316337585
345.3177704811096
345.8006031513214
345.71514105796814
345.4433786869049
345.7142412662506
345.63786697387695
345.67210841178894
345.61608600616455
345.43019795417786
345.79462599754333
345.73368859291077
345.67144107818604
345.5329747200012
345.908607006073
345.8708782196045
345.4644320011139
345.60790061950684
345.98454570770264
345.69345140457153
345.76335048675537
345.48148941993713
345.4614927768707
345.6614775657654
345.4988121986389
345.65664505958557
345.6032009124756
345.72198724746704
345.5426092147827
345.4346339702606
345.8887941837311
345.53015184402466
345.50142788887024
345.88825154304504
345.6355917453766
345.7997975349426
345.7215344905853
345.6863160133362
345.7762291431427
345.80376410484314
345.7684545516968
345.5591764450073
345.69678592681885
345.65974617004395
345.78993678092957
346.0432798862457
346.0950288772583
345.8981330394745
346.04132628440857
346.01714611053467
346.16263008117676
346.10654187202454
346.0198690891266
345.9785451889038
346.0183563232422
345.9140639305115
346.07378220558167
346.03538393974304
346.0558135509491
345.81743597984314
346.04656744003296
346.15400195121765
346.1727604866028
345.9927864074707
345.93152594566345
346.34681367874146
345.9953410625458
346.0511209964752
346.27433729171753
346.22912669181824
346.0512011051178
346.4690594673157
345.89897203445435
345.9720516204834
345.7894744873047
345.9340434074402
345.77076029777527
346.2097761631012
346.0943868160248
345.9690089225769
346.08907413482666
346.0572693347931
345.95261573791504
345.8801655769348
346.66948652267456
346.0520830154419
345.997141122818
345.99345898628235
346.08679604530334
346.05685806274414
345.94408798217773
346.19415068626404
345.9014368057251
346.026957988739
345.7736027240753
345.91508197784424
346.11843609809875
345.9560344219208
345.8919606208801
345.99833273887634
346.00849962234497
345.9008996486664
345.850293636322
345.9093453884125
345.97742652893066
345.81997203826904
345.8276493549347
346.06631302833557
345.9849672317505
345.9659481048584
346.7846348285675
346.11599802970886
346.0761604309082
346.00250601768494
345.99499249458313
346.02400255203247
346.27162408828735
345.9033422470093
345.96049284935
346.1711299419403
346.0347468852997
346.03807830810547
345.995477437973
345.9350235462189
345.74243092536926
345.93812894821167
345.8733093738556
346.0043041706085
345.923823595047
346.0157070159912
345.9761743545532
345.9401104450226
346.018208026886
346.0429666042328
346.0466322898865
346.1300551891327
345.9095160961151
345.87912106513977
346.27019143104553
346.3005783557892
345.832270860672
346.19944620132446
345.9802553653717
345.99507665634155
345.93009090423584
345.915545463562
345.926629781723
346.0397937297821
345.80971932411194
345.95063066482544
345.9956645965576
345.94131088256836
345.88308024406433
346.05491971969604
345.9363911151886
345.9394657611847
345.79556107521057
345.95508766174316
346.0149734020233
345.9204137325287
353.0177640914917
353.5337498188019
345.90071177482605
346.4493787288666
345.88842368125916
346.98915553092957
347.57794547080994
347.2100901603699
347.7775614261627
348.6389615535736
347.00501799583435
346.62798166275024
347.2345631122589
347.37208342552185
346.17722725868225
360.16009736061096
348.0456395149231
346.86284017562866
346.3515667915344
347.92474269866943
347.0340692996979
346.84674072265625
347.6449100971222
347.67979168891907
346.64394640922546
345.8646631240845
345.55947494506836
345.6226487159729
345.5599899291992
346.2885830402374
360.17937660217285
395.57111263275146
391.1058099269867
394.2211112976074
393.49162197113037
393.1747770309448
393.42927265167236
394.55235171318054
347.56367921829224
348.00407099723816
347.4828405380249
347.66207551956177
346.0599272251129
346.395051240921
345.9725043773651
345.87529730796814
345.61234045028687
346.0535283088684
349.5920777320862
389.56080889701843
391.12296652793884
390.70418071746826
391.1410262584686
389.7153060436249
390.11137890815735
389.6686999797821
392.79246950149536
390.450670003891
392.57979226112366
389.4744896888733
379.15746688842773
347.25521326065063
