4.541774772317209
4.441076165879779
4.376484916643109
4.289573548699889
4.2129679918289185
4.1454253833921975
4.098690338146961
4.058687939058484
4.01937728678174
3.96673462366509
3.932937711401059
3.891854371561114
3.859503197852913
3.8289690532952623
3.7977176093689318
3.766787731434073
3.7389865671582236
3.706366432292382
3.67847242349249
3.6410808313228284
3.618617018165491
3.5919285168123367
3.5499208500927977
3.5239416049874346
3.4934422317368297
3.4711336863925086
3.4495335524649264
3.4245064346991536
3.404812914636129
3.3743293965259173
3.3521915738235046
3.331895782209723
3.3045966009349774
3.2847805355515933
3.255666970292016
3.237891510319527
3.217132117742163
3.1896541798511127
3.172408017965839
3.154085576991596
3.1232446611994673
3.102668239637409
3.080443980443813
3.0590411211218673
3.0420131040046283
3.01940360337572
2.998349595252815
2.9720950754707123
2.9611626043344095
2.94268223452751
2.9205347168476075
2.8938720528122106
2.8871271073665765
2.8584142767864726
2.8392697987349136
2.8250406123793033
2.8087508080865415
2.783928677554021
2.769471891700764
2.7546809152569
2.732817208370589
2.705050853969496
2.6980485626498756
2.674841098468322
2.657806931554204
2.6466077578342175
2.618466808362995
2.6103329743875565
2.5911867886857913
2.573561185766059
2.5647000389940597
2.531904718912471
2.525932229998167
2.505887152593764
2.4858597056640077
2.4703254330798488
2.458346568714932
2.441761184378963
2.4248552169946147
2.4096829167107487
2.3955711466272165
2.3717897769130403
2.354830667948174
2.3458045946667565
2.329890422046642
2.3139516031345746
2.2956060911993235
2.275599806509969
2.2680385756065777
2.25079821534169
2.2391807520785907
2.221603107117021
2.2094522842665767
2.195798581061156
2.186176426270429
2.1634022779476916
2.150483551690036
2.1420843932024964
2.120149895205827
2.1055557695800995
2.0910784708874304
2.074536422939252
2.0626998584898537
2.0398271756099007
2.0456628046377237
2.0222960329421644
2.0109641623618963
1.9981535083192694
1.9780074316827232
1.9752408702050328
1.963385830449936
1.9451953518726026
1.9213755399064945
1.9155893036166725
1.9020106643057235
1.8941732167892749
1.8796550169625246
1.8658267110205062
1.8471565138348534
1.834281013597308
1.8221970816402484
1.8079952843048994
1.8021131788983065
1.7888674521080368
1.778271832277098
1.7726665889210713
1.7467562879442864
1.7482257069224287
1.7295981820891886
1.7225280605313722
1.7041424663780291
1.6887963937066706
1.6802723180607457
1.6640193893781403
1.654854768987202
1.6448001658825009
1.6305824121855714
1.6179897045845266
1.6080105268132046
1.5999345719966742
1.5895401772940556
1.5768763349794062
1.5667089004345867
1.557705227676255
1.5409335506236768
1.5252596409729375
1.520719147246817
1.4998926628581093
1.4952288665582456
1.4893159243609289
1.468563992730187
1.4586434805637125
1.4556189284605139
1.4448304142793427
1.4315808390260047
1.4240780676264897
1.4026041710773087
1.4009389306425744
1.3813529276024654
1.37892098225596
1.3602617086504427
1.3527005214977752
1.3387617189103684
1.327011378601079
1.3149764020272228
1.309574671870912
1.304554334381962
1.298790414848596
1.2764968774507723
1.2713003514520347
1.2471726387358077
1.2444357564077353
1.2386111154428223
1.2301385347800486
1.2118795878442048
1.2027338850681129
1.1925090762507884
1.1925377976863891
1.1840460111418039
1.16699574243687
1.1571358099313038
1.1429132409870166
1.1278832151609308
1.1265254554998538
1.1216184478586593
1.1072474790503606
1.0950542398730811
1.0898853563286763
1.0828983914821655
1.0757332425135786
1.0521391645416884
1.0442685644187586
1.0361866630099315
1.0386181765657556
1.0193705763810736
1.0179217337342479
1.0001637948214854
0.9931844006413999
0.9852677137040726
0.9716739564600503
0.9702946704519374
0.9653502214137856
0.9536156629967263
0.9439286174600386
0.9324489633750428
0.9337981395099474
0.9141620558012477
0.898831512693249
0.8997983983563035
0.8927737668804501
0.8839458626554445
0.8755237275682142
0.8674805114412552
0.8520096735957333
0.857300986185708
0.8426937777596666
0.8323764036531034
0.8244787828086892
0.8205868339980654
0.8155557869950218
0.8113557858692716
0.7883171251286631
0.7873677878885927
0.7789078712692041
0.7782622770503964
0.7608826748474175
0.7571505712502448
0.7438486974943629
0.7443604720827869
0.739582001934271
0.7307272676159354
0.7216277838591725
0.7158428737726967
0.7113117853470166
0.7021614440414302
0.6869820350271356
0.6807924658822282
0.6800758661059163
0.68324079789469
0.6730635565946169
0.6495416550837514
0.6548581235015484
0.6415155587903679
0.6315676854242145
0.6350395915758275
0.6256959606771884
0.6247761294893597
0.6164024534737668
0.6051687370518894
0.6089012973829914
0.5916033246556817
0.5923266315932774
0.580825174556059
0.5838303541016701
0.5770642883942255
0.5691385804997076
0.5657634557131916
0.5625420669498651
0.556863116371967
0.5539245166055992
0.5445722864793084
0.5343208858729018
0.5361504605054246
0.5233939326632663
0.5282416762331562
0.5214678118829532
0.5108778586091898
0.5181671208356653
0.5035365901868362
0.505979273020459
0.4876310359638975
0.48803960943542174
0.47696617098949146
0.4793226512534844
0.47850271891754914
0.47262770775943763
0.47357735798105866
0.4702939836074934
0.46096590963547185
0.4539185697427186
0.447467112175339
0.4472607919550918
0.4417043252826652
0.4302456385987189
0.42971307206946563
0.42715385901120007
0.4266212562770795
0.41842287620696267
0.41121436876561634
0.42097173503521457
0.4085271946342705
0.40441579466966715
0.406794531923502
0.4024661019292024
0.3885168604686132
0.39594898769236586
0.38869080820199475
0.37978317297023273
0.3727366048128099
0.3728546009725317
