215.25772738456726
205.28571128845215
205.57009363174438
205.4786400794983
205.5929572582245
205.4303994178772
205.58924865722656
205.58492803573608
207.30754613876343
250.73461818695068
254.80366349220276
251.00472497940063
251.8416028022766
250.8136386871338
251.99177503585815
252.74020099639893
250.31722927093506
253.88006687164307
251.93278241157532
254.31340098381042
252.48094844818115
253.36537075042725
253.31310772895813
251.65848207473755
253.99374318122864
250.64437413215637
253.7918152809143
252.4430582523346
253.12280130386353
251.4405071735382
252.51498007774353
252.18474626541138
251.1117422580719
252.75031900405884
251.78212094306946
254.44226145744324
251.93206453323364
251.26023316383362
251.7767071723938
252.50597882270813
250.61679816246033
249.92371439933777
253.4308638572693
250.9949188232422
253.45285630226135
253.4063262939453
251.8267650604248
253.11958765983582
250.1789379119873
254.2740728855133
251.22013688087463
253.47629022598267
252.01849603652954
251.25551414489746
251.3599033355713
251.45964217185974
253.30093359947205
249.97059798240662
251.79172801971436
251.25376224517822
251.8123073577881
250.73587083816528
251.6465184688568
253.37816286087036
251.50990796089172
254.69699549674988
250.6266429424286
252.75277400016785
252.32326793670654
251.35474681854248
250.36693263053894
249.57440423965454
252.74093103408813
249.01746106147766
251.24602150917053
248.76560616493225
251.46149492263794
250.2908627986908
250.37790203094482
251.44044494628906
249.9938805103302
252.27229809761047
248.60864329338074
251.854266166687
249.05383157730103
250.05141878128052
249.80435705184937
251.24047255516052
251.14652633666992
249.32309126853943
250.7258336544037
249.19511437416077
251.7934606075287
249.66155695915222
251.1441547870636
251.25907921791077
250.34418606758118
252.502623796463
248.7775251865387
252.290855884552
249.07021188735962
250.66138648986816
248.12434148788452
249.3653063774109
250.06402325630188
249.88383102416992
252.03285932540894
248.6742560863495
253.92126274108887
251.36458802223206
253.25223326683044
251.76016807556152
251.50910115242004
252.65000081062317
249.87464046478271
254.75989437103271
250.3027286529541
252.65994429588318
251.39020085334778
251.1612527370453
252.20442152023315
250.71009278297424
253.14492225646973
250.53674912452698
254.15835165977478
249.5388834476471
251.59124279022217
251.0583300590515
250.7732710838318
252.37958407402039
249.1820297241211
252.58020639419556
248.015362739563
253.4251070022583
248.75078511238098
251.64417028427124
251.09160327911377
249.39924097061157
250.39108300209045
249.0128047466278
251.853933095932
247.9738848209381
250.92488479614258
249.95776414871216
242.56380128860474
205.3803231716156
205.44876885414124
205.31726050376892
205.62048482894897
205.4683380126953
205.19692373275757
205.5745677947998
205.23830103874207
205.48757076263428
205.36337447166443
205.52588748931885
205.30302143096924
205.47493267059326
205.4110667705536
205.27208352088928
205.51012301445007
205.3531939983368
205.56906962394714
205.3422315120697
205.602872133255
205.4420084953308
205.41253542900085
205.48105311393738
205.14179730415344
205.52014112472534
205.18101239204407
205.48487448692322
205.42760229110718
205.56114745140076
205.31854462623596
205.4734344482422
205.34697604179382
205.43610668182373
205.73529887199402
205.3177227973938
205.73681545257568
205.39870691299438
205.49153399467468
205.3241307735443
205.440505027771
205.33956909179688
205.7325780391693
205.80175280570984
205.41215229034424
205.65932750701904
205.32581758499146
205.51935172080994
205.30812191963196
205.5785984992981
205.37872171401978
205.49648261070251
205.5797598361969
205.27226853370667
205.715087890625
205.34798526763916
205.4600477218628
206.6611361503601
205.55485129356384
205.35793113708496
205.55718326568604
205.49334979057312
205.38132500648499
205.5110330581665
205.283588886261
205.67897009849548
205.18269515037537
205.45808386802673
205.259135723114
205.33193826675415
205.45280933380127
205.41015720367432
205.4809238910675
205.4910638332367
205.43322134017944
205.35154128074646
205.57833862304688
205.27478861808777
205.4788374900818
205.40426778793335
205.42070055007935
205.6302831172943
205.23041987419128
205.61904644966125
205.27878165245056
205.55319809913635
205.2065315246582
205.30491280555725
205.60876893997192
205.26398015022278
205.47658824920654
205.39525771141052
205.3932490348816
205.40983533859253
205.51854753494263
205.28660321235657
205.4936182498932
205.38637495040894
205.36991691589355
205.39697098731995
205.25148582458496
205.60409808158875
205.20850610733032
205.59921050071716
205.36491465568542
205.48983454704285
205.3730125427246
205.46324825286865
205.4158697128296
205.35993480682373
205.78591632843018
205.21558618545532
205.526442527771
205.28297424316406
205.46519541740417
205.4063205718994
205.40552473068237
205.4270076751709
205.34957909584045
205.3795747756958
205.11278986930847
205.51982045173645
205.25188159942627
205.36621570587158
205.26454305648804
205.50810956954956
205.3831171989441
205.5067903995514
205.445946931839
205.13125610351562
205.52830719947815
205.20554614067078
205.43534803390503
205.3146116733551
205.37861347198486
205.4126591682434
205.62943720817566
205.5648021697998
205.30093789100647
205.52854418754578
205.21059894561768
205.57139801979065
205.22284626960754
205.434965133667
205.27940392494202
205.3481228351593
205.52626252174377
205.3413770198822
205.50197291374207
205.28324151039124
205.37307357788086
205.30906462669373
205.42765522003174
205.2082221508026
205.46775579452515
205.4147698879242
