1.44
1.814
1.836
1.502
1.942
2.146
2.484
3.056
3.44
3.6580000000000004
3.982
3.872
4.304
4.772
5.104
5.586
5.628
6.072
6.524000000000001
7.094
7.295999999999999
7.6259999999999994
8.309999999999999
8.802
9.229999999999999
9.542
9.958
10.106
10.444
11.092
11.655999999999999
11.942
12.332
12.49
12.76
13.338
13.736
14.06
14.398
14.865999999999998
14.943999999999999
15.532000000000002
15.767999999999999
15.922
16.294
16.778000000000002
17.29
17.398
17.977999999999998
18.058
18.514
18.44
18.826
19.368
19.445999999999998
19.642
20.078
20.146
20.764
20.988
20.742
21.072
21.58
22.03
22.042
22.2
22.488
22.79
23.086000000000002
23.18
23.53
23.866
24.05
24.026
24.578
24.394
24.756
24.990000000000002
25.325999999999997
25.384
25.926
25.96
26.282
26.326
26.682
26.638
27.11
27.234
27.444000000000003
27.908
27.950000000000003
28.164
28.444000000000003
28.544000000000004
28.660000000000004
28.95
29.042
29.496
29.772
29.518
30.081999999999997
30.168
30.624000000000002
30.669999999999998
31.058000000000003
30.896
31.3
31.28
31.596000000000004
31.856
32.078
32.428000000000004
32.6
32.988
33.012
33.058
33.472
33.379999999999995
33.48
33.858
33.94
34.444
34.324
34.656
34.676
35.144
35.199999999999996
35.544
35.562
35.53
35.786
35.964
36.193999999999996
36.458
36.746
37.068
36.956
37.169999999999995
37.112
37.702000000000005
37.907999999999994
38.028
37.998
38.106
38.45
38.582
38.958
38.93
39.266
38.988
39.128
39.436
39.856
39.654
40.132
40.36
40.300000000000004
40.636
41.036
40.878
40.764
41.27
41.454
41.56
41.946
41.64
41.864000000000004
42.03
42.498000000000005
42.492000000000004
42.64
42.668
42.782
43.102000000000004
42.958
43.61
43.678
43.848
43.828
43.996
44.018
44.17
44.440000000000005
44.724000000000004
44.918
45.14
45.224
45.182
45.052
45.623999999999995
45.769999999999996
45.98
46.114
46.094
46.402
46.47
46.73
46.762
47.124
47.088
47.422
47.406
47.884
47.796
48.126000000000005
47.754000000000005
48.302
48.256
48.354
48.408
48.936
49.056
49.014
48.928
49.376
49.494
49.314
49.668
49.764
49.936
50.17
50.385999999999996
50.678
50.71600000000001
50.966
51.052
51.071999999999996
51.666000000000004
51.498
51.732
51.55800000000001
51.946000000000005
52.132
52.303999999999995
52.07000000000001
52.49
52.55
52.928
53.064
52.918
52.949999999999996
53.296
53.31
53.559999999999995
53.806
53.552
54.642
54.108000000000004
54.102
54.442
54.690000000000005
54.722
54.916
54.896
55.238
54.87
55.644000000000005
55.726
55.37
56.144000000000005
56.123999999999995
56.077999999999996
56.25
56.724
56.662
56.542
56.748
57.038
57.038
57.43000000000001
56.984
57.58
57.842000000000006
58.012
58.06
58.209999999999994
58.348
58.256
58.492
58.762
58.89
58.838
59.18600000000001
59.230000000000004
59.596000000000004
59.684000000000005
59.967999999999996
59.733999999999995
60.234
60.158
60.297999999999995
60.326
60.802
60.49
60.934
60.912
61.138000000000005
61.29
61.448
61.550000000000004
