4.680230140686035
4.566041469573975
4.551618576049805
4.6308207511901855
4.6407036781311035
4.523031234741211
4.575473308563232
4.539919376373291
4.573047161102295
4.487563133239746
4.496608257293701
4.611895561218262
4.619290351867676
4.564809799194336
4.537933826446533
4.551023483276367
4.526247978210449
4.533616542816162
4.554656505584717
4.625687599182129
4.563711166381836
4.554549217224121
4.662863731384277
4.615694999694824
4.604043483734131
4.551403999328613
4.564091682434082
4.512682914733887
4.495588302612305
4.5376200675964355
4.573996067047119
4.556239128112793
4.46781063079834
4.590954303741455
4.5501837730407715
4.50109338760376
4.4094390869140625
4.447626113891602
4.488255977630615
4.570339679718018
4.412525653839111
4.508534908294678
4.470484256744385
4.505721092224121
4.502553462982178
4.390926837921143
4.527832984924316
4.40300989151001
4.4339213371276855
4.4771223068237305
4.437253475189209
4.431948184967041
4.540873050689697
4.3817667961120605
4.340173244476318
4.3485822677612305
4.350118637084961
4.513088226318359
4.448636054992676
4.425166130065918
4.389832019805908
4.299651145935059
4.422224044799805
4.342025279998779
4.483729839324951
4.305387020111084
4.321301460266113
4.509288311004639
4.4241485595703125
4.430495262145996
4.420642852783203
4.425875663757324
4.388195514678955
4.273178577423096
4.317513942718506
4.214874267578125
4.429614067077637
4.248040199279785
4.351435661315918
4.366000175476074
4.3558735847473145
4.446205139160156
4.289917945861816
4.402694225311279
4.218850135803223
4.223853588104248
4.207366466522217
4.230116844177246
4.400510787963867
4.273925304412842
4.210745811462402
4.242776870727539
4.286923885345459
4.030185699462891
4.355249881744385
4.200817108154297
4.243226528167725
4.210330486297607
4.134851932525635
4.02222204208374
4.307590007781982
4.198149681091309
4.217967510223389
4.1308369636535645
4.36370325088501
4.172296524047852
4.213528633117676
4.158909797668457
4.200855731964111
4.242091178894043
4.114640235900879
4.105475902557373
4.025688648223877
4.172431945800781
4.055813789367676
4.228511333465576
4.086595058441162
4.24228572845459
4.177227020263672
3.9572036266326904
4.069540023803711
4.048323154449463
3.953256368637085
4.157124996185303
4.080094814300537
4.227231025695801
4.101315975189209
3.9942829608917236
4.26666259765625
4.037908554077148
4.020393371582031
4.175950527191162
3.959491729736328
4.261620998382568
4.204831600189209
4.171871185302734
4.067220687866211
4.056853771209717
4.230403900146484
4.110038757324219
4.065159320831299
3.982045888900757
4.141170978546143
3.9214866161346436
3.9160549640655518
4.000478744506836
3.8979334831237793
3.8407506942749023
3.90549373626709
3.922612190246582
4.004205226898193
4.135520935058594
3.8172988891601562
3.973836660385132
3.8198249340057373
3.758727788925171
4.078334331512451
4.009154319763184
3.956056594848633
3.8423402309417725
4.103214740753174
4.093662738800049
3.701829671859741
3.8668901920318604
4.023155689239502
3.696154832839966
3.9631006717681885
4.108514785766602
4.032507419586182
3.912207841873169
3.9239487648010254
3.9970104694366455
4.01650857925415
3.9017202854156494
3.8731439113616943
3.724440336227417
3.9757730960845947
3.4758753776550293
4.055185794830322
3.980517864227295
3.8341236114501953
3.916513204574585
3.924665689468384
3.9639551639556885
3.81193208694458
3.9516193866729736
3.722635269165039
4.179625511169434
3.8887670040130615
3.675229787826538
3.778578042984009
3.876286506652832
3.888227939605713
3.894855499267578
3.8511972427368164
3.690034866333008
4.043680667877197
3.6775062084198
3.533867120742798
3.576784372329712
3.877685546875
3.9326395988464355
3.847669839859009
3.8748841285705566
3.7366600036621094
3.824826955795288
3.848961591720581
3.8271381855010986
3.7727341651916504
3.8300960063934326
3.7941436767578125
3.728691577911377
3.7275917530059814
3.6974194049835205
3.7510647773742676
3.839057445526123
3.849311113357544
3.7208852767944336
3.8603906631469727
3.7992472648620605
3.6506149768829346
3.968688488006592
3.9254415035247803
4.258369445800781
3.543989419937134
3.491612434387207
3.853632926940918
3.9128286838531494
3.7131435871124268
3.8278450965881348
3.7292609214782715
3.4811275005340576
3.922691583633423
3.940361499786377
3.8084585666656494
3.8921985626220703
3.877620220184326
3.704538106918335
3.7145349979400635
3.618333339691162
3.524778366088867
3.6105520725250244
3.632046937942505
3.5184249877929688
3.727949619293213
3.67097806930542
3.8260769844055176
3.928319215774536
3.886867046356201
3.9456605911254883
3.5539510250091553
3.6457417011260986
3.865565061569214
3.5513176918029785
3.618713617324829
3.5540030002593994
3.440120220184326
3.5360329151153564
3.6775221824645996
3.72873592376709
3.6300129890441895
3.493386745452881
3.4413225650787354
3.870609998703003
3.5050106048583984
3.541036367416382
3.5209009647369385
3.5609354972839355
3.390352487564087
3.88338303565979
3.382495164871216
3.8109681606292725
3.5497188568115234
3.6863858699798584
3.507282018661499
3.6691014766693115
3.7268424034118652
3.4837639331817627
3.5610902309417725
3.6334848403930664
3.4033772945404053
3.812711715698242
3.3790953159332275
3.5111451148986816
3.581545352935791
3.498798370361328
3.37399959564209
3.601032257080078
3.4870574474334717
3.1608667373657227
3.3669192790985107
3.6363656520843506
3.5971367359161377
3.378946542739868
3.4615001678466797
3.5231995582580566
3.208555221557617
3.698408603668213
3.3526813983917236
3.4133360385894775
3.3625943660736084
3.656558036804199
3.6366355419158936
3.428901433944702
3.1238481998443604
3.4359002113342285
3.3209636211395264
3.309147834777832
3.4697275161743164
3.7917604446411133
3.5610175132751465
3.5980780124664307
3.398132562637329
3.26212215423584
3.575244426727295
3.392874002456665
4.051477909088135
3.6733994483947754
3.8881590366363525
3.567303419113159
3.403303623199463
3.6510586738586426
3.40124249458313
3.630528450012207
3.425438404083252
3.2833938598632812
3.345348596572876
3.4439237117767334
3.3938910961151123
3.3377368450164795
3.1351261138916016
3.4161806106567383
3.5123565196990967
3.293790340423584
3.3914225101470947
3.417426109313965
3.355724334716797
3.343008279800415
3.290168285369873
3.6912636756896973
3.3757224082946777
3.287803888320923
3.4845852851867676
3.571758508682251
3.5529327392578125
3.890618324279785
3.348649024963379
3.2650153636932373
3.281731367111206
3.2541146278381348
3.4042773246765137
3.371454954147339
3.1901652812957764
3.382861852645874
3.300649881362915
3.392683982849121
3.2085673809051514
3.729259729385376
3.3071906566619873
3.3093650341033936
3.6599063873291016
3.692427635192871
3.4279870986938477
3.279172658920288
3.6316914558410645
3.4707181453704834
3.412281036376953
3.3399887084960938
3.244429588317871
3.7153000831604004
3.418830394744873
3.459235906600952
3.4687609672546387
3.1311089992523193
3.3168044090270996
3.266842842102051
3.256913423538208
3.3009326457977295
3.3824210166931152
3.2756295204162598
3.3588757514953613
3.0876150131225586
3.228102445602417
3.1870059967041016
3.5296518802642822
3.391104221343994
3.4352097511291504
3.252093553543091
3.5183935165405273
3.1904900074005127
3.0996897220611572
3.260802745819092
3.060344696044922
3.1459567546844482
3.258650064468384
3.466038942337036
3.4309182167053223
3.5053064823150635
3.3760879039764404
3.290255546569824
2.9680678844451904
3.281083106994629
3.197397470474243
3.2372305393218994
3.360208034515381
3.1363377571105957
3.19297194480896
3.082423210144043
3.508322238922119
2.9985721111297607
3.4263980388641357
3.079315185546875
3.0824382305145264
3.1250247955322266
2.7865521907806396
3.2483770847320557
3.348742961883545
2.8916208744049072
3.265068531036377
3.2203643321990967
3.3232626914978027
3.189514636993408
3.2970097064971924
3.3965213298797607
3.147280693054199
3.3052618503570557
3.100101947784424
3.2630043029785156
3.2299444675445557
2.896785259246826
3.320596218109131
3.621966600418091
2.931098461151123
3.063298463821411
3.290440559387207
3.196126699447632
3.2892367839813232
3.2298736572265625
3.2069854736328125
3.335008144378662
3.3883378505706787
3.3744843006134033
2.8579065799713135
3.039813995361328
3.4022059440612793
3.2796761989593506
3.2881197929382324
3.231088638305664
3.286595344543457
3.242432117462158
3.0521223545074463
3.0256571769714355
3.0760536193847656
3.122035264968872
3.2643399238586426
3.00227952003479
2.9443130493164062
3.0742878913879395
3.3639800548553467
2.862248182296753
2.951934814453125
2.998366117477417
3.5565249919891357
2.965837001800537
3.141850471496582
3.1977651119232178
3.1064255237579346
3.258892059326172
3.2071609497070312
3.1838276386260986
2.9066877365112305
2.935981035232544
3.1809427738189697
2.752211093902588
3.3251450061798096
3.3721461296081543
3.2041127681732178
2.893481492996216
3.4251067638397217
3.1485164165496826
3.3544888496398926
3.3107502460479736
3.5291433334350586
3.306614637374878
2.8622817993164062
3.2955868244171143
2.952942132949829
3.117706537246704
3.054879665374756
3.303385019302368
2.917152166366577
3.320542573928833
2.930274248123169
3.223062038421631
3.0262560844421387
2.9081649780273438
3.2449374198913574
3.0092482566833496
2.8219637870788574
3.227288246154785
2.819589614868164
2.9334919452667236
3.3086154460906982
3.095503330230713
2.951308488845825
3.1386032104492188
2.9727330207824707
2.836242437362671
3.0052428245544434
2.7197630405426025
3.2275917530059814
3.112191915512085
2.7880516052246094
2.8987433910369873
3.256161689758301
2.988626003265381
2.903679132461548
3.0093495845794678
3.241457939147949
2.9584100246429443
2.928529739379883
3.2140328884124756
2.920356512069702
3.198561429977417
3.2436342239379883
2.7585244178771973
3.168517589569092
3.132270574569702
3.0376341342926025
3.2318315505981445
3.0661444664001465
2.9807956218719482
2.8919098377227783
2.8460609912872314
2.575545072555542
2.943523406982422
2.851170539855957
2.959404230117798
3.4627668857574463
2.9010400772094727
2.917693614959717
2.9100210666656494
3.071737766265869
2.778130531311035
3.0265917778015137
2.784266710281372
3.0078930854797363
2.975276470184326
3.0246617794036865
3.189270496368408
3.2027201652526855
2.8587989807128906
2.7276172637939453
2.807584762573242
3.0478203296661377
2.94938325881958
2.9144105911254883
2.8742003440856934
3.0484604835510254
2.89329195022583
3.1256818771362305
3.340620279312134
3.197824239730835
2.9970266819000244
3.1511590480804443
2.7035434246063232
3.074082612991333
2.8446083068847656
2.7946207523345947
2.9624271392822266
2.7915115356445312
3.215833902359009
3.6202030181884766
3.0733895301818848
2.545891523361206
3.289470672607422
3.0253336429595947
2.8632681369781494
2.5745604038238525
3.089033365249634
2.600607395172119
2.9181437492370605
2.894622564315796
2.745624542236328
2.9545559883117676
2.807749032974243
3.4427428245544434
3.1606876850128174
3.256258010864258
2.931673049926758
3.0034029483795166
2.7704594135284424
2.6886823177337646
3.1260650157928467
3.126298666000366
2.7935492992401123
3.305507183074951
3.1509220600128174
3.031222105026245
2.913830280303955
2.816133975982666
2.820910930633545
2.9667258262634277
2.8635451793670654
2.5083160400390625
2.695988655090332
2.982200860977173
2.9983980655670166
3.3396918773651123
2.9095442295074463
2.975109100341797
2.6939046382904053
3.1820881366729736
2.371752977371216
3.184920310974121
3.149405002593994
3.0068068504333496
2.789201259613037
2.7348830699920654
3.2409980297088623
3.057100772857666
2.981330633163452
3.176593542098999
2.8686347007751465
3.159820079803467
2.798201084136963
2.8748457431793213
2.749281406402588
3.0449740886688232
2.9009292125701904
2.6780216693878174
3.1122522354125977
2.554225206375122
2.933237075805664
2.873680591583252
2.6006100177764893
2.689664840698242
2.7492706775665283
2.7367658615112305
3.12019681930542
2.7977793216705322
2.5165205001831055
2.922807455062866
2.749298095703125
2.854196786880493
2.843569755554199
2.9640285968780518
2.8950440883636475
3.1828107833862305
2.634310722351074
3.0418076515197754
2.711909055709839
2.845442533493042
2.7877705097198486
2.9250986576080322
2.8471524715423584
3.0413413047790527
2.7222251892089844
2.6490097045898438
2.950662851333618
2.7383761405944824
2.9069478511810303
3.219534397125244
2.824277639389038
2.994419574737549
2.3681113719940186
2.3985774517059326
3.353853464126587
2.9822213649749756
2.7682714462280273
2.4429707527160645
2.950031042098999
3.0453336238861084
2.5427350997924805
2.759908676147461
2.799043655395508
2.721525192260742
2.921699285507202
2.942681312561035
2.9032042026519775
2.6698999404907227
3.23610258102417
3.0166330337524414
2.6513853073120117
2.893106460571289
2.9935402870178223
2.694734811782837
2.866265058517456
2.2424776554107666
3.033294439315796
2.667041540145874
2.4846205711364746
2.8366599082946777
2.892970323562622
2.7979259490966797
2.926164150238037
3.0113611221313477
2.4572653770446777
2.9976768493652344
2.7554287910461426
2.7412259578704834
2.552797317504883
2.8409008979797363
2.717363119125366
2.905348539352417
2.5763113498687744
2.790879726409912
3.2482855319976807
2.6042630672454834
2.733046770095825
2.6293256282806396
2.8132166862487793
2.86881947517395
2.8856425285339355
2.7915849685668945
3.017040729522705
2.594771146774292
2.701711416244507
2.7226083278656006
2.6884396076202393
2.843886137008667
2.8138136863708496
2.8111069202423096
2.774033784866333
2.614450454711914
2.664592742919922
3.180316209793091
2.855515241622925
2.591341495513916
2.852797031402588
2.915314197540283
2.655449628829956
2.585707426071167
2.139611005783081
2.7615573406219482
2.4221200942993164
2.5676629543304443
3.0236635208129883
2.942284345626831
3.0417213439941406
2.5858047008514404
2.8235127925872803
2.743804693222046
3.2219879627227783
2.7315587997436523
2.7809231281280518
2.813943862915039
2.773482084274292
2.8141822814941406
2.807896852493286
2.313894271850586
2.830422878265381
2.7379708290100098
2.9633724689483643
2.990143299102783
3.0021042823791504
2.526040554046631
2.6692612171173096
2.6492483615875244
2.3673348426818848
2.6277413368225098
2.7168021202087402
2.887364625930786
2.514996290206909
2.6231062412261963
2.829486131668091
2.451496124267578
2.512087345123291
2.468928575515747
2.9354028701782227
2.5083467960357666
2.692356586456299
2.191678524017334
2.587451934814453
2.654895544052124
2.913747549057007
2.5671143531799316
2.69720196723938
2.647575616836548
3.128969192504883
2.601532220840454
2.941901445388794
2.8105502128601074
2.9098403453826904
2.5451629161834717
2.656658887863159
2.3460464477539062
2.3148880004882812
2.7017087936401367
2.667174816131592
2.6372830867767334
2.682736873626709
2.6612319946289062
2.6420698165893555
2.6486406326293945
2.3873579502105713
2.7245376110076904
2.8349387645721436
2.7873239517211914
2.9432904720306396
2.482024908065796
2.71409273147583
2.8460826873779297
2.4891154766082764
2.4054501056671143
2.753481149673462
2.3866114616394043
2.6860191822052
2.8214409351348877
2.5182299613952637
2.5976903438568115
2.9506711959838867
2.4723188877105713
2.588822841644287
2.64656138420105
2.2872066497802734
2.4922754764556885
2.53190016746521
2.409359931945801
2.44311785697937
2.465083599090576
2.4614341259002686
2.2449817657470703
2.3774142265319824
2.5679376125335693
2.40867280960083
2.167771339416504
2.2888271808624268
2.7042226791381836
2.7528324127197266
2.798175573348999
2.650137424468994
2.734727382659912
2.0963401794433594
2.415163278579712
2.848665237426758
2.782221794128418
2.7740180492401123
2.5699734687805176
2.6103463172912598
2.443195343017578
2.181915044784546
2.496263265609741
2.9186010360717773
2.3455300331115723
2.6679582595825195
2.3924245834350586
2.7916948795318604
2.8669633865356445
2.5508689880371094
2.705674886703491
2.7109572887420654
2.534987688064575
2.1991796493530273
2.297863245010376
2.503474235534668
2.4880571365356445
2.6053171157836914
2.581857681274414
2.742008686065674
2.6131021976470947
2.3031017780303955
2.7975409030914307
2.727544069290161
2.4800524711608887
2.614389181137085
2.7797234058380127
2.584031820297241
2.6827685832977295
2.605980634689331
2.1910784244537354
2.5979058742523193
2.4633448123931885
2.445683479309082
2.207521438598633
2.712013006210327
2.720252513885498
2.3910834789276123
2.376068592071533
2.194612503051758
2.6301801204681396
2.2689356803894043
2.7533233165740967
2.4073832035064697
2.287912130355835
2.3046584129333496
2.4256701469421387
2.579188108444214
2.378573179244995
2.3583121299743652
2.5486440658569336
2.3732147216796875
2.9049878120422363
2.7163238525390625
2.1872427463531494
2.407241106033325
2.43693470954895
2.3925418853759766
2.6592471599578857
2.127021312713623
2.476534366607666
2.479795217514038
2.289108991622925
2.5895211696624756
2.264406442642212
2.567072868347168
2.6537888050079346
2.4954545497894287
2.396245241165161
2.594470977783203
2.3167216777801514
2.6622698307037354
2.852365016937256
2.4517147541046143
2.44553804397583
2.5111746788024902
2.230343818664551
2.3646061420440674
2.4632580280303955
2.799437999725342
2.3141114711761475
2.604893922805786
2.2516183853149414
2.0855140686035156
2.5712499618530273
2.623112678527832
2.560822010040283
2.5744283199310303
2.7048113346099854
2.21663498878479
2.403846263885498
2.8086023330688477
2.555844783782959
2.2398324012756348
2.514814853668213
2.4724786281585693
2.437248468399048
2.275864601135254
2.709380865097046
2.6193580627441406
2.4777424335479736
2.5514934062957764
2.371772527694702
2.3457953929901123
2.504305124282837
2.4850013256073
2.6596271991729736
2.5827579498291016
2.7891111373901367
1.9615659713745117
2.386552572250366
2.615596055984497
2.2529876232147217
2.2349209785461426
2.6803572177886963
2.9192113876342773
2.532262086868286
2.048536539077759
2.311232566833496
2.291734218597412
2.4785892963409424
2.57382869720459
2.2395238876342773
2.493405818939209
2.080688953399658
2.4569318294525146
2.437070608139038
2.2115468978881836
2.049710988998413
2.4438540935516357
2.5239734649658203
2.560317039489746
2.5614757537841797
2.1157593727111816
2.096534013748169
2.482624053955078
2.0416769981384277
2.069854974746704
2.8668925762176514
2.5292458534240723
1.888335943222046
2.3874123096466064
2.536717653274536
2.695258617401123
2.1483962535858154
2.605548858642578
2.437621831893921
2.049067735671997
2.1381478309631348
2.092791795730591
2.544311285018921
2.1113452911376953
2.4417059421539307
2.3281402587890625
2.765925645828247
2.2235493659973145
2.1998097896575928
2.5044686794281006
2.4822633266448975
2.533681631088257
2.8663101196289062
2.445862293243408
2.6540377140045166
2.8743605613708496
2.597771644592285
2.857877254486084
2.346747398376465
2.6199615001678467
2.666361093521118
2.470247745513916
2.451136589050293
2.069547176361084
2.5836822986602783
2.631265163421631
2.5132243633270264
2.561321258544922
2.3916118144989014
2.2165558338165283
2.263214588165283
2.5011088848114014
2.2260220050811768
2.5311977863311768
2.203301429748535
2.2280423641204834
2.3469126224517822
2.2668356895446777
2.6147971153259277
2.4942193031311035
2.75840425491333
2.1302192211151123
2.409871816635132
2.4262897968292236
2.3278753757476807
2.175189733505249
2.4479146003723145
2.422482490539551
2.025916576385498
2.207144021987915
2.385960102081299
2.2136690616607666
2.3701465129852295
2.196073055267334
2.2869765758514404
2.0907235145568848
1.9563982486724854
2.5622849464416504
2.1838903427124023
2.4918229579925537
2.2982358932495117
2.402343511581421
2.180711269378662
2.378856897354126
1.8133100271224976
1.88772451877594
2.193934917449951
2.4347684383392334
2.0698041915893555
2.728459596633911
2.0918118953704834
2.2430248260498047
2.3606176376342773
2.0844523906707764
2.040184497833252
2.435715913772583
2.592258930206299
2.402513265609741
2.379427433013916
2.335031509399414
2.3174405097961426
2.2681243419647217
2.2048120498657227
1.9788603782653809
1.999901533126831
2.1027870178222656
2.3506276607513428
1.9618953466415405
2.4131038188934326
2.095533847808838
2.5031375885009766
2.110825777053833
2.266160488128662
2.227318048477173
2.327422857284546
2.060331106185913
2.564662218093872
2.660877227783203
2.2268459796905518
2.1789777278900146
2.1972339153289795
2.108335018157959
2.395416736602783
2.3434154987335205
2.026418924331665
2.4027421474456787
2.075895071029663
2.6336328983306885
2.5434815883636475
2.052398681640625
2.17010498046875
2.0359556674957275
2.0671465396881104
2.365365505218506
2.4476988315582275
2.202784776687622
2.250922203063965
2.397317409515381
2.1025397777557373
2.016158103942871
2.5751984119415283
2.1279287338256836
2.395589828491211
2.190803289413452
2.2555782794952393
2.467421293258667
2.078334331512451
2.604799270629883
2.0766708850860596
1.939638614654541
2.055983781814575
1.751325249671936
2.2681047916412354
2.1147942543029785
2.1139910221099854
2.000396728515625
2.256776809692383
2.455251693725586
2.2050294876098633
2.131964683532715
2.3180747032165527
2.5131330490112305
2.1873321533203125
2.315202474594116
2.1825456619262695
2.4865012168884277
2.0369720458984375
2.1710119247436523
2.1480469703674316
1.938079833984375
2.194091796875
2.0675764083862305
2.150914192199707
2.4849002361297607
2.514345169067383
2.4683451652526855
2.088336944580078
2.0208892822265625
2.138888120651245
2.373420476913452
2.5196268558502197
2.1458792686462402
2.3248660564422607
2.4449615478515625
2.0430891513824463
1.865796685218811
2.2537038326263428
1.7556899785995483
2.27701997756958
1.8443435430526733
2.505425453186035
2.1740942001342773
2.115588903427124
2.30410099029541
1.804609775543213
2.473126173019409
2.4399828910827637
2.3079051971435547
2.2604148387908936
2.201185464859009
2.140090227127075
2.400925636291504
2.082317352294922
2.2049169540405273
2.334230899810791
2.0443925857543945
2.068554401397705
2.4251980781555176
2.1164963245391846
2.1771786212921143
2.4177401065826416
1.6877425909042358
2.4374165534973145
1.993553638458252
1.986801266670227
2.125483274459839
2.062466621398926
2.288917064666748
1.9465512037277222
2.283433675765991
2.403583526611328
1.9702236652374268
1.9831236600875854
1.784970998764038
2.04607892036438
2.0846047401428223
2.321828842163086
1.9775733947753906
2.2348530292510986
2.258653163909912
2.1828532218933105
2.4658029079437256
1.987114667892456
2.097773313522339
2.190356969833374
2.0144922733306885
2.4325411319732666
2.0731287002563477
2.0261173248291016
2.1133172512054443
2.4015097618103027
2.199531316757202
2.319824695587158
2.379354953765869
2.0489931106567383
2.4444923400878906
2.020550012588501
2.254514694213867
2.0231778621673584
1.8289495706558228
2.096688985824585
1.8776233196258545
2.176466703414917
2.0204434394836426
1.944644808769226
1.7303553819656372
1.9804142713546753
1.8389770984649658
2.3936173915863037
2.4020321369171143
2.3563125133514404
1.8249948024749756
1.9610167741775513
2.297606945037842
2.286302089691162
1.9412155151367188
1.8762613534927368
2.0554840564727783
2.3438472747802734
2.470834970474243
1.8978632688522339
2.3156888484954834
2.1314096450805664
2.0203089714050293
2.4584097862243652
2.2502474784851074
1.8120695352554321
2.33308482170105
2.4406800270080566
2.214404821395874
2.2677226066589355
2.2279367446899414
2.0326669216156006
2.293860912322998
2.130099058151245
2.124271869659424
2.049140453338623
2.083603858947754
1.8719357252120972
2.3508269786834717
1.915117859840393
2.3694043159484863
2.3107056617736816
1.867374062538147
2.0178191661834717
1.979272723197937
2.075298547744751
2.005180597305298
1.9230480194091797
1.984829306602478
1.9782220125198364
2.1226441860198975
2.328157663345337
2.0380873680114746
2.0912768840789795
2.111024856567383
1.9556257724761963
1.7158551216125488
2.252133369445801
2.086777925491333
2.2715554237365723
2.5860233306884766
2.1817312240600586
2.528428554534912
2.069735288619995
2.2261741161346436
2.139645576477051
1.954110026359558
2.035989284515381
2.0361266136169434
2.525520086288452
2.044360399246216
2.043017625808716
2.186577081680298
2.48382830619812
2.40392804145813
2.518526554107666
2.2054386138916016
2.0996367931365967
2.38083553314209
1.7368030548095703
2.2038378715515137
1.9945557117462158
2.341864585876465
1.9860761165618896
2.0753743648529053
1.960270643234253
1.808571219444275
1.8184031248092651
2.3292458057403564
1.8957698345184326
1.8012384176254272
2.405512809753418
2.053223133087158
2.0201914310455322
1.8886010646820068
2.0190393924713135
2.25854229927063
2.026202440261841
2.0130724906921387
2.259730339050293
2.0460212230682373
1.847367286682129
1.9006565809249878
2.013791561126709
2.1561949253082275
2.249973773956299
2.111151695251465
2.2904155254364014
1.8623478412628174
2.125880241394043
1.926918625831604
1.8240410089492798
1.966215968132019
1.7093379497528076
2.2612600326538086
1.870750904083252
1.7941277027130127
2.0652685165405273
1.9596081972122192
1.8999300003051758
1.7157789468765259
2.255021810531616
2.1221704483032227
2.114381790161133
2.0558173656463623
1.7002639770507812
1.9252783060073853
1.8935673236846924
2.05348801612854
1.8836688995361328
1.890452265739441
1.8296854496002197
1.845833659172058
1.8896338939666748
1.8771607875823975
2.0442960262298584
1.7458001375198364
2.340865135192871
2.095541000366211
1.9741593599319458
1.866503357887268
2.320539951324463
2.479870557785034
2.464179754257202
2.0050854682922363
2.262099027633667
2.114457130432129
1.7242746353149414
2.2782795429229736
1.5613667964935303
1.8450249433517456
1.6794376373291016
1.9400571584701538
2.1757028102874756
1.9862799644470215
1.8770835399627686
1.5878554582595825
2.0502469539642334
2.0203123092651367
1.937321662902832
2.0743160247802734
2.217935085296631
2.0252926349639893
2.1058757305145264
2.114743947982788
2.010416269302368
2.1729612350463867
2.193235397338867
2.177342414855957
1.6834824085235596
2.1004395484924316
1.9991744756698608
1.8100355863571167
2.28519606590271
2.0584819316864014
2.353254556655884
1.8512859344482422
2.1735167503356934
1.9120627641677856
1.9995282888412476
1.886944055557251
1.8092273473739624
2.0780482292175293
2.299668550491333
2.070361375808716
2.0079331398010254
1.8555912971496582
2.256579637527466
2.2365546226501465
1.7232378721237183
1.6532572507858276
2.2532284259796143
1.9200701713562012
1.6679894924163818
2.003148078918457
1.6196283102035522
1.8875434398651123
2.218410015106201
1.7731393575668335
2.014573097229004
2.1388533115386963
1.805413007736206
2.0446460247039795
1.754885196685791
1.742160439491272
1.957643985748291
1.7656784057617188
1.8117095232009888
1.6442679166793823
1.9278571605682373
1.931017518043518
1.823857069015503
2.068380355834961
1.8207253217697144
1.7888538837432861
2.495535135269165
1.4746953248977661
1.7941159009933472
1.9270265102386475
2.0276455879211426
1.8627793788909912
2.1247448921203613
2.1571743488311768
1.9480434656143188
2.017585277557373
1.8792617321014404
1.836488127708435
1.684654712677002
2.3280553817749023
1.7408031225204468
1.9513440132141113
1.814306616783142
1.9010034799575806
1.7780646085739136
1.8003175258636475
1.7657028436660767
1.872265338897705
2.1474804878234863
1.8442593812942505
1.8575807809829712
1.8170709609985352
1.8508559465408325
1.9064260721206665
1.7806141376495361
1.9677729606628418
1.9349186420440674
2.2203369140625
1.6286365985870361
2.364924192428589
1.8181854486465454
2.1606972217559814
1.8338122367858887
1.8525863885879517
1.5281141996383667
1.862764596939087
2.0288007259368896
2.174248456954956
1.9998962879180908
1.66436767578125
1.9248542785644531
1.912530541419983
1.6713707447052002
2.1778573989868164
1.5669710636138916
1.8425403833389282
1.9318374395370483
1.873902440071106
1.9708855152130127
1.6827493906021118
1.816146969795227
2.0185623168945312
1.4387001991271973
2.0052707195281982
1.8781787157058716
1.6844899654388428
1.527868628501892
1.8045825958251953
1.9918007850646973
1.7995575666427612
1.9004836082458496
1.8993273973464966
1.827297329902649
1.9877816438674927
1.848525881767273
1.9204826354980469
1.687516689300537
1.5923346281051636
2.0137460231781006
1.6981329917907715
2.0164783000946045
2.3958840370178223
1.5691931247711182
1.9492712020874023
1.8822957277297974
1.954196572303772
1.9865052700042725
1.7823610305786133
2.0684127807617188
2.1113028526306152
1.7183408737182617
1.4896328449249268
1.5187921524047852
2.0048091411590576
1.7402938604354858
1.7316187620162964
1.3461332321166992
1.9191081523895264
1.5597776174545288
1.691611647605896
1.8939282894134521
2.5439653396606445
1.6869887113571167
1.7536834478378296
1.9414068460464478
1.6705493927001953
1.4905458688735962
2.043947219848633
1.6643314361572266
1.3092025518417358
1.8438632488250732
1.6713693141937256
1.5051336288452148
1.790634036064148
1.615789771080017
1.921700119972229
1.7491483688354492
1.7730250358581543
2.0955209732055664
1.7776206731796265
1.8276100158691406
2.1663804054260254
1.678754210472107
2.0936102867126465
1.8673588037490845
1.9216536283493042
1.8973511457443237
1.4882055521011353
2.374685287475586
1.5621135234832764
1.943631649017334
2.0126864910125732
1.7043110132217407
1.6731754541397095
1.7924517393112183
1.6808936595916748
1.5897586345672607
1.8059123754501343
1.8949542045593262
1.5956357717514038
1.9264273643493652
1.5264238119125366
1.8110567331314087
1.8506712913513184
1.9715338945388794
1.8153003454208374
1.6210978031158447
1.926539659500122
1.6613833904266357
1.542588233947754
1.7497026920318604
1.7619550228118896
1.838721513748169
1.6358615159988403
1.4812233448028564
1.6551194190979004
2.1058831214904785
1.7961369752883911
1.9738290309906006
1.9149622917175293
2.212488889694214
1.5390207767486572
1.8337781429290771
1.4018747806549072
1.3668568134307861
1.5621297359466553
1.8132989406585693
1.5617420673370361
1.5953069925308228
1.6606922149658203
2.287008762359619
2.2224624156951904
1.637270212173462
1.8051148653030396
1.7271068096160889
1.9834133386611938
1.4793784618377686
2.043931245803833
1.8328216075897217
1.9073370695114136
2.1036376953125
2.0876660346984863
1.718709945678711
1.8556615114212036
1.892661452293396
1.567664384841919
1.989465594291687
1.8639973402023315
1.7694236040115356
1.7519617080688477
1.6057336330413818
1.8427531719207764
1.7076287269592285
1.6997298002243042
1.6319972276687622
2.04471755027771
1.5880862474441528
1.9808622598648071
1.425598382949829
2.1557748317718506
1.8132258653640747
1.7172337770462036
1.309090495109558
1.7715057134628296
1.8560352325439453
2.2448134422302246
1.7307169437408447
2.022662401199341
1.7533636093139648
1.7678725719451904
1.8153858184814453
1.4397317171096802
1.4257539510726929
1.7108815908432007
1.4810106754302979
1.896337628364563
1.7356666326522827
1.6287169456481934
1.4172675609588623
1.6452912092208862
1.550383448600769
1.6306500434875488
1.5081440210342407
1.6101295948028564
1.8949888944625854
1.7175052165985107
1.3907902240753174
1.8947443962097168
2.0357666015625
1.7578904628753662
1.526778221130371
1.7060998678207397
1.911687970161438
1.493755578994751
1.9653973579406738
1.5991566181182861
1.8628530502319336
1.4068423509597778
1.5385082960128784
1.9301127195358276
1.6091362237930298
1.6553531885147095
1.8060975074768066
1.472745418548584
1.6134458780288696
1.6398407220840454
1.7185559272766113
1.5023459196090698
1.404924750328064
1.4415576457977295
2.045994997024536
1.5114368200302124
1.9014183282852173
1.6455684900283813
1.4395912885665894
1.6671148538589478
1.6035925149917603
1.655449628829956
1.8977464437484741
1.8344001770019531
1.8183106184005737
1.6675480604171753
1.3536474704742432
1.8701823949813843
1.459494948387146
1.983972191810608
1.5202645063400269
1.7737525701522827
1.9902515411376953
1.8230552673339844
1.7693147659301758
1.5808746814727783
1.8582020998001099
1.7145411968231201
1.4487016201019287
1.4685297012329102
1.866086721420288
1.5371266603469849
1.6209481954574585
1.9486967325210571
1.8117363452911377
1.8654963970184326
1.7240065336227417
1.8521965742111206
1.8873144388198853
1.7881516218185425
2.0525295734405518
1.694091796875
1.5084165334701538
1.9009870290756226
2.2405574321746826
2.0002939701080322
1.8299100399017334
1.965994119644165
1.3676546812057495
1.5226249694824219
1.119378924369812
1.5774903297424316
1.665055274963379
1.5617846250534058
1.5382312536239624
1.6783403158187866
1.7605844736099243
1.5813757181167603
1.6374390125274658
1.6352293491363525
2.0300445556640625
1.683640480041504
1.6809920072555542
1.7668404579162598
1.6225212812423706
2.367119073867798
1.7984241247177124
1.4023329019546509
1.8084100484848022
1.3755605220794678
1.223671793937683
1.733237624168396
1.9734511375427246
1.458256721496582
1.5496710538864136
1.6672799587249756
1.8142366409301758
1.8057372570037842
1.527493953704834
1.4734770059585571
1.72135591506958
1.5829169750213623
1.7274078130722046
1.5643070936203003
1.4988305568695068
1.3717933893203735
1.6580281257629395
1.8739689588546753
1.4556026458740234
1.6128510236740112
1.6256918907165527
1.1603726148605347
1.3714382648468018
1.882477879524231
1.5874369144439697
1.412814974784851
1.6047565937042236
1.8911943435668945
1.6206834316253662
1.7804090976715088
1.2991917133331299
1.5145797729492188
1.602975606918335
1.4209299087524414
1.3559926748275757
2.045332431793213
1.5585689544677734
1.8910800218582153
2.070894956588745
1.498837947845459
1.6435353755950928
1.5758153200149536
1.5838526487350464
1.5799492597579956
1.3809504508972168
1.8800679445266724
1.5378345251083374
1.388801097869873
1.2711013555526733
1.3199182748794556
1.413902997970581
1.227022409439087
1.6059255599975586
1.6560087203979492
1.6511614322662354
1.7810993194580078
1.6330751180648804
1.833713412284851
1.5310657024383545
1.389127254486084
1.579314947128296
1.7033345699310303
1.281788945198059
1.537246823310852
1.7478911876678467
1.9218393564224243
1.5348899364471436
1.3903099298477173
2.212294340133667
1.543797254562378
1.8066786527633667
1.8051987886428833
1.5150737762451172
1.4523682594299316
1.9184439182281494
1.7716436386108398
1.5210764408111572
1.6272249221801758
1.5390565395355225
1.384999394416809
1.9041157960891724
1.6064802408218384
1.5045890808105469
1.3515527248382568
1.5155808925628662
1.4440934658050537
1.8983752727508545
1.4899532794952393
1.6312177181243896
1.7149722576141357
1.3811479806900024
1.4985029697418213
1.56927490234375
1.5967164039611816
1.4809473752975464
1.651726245880127
1.4132120609283447
1.550053596496582
1.7213114500045776
1.4530489444732666
1.691515326499939
1.757204294204712
1.2365312576293945
1.6486401557922363
1.3369251489639282
1.706220269203186
1.583581805229187
1.5967754125595093
1.4748214483261108
1.3432282209396362
1.531222939491272
1.876485824584961
1.5712931156158447
1.4671505689620972
1.492443323135376
1.762850046157837
1.5351500511169434
1.225252389907837
1.9285904169082642
1.3961735963821411
1.6546168327331543
1.3483282327651978
1.6076027154922485
1.6287915706634521
1.6237876415252686
1.52911376953125
1.6306883096694946
1.3850301504135132
1.9626655578613281
1.5929396152496338
1.8536571264266968
1.3592168092727661
1.822590947151184
1.5547140836715698
1.6869293451309204
1.7198166847229004
1.9660528898239136
1.637237310409546
1.4519908428192139
1.9938392639160156
1.3520221710205078
1.5805681943893433
1.6258773803710938
1.6779181957244873
1.7584682703018188
1.407212257385254
1.1875689029693604
1.5106393098831177
1.533077597618103
1.5823004245758057
1.887205958366394
1.6558963060379028
1.371681571006775
1.3241463899612427
1.3831952810287476
1.7397208213806152
1.3437680006027222
1.7373770475387573
1.6186374425888062
1.5001741647720337
1.4817051887512207
1.4452781677246094
1.825060486793518
1.2790013551712036
1.9445050954818726
1.650482416152954
1.3979134559631348
1.226048231124878
1.5600073337554932
1.265030860900879
1.8066387176513672
1.645620346069336
1.3293414115905762
1.2707574367523193
1.8772190809249878
1.2968868017196655
1.5612837076187134
1.6323697566986084
1.6456191539764404
1.6769688129425049
1.9448636770248413
1.5423965454101562
1.3974987268447876
1.2335772514343262
1.7027599811553955
1.3136584758758545
1.4851174354553223
1.3309155702590942
1.6458141803741455
1.501426100730896
1.5138484239578247
1.2467643022537231
1.3755567073822021
1.1428204774856567
1.4756826162338257
1.4229525327682495
1.2745988368988037
1.1906957626342773
1.6108434200286865
1.4920467138290405
1.261750340461731
1.4260013103485107
1.4151206016540527
1.724242925643921
1.217667818069458
1.560660481452942
1.4220130443572998
1.7054253816604614
1.5619083642959595
1.3650634288787842
1.4594829082489014
2.163454532623291
1.8788702487945557
1.293532371520996
1.2389469146728516
1.4761834144592285
1.654926061630249
1.9679760932922363
1.428884506225586
1.4973032474517822
1.4727566242218018
1.2263456583023071
1.5387135744094849
1.0762269496917725
1.6178468465805054
1.5438008308410645
1.523033618927002
1.7647000551223755
1.551958441734314
2.0154263973236084
1.5747900009155273
1.7396317720413208
1.6795291900634766
1.0571582317352295
1.1608104705810547
1.364754319190979
1.4498571157455444
1.3977056741714478
1.0729786157608032
1.1898810863494873
1.5315711498260498
1.2330496311187744
1.667000651359558
1.456481695175171
1.2192778587341309
1.3236298561096191
1.6663358211517334
1.6037256717681885
1.5968924760818481
1.7547621726989746
1.2878739833831787
1.44839346408844
1.5666286945343018
1.345467448234558
1.4785397052764893
1.4748077392578125
1.4038512706756592
1.245955228805542
1.4496753215789795
1.0937455892562866
1.8530136346817017
1.3056914806365967
1.2842159271240234
1.6800470352172852
1.718330979347229
1.5912036895751953
1.8982126712799072
1.3590271472930908
1.6633273363113403
1.5309562683105469
1.556640625
1.446530818939209
1.2187271118164062
1.197815179824829
1.4897072315216064
1.3147820234298706
1.369755506515503
1.4178546667099
1.5275789499282837
1.332340121269226
1.2291237115859985
1.6212835311889648
1.538703203201294
1.9268014430999756
1.4991464614868164
1.4047863483428955
1.512558102607727
1.4681553840637207
1.4787689447402954
1.4203264713287354
1.3851889371871948
1.1891530752182007
1.7394156455993652
1.7464462518692017
1.4656575918197632
1.467085838317871
1.386960506439209
1.7802176475524902
1.0150831937789917
1.8225499391555786
1.3920232057571411
1.439419150352478
1.4076182842254639
1.065697193145752
1.4551842212677002
1.5678011178970337
1.24117112159729
1.3422905206680298
1.3234100341796875
1.7621605396270752
1.090890884399414
1.3744540214538574
1.343798279762268
1.5889822244644165
1.177217960357666
1.4075210094451904
0.9089704751968384
1.5383089780807495
1.6132599115371704
1.437679648399353
1.5482577085494995
1.8096390962600708
1.0876171588897705
1.4241480827331543
1.0058178901672363
1.3283050060272217
1.1595120429992676
1.448547601699829
1.3059298992156982
1.4841922521591187
1.242279052734375
1.486574649810791
1.3254692554473877
1.5835462808609009
1.3079832792282104
1.3056496381759644
1.1963883638381958
1.27731192111969
1.2510075569152832
1.3201640844345093
1.670868992805481
1.4372997283935547
1.4108247756958008
1.34822416305542
1.663163661956787
1.39553964138031
1.60057532787323
1.8040506839752197
0.9917674660682678
1.4986779689788818
1.2373647689819336
1.5275959968566895
1.3107165098190308
1.3833656311035156
1.2765462398529053
1.19064199924469
