4.5917723166668205
4.5450706311199065
4.550152587158905
4.567236846060399
4.54635754204772
4.525972336454465
4.480999325242494
4.4451261676485885
4.400743087539283
4.376356019998146
4.350515789997852
4.333892119205212
4.272703625052176
4.242784454084723
4.201951677841908
4.169031229470392
4.1471001190297745
4.129672760853682
4.096808610364909
4.061051491276382
4.048646913160144
4.0289667433180165
3.9750931348337235
3.9420491850284662
3.9225325270382037
3.8929914434242736
3.8629455026763173
3.8337551077918324
3.8291858693827754
3.79086839908834
3.770197633282303
3.7544113394549434
3.7305156184584285
3.712110480079261
3.693441770265779
3.6713722267419175
3.6517539310943135
3.627351115121866
3.610012604147577
3.585225347667704
3.5699403813427977
3.5481770806910133
3.5307129313573813
3.5133169432125433
3.494517937645583
3.4775137843378365
3.4569104358058453
3.436158938176187
3.416968463631847
3.4031290974458464
3.3823617044312266
3.375091037177064
3.355087097038698
3.337891055799811
3.320002961036799
3.3090126087598484
3.2952807434379596
3.283564257804695
3.265285770301624
3.2496171933610727
3.249633804306655
3.2309627859183894
3.210789393281083
3.195678626484883
3.186447289288806
3.179269144602139
3.165025752523671
3.147628090265767
3.137385643351718
3.122375272119137
3.1073385824632767
3.0960482807110643
3.0833225579517882
3.076465293574516
3.061745004275876
3.055012623977173
3.0380580153916497
3.0275623801419194
3.0143089776148884
2.997439937823264
2.986449354444928
2.9752527466210563
2.964613385212696
2.956607510671591
2.9466023408543425
2.9313499326901056
2.920505466058736
2.9027048379868803
2.8976408093786605
2.882565116943301
2.871300996721858
2.8617282575353635
2.8511950213585973
2.8350533567121268
2.8321115616947186
2.8193401829970766
2.805512482857765
2.791845695441946
2.7830365012064004
2.779970375168354
2.767347131543757
2.758605776540459
2.73796706614287
2.7376970738706077
2.717711395010009
2.715491281445984
2.699098526364397
2.691497443277208
2.687153386947749
2.6742433416264135
2.6649808636711687
2.654647078965326
2.637729555139761
2.6247529584123654
2.62073939444159
2.610934775198817
2.604292249130776
2.596626340275835
2.592166509927081
2.5758690567272704
2.5649227112760324
2.560988680480996
2.5510671253094586
2.5437353972888666
2.5312391592718453
2.5219325049758874
2.5124289609891983
2.5036874062874737
2.4992733832515412
2.4925788454997266
2.477644698089346
2.472036047969633
2.45614159183429
2.4556371645854256
2.444010744009481
2.4296443224563014
2.428467908783642
2.420522065571202
2.4153833742946613
2.401570655043473
2.3990391712359456
2.389736508621889
2.3858138761861856
2.376034282814816
2.370280200410682
2.3553495279053593
2.351349139914793
2.341939895201827
2.3314139297246324
2.3241715963234375
2.317978753305762
2.3153023183193353
2.3039118923494577
2.2927300841607097
2.2895973513803214
2.277063186668679
2.268082472674377
2.261091927738141
2.255135491680916
2.251411007950678
2.2503298159755403
2.2287850047621274
2.2223814786852474
2.214390367345737
2.214667003782814
2.214213164261235
2.1981309605071613
2.1906484197777556
2.1840220314767356
2.1704357862472534
2.173724723898846
2.1638084029602576
2.155432702482814
2.147822842116246
2.1404700093257154
2.1268775246637253
2.1254209673313227
2.114385221925233
2.1113282839965333
2.106190970486692
2.1018160618174715
2.096446527696936
2.084050714359869
2.0782709406769793
2.0763939681565367
2.0583966206711577
2.05892260300229
2.054623605192775
2.0551505026305117
2.0406695747619397
2.0325948426790554
2.0196971477145125
2.019585269186503
2.0122783472166037
1.9978949479434802
1.9973807990398553
1.9855404918456017
1.9850808095444195
1.9754202734783788
1.9662536317125305
1.9556752662829426
1.9555335985425184
1.9420981029110491
1.9406676975357564
1.9251402398509443
1.9311260952973914
1.918090776866659
1.9153939825494577
1.9177163865255273
1.9141049263117564
1.8907687837815346
1.8884725332869898
1.8888344958310237
1.8849820410808944
1.869696295169918
1.8701818018313259
1.8646201415135122
1.8543008979019302
1.8472556461153737
1.8404662689894362
1.8383451453255266
1.8292410529178122
1.819145272150064
1.8204259831277305
1.8012099709657148
1.7984083026571347
1.7909514208888764
1.787797985174467
1.7814812356858607
1.777185571772973
1.7795402368011377
1.7610250851687264
1.7559002951892746
1.7427638180725409
1.7454495643410841
1.7388023226462361
1.7364646374721966
1.7196082155722792
1.7158799700419922
1.7234333249004297
1.7128341211687268
1.6962995570334023
1.6952791383199375
1.6868550935974511
1.6834473840111053
1.6915321337902331
1.6606040267688233
1.6705942265212994
1.6668369814258097
1.657198597250692
1.6380081606642973
1.6498035512616873
1.6384207306005765
1.626208906283464
1.6170422137545808
1.6244950535352274
1.6044897775515876
1.6077404086242246
1.6028306046715173
1.5806487038007477
1.580639145106001
1.5819897193585515
1.5721805005732095
1.5590833503267039
1.569840266424067
1.5598996665776539
1.552678857541755
1.5441025516870992
1.5479002915075064
1.5331619953560403
1.533414904342588
1.5232689397414323
1.5160797258167316
1.5091601434875936
1.5104425235477554
1.5012479159228331
1.4956689148455324
1.4929523109779943
1.4797139936853247
1.4716873642276316
1.4663431027051432
1.472467106245363
1.4618198976035008
1.4616568814915465
1.4434720233578207
1.444484955971808
1.4314096401567045
1.4334756068104064
1.419650499701805
1.416474903483525
1.4165199206918098
1.4118041664438175
1.395159437452131
1.4043190322263772
1.390910618597894
1.3918919634940985
1.3790213186722582
1.3749880953060696
1.371061306627815
1.3581099967517511
