127.31352376937866
127.03916382789612
127.26124095916748
127.84374737739563
127.32116484642029
127.04725861549377
127.20003533363342
127.35728001594543
126.9213638305664
126.96552681922913
127.5126166343689
127.11077165603638
127.92266845703125
129.22798538208008
128.35887694358826
127.15370607376099
126.97749400138855
127.3068540096283
127.31891560554504
126.96462488174438
127.0611720085144
127.40300989151001
127.15265727043152
126.87885189056396
127.20541310310364
127.40615963935852
127.85108351707458
127.74056577682495
128.47213625907898
127.72499418258667
127.33357048034668
127.76367354393005
146.12850904464722
169.5001561641693
166.14949798583984
138.79557514190674
127.02434730529785
127.08926486968994
127.38324403762817
127.10363292694092
127.1307942867279
127.21767926216125
127.11645984649658
127.557452917099
127.42631602287292
127.84520077705383
127.04203128814697
127.30493259429932
127.60313200950623
127.21666502952576
127.7002465724945
128.6247434616089
127.40609383583069
128.04680824279785
127.19622564315796
127.64167881011963
128.54326486587524
128.4228217601776
129.4676353931427
156.69776058197021
167.90004110336304
165.07563066482544
162.19358587265015
127.64435529708862
128.01575255393982
127.80107426643372
127.1701090335846
127.2271900177002
127.32600355148315
127.26297616958618
127.17260980606079
127.33980560302734
127.24898934364319
127.47475743293762
127.36662006378174
127.46692562103271
127.32401442527771
127.14908289909363
127.3053605556488
127.36947751045227
127.1628565788269
127.14230704307556
127.26861310005188
127.22755527496338
127.19475531578064
127.34948563575745
127.28398060798645
127.22081565856934
127.24811339378357
127.56894731521606
127.23388695716858
127.09299898147583
127.34559845924377
127.3564088344574
127.20555186271667
127.20183563232422
127.43685173988342
127.30529069900513
127.36664199829102
128.60646772384644
128.95399260520935
128.60358595848083
128.4557285308838
128.1289005279541
128.1910810470581
127.81054067611694
128.11858105659485
127.84909343719482
127.42577981948853
127.52200508117676
127.77150654792786
127.47360253334045
127.32761907577515
128.3641197681427
128.6680474281311
128.69064497947693
128.6115071773529
128.80850863456726
129.06800174713135
128.4707055091858
129.27531170845032
129.29698729515076
129.25013375282288
129.3551630973816
129.3721628189087
128.66821932792664
127.42864441871643
128.94028234481812
129.38236737251282
129.55483102798462
129.97096037864685
130.02238368988037
130.60756397247314
129.61598110198975
129.58552765846252
129.13743996620178
130.15307211875916
128.9623305797577
129.44987964630127
128.56185007095337
129.44662618637085
138.69650888442993
134.00475668907166
132.9366261959076
127.8281033039093
133.1920144557953
130.77815222740173
130.94999170303345
154.37531685829163
127.2230281829834
129.2085244655609
128.53782868385315
127.99909472465515
128.97778725624084
128.51387643814087
129.6140468120575
129.9861524105072
129.83566093444824
129.48178386688232
140.87219309806824
128.0272011756897
130.72333765029907
127.70319271087646
127.95102143287659
133.30611968040466
141.38340616226196
129.13492703437805
127.96318316459656
127.40412831306458
127.44333267211914
127.38513660430908
127.35481119155884
127.3497371673584
127.19439458847046
128.06297278404236
129.63850164413452
128.4825382232666
128.04702281951904
128.1931712627411
128.86777138710022
127.98243308067322
128.16440343856812
127.95128536224365
129.54314255714417
128.41208791732788
128.73565578460693
129.12491822242737
128.06286120414734
129.75684070587158
128.9867811203003
128.73031949996948
127.18612170219421
128.16280221939087
129.4296715259552
127.62802720069885
127.75782418251038
130.12035155296326
127.49841523170471
127.29415941238403
127.36089515686035
127.5437605381012
127.26033401489258
127.25918841362
127.55334854125977
127.35073661804199
127.12653732299805
127.5079174041748
127.58074641227722
127.31834673881531
127.23460245132446
127.44990801811218
127.60380005836487
127.2439136505127
127.41620826721191
127.4930431842804
127.28665232658386
127.29866886138916
127.46529531478882
127.44923138618469
127.32577228546143
127.42709755897522
127.61402487754822
127.24610161781311
127.23875308036804
127.43483901023865
127.45158171653748
127.19514894485474
127.4487030506134
127.4764633178711
127.31568694114685
127.29409670829773
127.3810818195343
127.36157703399658
127.3011486530304
127.32847952842712
127.54547619819641
127.40179395675659
127.18246102333069
127.41630530357361
127.5190019607544
127.17149376869202
127.26790452003479
127.52440047264099
127.38319396972656
127.25971508026123
127.39120936393738
127.4549503326416
127.21775531768799
127.18832111358643
127.4144287109375
127.26151132583618
127.14877843856812
127.49301433563232
127.53113174438477
127.17215514183044
127.22924971580505
127.40393328666687
127.51203203201294
127.20451951026917
127.62266540527344
127.49019455909729
127.2804741859436
127.29440259933472
127.51196432113647
127.43641448020935
127.15611791610718
127.43980169296265
127.5777952671051
127.33084058761597
127.26059126853943
127.63664555549622
127.34924602508545
127.29073762893677
127.29436922073364
127.55809497833252
127.3512454032898
127.27311706542969
127.38109016418457
127.41228723526001
127.26196193695068
127.65839099884033
127.4298632144928
127.2662627696991
127.20604658126831
127.45695328712463
127.46107411384583
127.5416533946991
127.27870988845825
127.51058173179626
127.49245548248291
130.4847435951233
130.29082131385803
127.65654253959656
127.25595045089722
127.2901840209961
127.29374527931213
127.11619806289673
127.03353786468506
127.52794408798218
127.41887998580933
