1.572
2.036
2.1
2.092
2.612
2.924
3.508
3.8379999999999996
4.03
4.372
4.62
4.768
4.9959999999999996
5.164
5.514
5.438
5.88
6.0040000000000004
6.358
6.564
7.0680000000000005
7.058000000000001
7.414
7.666
7.968
8.306
8.544
8.634
9.098
9.370000000000001
9.708
9.894
10.202
10.278
10.52
10.73
11.042
11.248
11.572000000000001
11.548
11.964
12.284
12.384
12.565999999999999
12.806000000000001
12.916
13.16
13.504
13.552
13.806
13.898
14.225999999999999
14.430000000000001
14.798
14.932
15.201999999999998
15.357999999999999
15.534
15.698
16.264
16.25
16.486
16.55
16.854
17.06
17.294
17.483999999999998
17.848
17.924
18.246000000000002
18.178
18.586
18.738
18.936
19.304
19.344
19.792
19.939999999999998
20.044
20.206
20.291999999999998
20.798
20.75
20.849999999999998
21.176000000000002
21.418
21.776
21.554000000000002
21.78
22.066
22.454
22.75
22.846
23.0
23.232
23.488
23.504
23.944
24.018
24.068
24.244
24.451999999999998
24.386
24.634
25.176
25.128
25.253999999999998
25.634
25.438
25.838
26.094
26.306
26.154
26.573999999999998
26.478
27.058
27.02
27.194000000000003
27.310000000000002
27.746
27.626
28.014
28.110000000000003
28.342
28.418
28.666000000000004
28.776000000000003
28.956
28.908
29.394
29.182000000000002
29.646
29.474
29.772
29.89
30.153999999999996
30.04
30.476
30.503999999999998
30.728
30.744
31.212
30.896
31.558000000000003
31.7
31.976
31.872
31.892
32.166
32.496
32.653999999999996
32.706
32.64
32.87
32.976
33.154
33.164
33.594
33.52
33.86
33.846
34.132
34.410000000000004
34.354
34.74
34.798
34.88
35.268
35.026
35.128
35.5
35.754000000000005
35.815999999999995
35.794
36.296
35.864000000000004
36.372
36.508
36.49
36.956
36.931999999999995
37.006
37.322
37.47
37.31
37.76
37.758
38.216
37.978
38.024
38.32
38.298
38.576
38.694
38.944
39.18
39.324
39.414
39.402
39.564
39.794000000000004
39.82
39.885999999999996
39.818
40.316
40.654
40.57
40.878
40.704
40.572
41.056
41.552
41.278
41.556
41.63
41.582
41.772
41.832
42.022
41.937999999999995
42.426
42.552
42.692
42.576
43.324
43.046
43.25
43.18
43.212
43.594
43.686
43.662
43.4
44.222
44.116
44.226
44.257999999999996
44.786
44.628
44.828
44.578
45.050000000000004
45.14
45.346
45.385999999999996
45.516
45.394
45.873999999999995
46.128
46.064
46.316
46.36
46.742
46.806
46.638000000000005
47.05
46.788000000000004
47.184
47.3
47.28
47.416000000000004
47.866
47.624
47.632000000000005
47.852
48.11
48.162
48.29
48.494
48.362
49.252
48.834
48.922
49.064
49.098000000000006
49.348
49.362
49.632
49.769999999999996
49.706
50.102000000000004
50.42
50.178
50.114000000000004
50.684
50.812000000000005
50.682
50.904
51.166
51.129999999999995
51.168
51.39
51.532
51.78
51.59
52.098
51.926
52.181999999999995
52.012
52.394
