4.5717215788029035
4.520419451891613
4.529081315945481
4.512349793368288
4.459881929485389
4.417010996347803
4.383418566125738
4.344637453098736
4.316844571277004
4.273770596974951
4.247391689768838
4.229416654542889
4.196371693745293
4.178382027179689
4.156974974800558
4.146092522174806
4.12225334601634
4.102166962135783
4.082123532014735
4.062780715315543
4.046398510408523
4.029281519258114
4.005893821301668
3.9899273827252792
3.9732233231024976
3.9527063921589374
3.94171486638696
3.9250757139357155
3.905018019249372
3.8830264285397345
3.8676430313178645
3.851509696992157
3.834539594552706
3.81968823814636
3.8206493272196
3.7952545076379995
3.7792210539283655
3.766627787629052
3.752555584663625
3.7346140344429504
3.7226581457630754
3.708612759399902
3.6941148646347357
3.6781859589964534
3.6641165478455138
3.6571994687590146
3.64348695345242
3.631829926729812
3.6193034789141487
3.6090962081918936
3.5958653069518105
3.579972149770888
3.568149684945031
3.554082722310215
3.5492121542201325
3.5343610115368347
3.5253615117134034
3.508376825496059
3.503730556849019
3.486309970736199
3.4774284189009603
3.467060408933693
3.4589586154274317
3.4526671619366502
3.4291475258215005
3.422321123540249
3.4161188352443372
3.393511890450402
3.385128482528355
3.373553310513801
3.364824773710402
3.3535330813864004
3.3413874523718947
3.3279306906873307
3.3203026699593
3.3123997053526857
3.292346454642313
3.2850904361061426
3.270573752920341
3.26374388838668
3.249450353100477
3.2369728908514426
3.2338805000495423
3.2227970056826503
3.2110768084026056
3.197584992174602
3.1869330704974397
3.177275659483107
3.1679432547610737
3.1586285661858367
3.1490821792646444
3.1353536871693017
3.123021173964986
3.1149696224485823
3.111200451546008
3.0951284587840595
3.079977965415896
3.070788815198347
3.068887811792476
3.053235059199126
3.0512388075709036
3.0363303636346024
3.029605360896996
3.016466338616198
3.005864637587077
3.0012278569019055
2.9966652622003385
2.979989173772085
2.978488886752702
2.964340316365137
2.9549924507165506
2.9501292534801355
2.943102639044642
2.9279944832672546
2.9187879864212194
2.9101970811634112
2.901438645694567
2.8971731327378842
2.8855914115295995
2.87151473775849
2.86958448478328
2.859791972448149
2.847574087664904
2.8383408888526587
2.83401831001272
2.8243489692278225
2.8201479991073803
2.8103797304660767
2.7978980666231315
2.7940010292755675
2.7878144308734125
2.7786202324016016
2.771240816091942
2.758352609546593
2.75802295988478
2.7448878632786937
2.7395752299472194
2.7296362258589175
2.717529431480886
2.7118055857051058
2.711060182517752
2.6967472270931427
2.6958126055310143
2.685903490047016
2.6731390425616213
2.665937558464382
2.658969512376029
2.648812124034023
2.6488766688520036
2.6402120684723718
2.631746242723197
2.6266388545560715
2.6242115337525487
2.610764227407363
2.6019644026866047
2.594339893449603
2.5938175175805838
2.578141229689274
2.578614099861106
2.567529497244169
2.565976759661799
2.5528758343528297
2.544272211049219
2.544795911482838
2.5375713774615236
2.5248309937889313
2.5209700675571667
2.5060737283943255
2.502414559311879
2.5019380329819896
2.4920081807219465
2.479547734303243
2.4764894943712923
2.474212791761169
2.463219252541242
2.4617645449345678
2.45088547132814
2.446280494827749
2.4433876225710525
2.433024873971329
2.421448385471578
2.420679768333045
2.4109132803614486
2.401923591523524
2.406282990789779
2.393615029504537
2.3827026744023003
2.376911255404772
2.372779025293677
2.3782599986056843
2.359184446542159
2.3558988304394286
2.3480293520576203
2.3401605881693417
2.33552519805596
2.3274845358965646
2.327464761788888
2.314379917233801
2.312676907805226
2.304934826196002
2.2986664064704914
2.289838553237183
2.283359319505179
2.2804036687707048
2.280157353414599
2.2670171584009817
2.258363953484294
2.2507877480953247
2.2462785713508002
2.246360109437762
2.237029210685769
2.2224976126190343
2.224934671236121
2.2202028647408154
2.21471071822564
2.2053774674530224
2.2042773352254685
2.195718083235309
2.1876227721533814
2.180335912253241
2.177386994557003
2.175564800534407
2.1659992419545304
2.1634942212373094
2.143705625820648
2.139882378261108
2.1332483114793783
2.1354793834564325
2.1267807163545847
2.1223919833712563
2.1144993686310167
2.1139579387881873
2.1111046943213325
2.098769435187435
2.0974842207815945
2.087077079374162
2.0844854241441886
2.0722433569486185
2.0722382175343115
2.0725780359619415
2.068322611586822
2.0595344869072174
2.0455440927649398
2.0441231434912326
2.0386890644002755
2.035237594791081
2.0297730589461755
2.022374112130431
2.007508053956434
2.012249985771716
2.0015164513112333
1.996359072530361
1.9876259236079652
1.9839415824626718
1.985982251899017
1.9757005587563186
1.97584540170172
1.967355524335066
1.9579287889363515
1.954673973495698
1.9533154429377193
1.9421636602457832
1.9441062259247235
1.9362018590083208
1.9297035097161217
1.9249212618374154
1.919437762111654
1.9156097781932568
1.900423379810265
1.9053957323588984
1.8834957216706727
1.8888914493648596
1.8850450413611235
1.8829571868452575
1.8764432374473727
1.86540677327939
1.8647128468584222
1.8548344306628723
1.8520944828877364
1.846300127866018
1.8392868601452663
1.8352063892747434
1.828024157325325
1.8246283738509468
1.8170955588140756
1.8071289365858678
1.8097731884178299
1.8009362441804402
1.7884298062995267
1.787420051024698
1.7872028483454223
1.7878425982602113
1.774438032866134
1.7708866428536223
1.7671384309868678
1.757715008447847
1.758304735736164
1.7478499406438959
1.74393859665717
1.7365668254435216
