4.579785346984863
4.552948474884033
4.581250190734863
4.5041399002075195
4.59041166305542
4.592005252838135
4.6298723220825195
4.525283336639404
4.474171161651611
4.488203525543213
4.461868762969971
4.491658687591553
4.460357666015625
4.665036678314209
4.553597450256348
4.485723495483398
4.550390243530273
4.513311386108398
4.563591957092285
4.521045684814453
4.494536399841309
4.539262771606445
4.623239994049072
4.500482082366943
4.551324367523193
4.475460529327393
4.480194091796875
4.437276363372803
4.429781436920166
4.3995771408081055
4.492518424987793
4.45449686050415
4.459975242614746
4.367603778839111
4.514400482177734
4.448923587799072
4.542613506317139
4.384472846984863
4.444540500640869
4.351403713226318
4.344222068786621
4.3849639892578125
4.4134016036987305
4.391181945800781
4.3502197265625
4.4733805656433105
4.487694263458252
4.341587066650391
4.420522689819336
4.443200588226318
4.375596523284912
4.379673004150391
4.414490222930908
4.244937896728516
4.258331298828125
4.32454252243042
4.39087438583374
4.224652290344238
4.3017401695251465
4.427387714385986
4.333424091339111
4.281744480133057
4.254356384277344
4.250047206878662
4.407995223999023
4.42575216293335
4.190203666687012
4.285417079925537
4.132189750671387
4.11618709564209
4.342016696929932
4.212684154510498
4.189109802246094
4.340640544891357
4.232432842254639
4.261486530303955
4.255049705505371
4.344030380249023
4.295477867126465
4.2594685554504395
4.252111434936523
4.383795738220215
4.1865644454956055
4.159797668457031
4.130597114562988
4.182036876678467
4.0542073249816895
4.236477375030518
4.103094100952148
4.208577632904053
4.195925712585449
4.35775899887085
4.057931900024414
4.315024375915527
4.142517566680908
4.125268936157227
4.205804824829102
4.205046653747559
4.1074724197387695
4.111186504364014
4.1932220458984375
4.174295425415039
4.132863998413086
3.945859909057617
3.8599817752838135
4.193874359130859
4.2207841873168945
4.086985111236572
4.058369159698486
4.055439472198486
4.247024059295654
4.0900349617004395
4.082573413848877
4.247239589691162
4.330331802368164
4.213858127593994
4.235662937164307
4.122321128845215
4.226879119873047
4.124546051025391
3.937100648880005
3.9447712898254395
4.145932197570801
4.037725925445557
4.00199556350708
4.076498031616211
4.091391086578369
3.9864501953125
3.999351978302002
4.149845600128174
4.0662312507629395
4.010123252868652
4.072912693023682
4.016750335693359
4.054962158203125
4.008406639099121
3.7814559936523438
4.238090515136719
4.046295642852783
4.007987976074219
3.952936887741089
4.099776268005371
3.994858503341675
4.0281524658203125
3.902235507965088
3.946286201477051
4.1220903396606445
4.029425621032715
4.018939971923828
4.13686466217041
3.9989190101623535
4.364806652069092
4.047773361206055
4.075369834899902
4.053725719451904
3.901761293411255
4.100748538970947
3.9493823051452637
4.009843349456787
4.163987159729004
3.963510036468506
4.164787292480469
3.939338207244873
3.837798595428467
3.979994535446167
4.067310333251953
3.9978294372558594
4.158655166625977
3.864581346511841
4.091618537902832
4.1337456703186035
4.058457851409912
3.991825580596924
3.87125563621521
4.031424045562744
4.116436958312988
3.981281042098999
3.7730207443237305
4.157346248626709
3.847472906112671
3.798676013946533
4.112410068511963
3.893110752105713
3.9238104820251465
3.9799537658691406
4.179478645324707
3.866015911102295
3.858936309814453
4.083086967468262
3.758321523666382
3.906348943710327
3.5439369678497314
4.013062000274658
3.9675064086914062
4.0495171546936035
3.767956256866455
3.822512626647949
3.911389112472534
3.868227958679199
3.8427486419677734
3.9933793544769287
3.8917627334594727
3.786742925643921
3.6390583515167236
3.6862008571624756
3.930238962173462
3.7032952308654785
4.069553375244141
4.158102512359619
3.994765281677246
3.7489938735961914
3.903927803039551
3.910862922668457
3.9891810417175293
3.792952537536621
3.7868552207946777
3.9171504974365234
4.023991107940674
3.696756362915039
3.9418210983276367
3.8782293796539307
3.6994993686676025
3.975306510925293
4.079138278961182
3.7363429069519043
3.9330406188964844
3.69008731842041
3.8124351501464844
3.6758170127868652
3.8363940715789795
3.9665794372558594
3.6752328872680664
3.795581340789795
3.6583924293518066
3.7542073726654053
3.9708902835845947
3.652508020401001
3.8389086723327637
3.698190212249756
3.8579487800598145
3.7678020000457764
3.7501745223999023
3.9100637435913086
3.766813278198242
3.823975086212158
3.7488253116607666
4.031002044677734
3.913052797317505
4.1005940437316895
3.8740572929382324
3.9163818359375
3.7674055099487305
3.821427345275879
3.613833427429199
3.7681336402893066
3.762949228286743
3.7913920879364014
3.6332271099090576
3.782519817352295
3.9601552486419678
4.001453399658203
3.874648094177246
3.7987558841705322
3.8600659370422363
3.8310961723327637
3.878772497177124
3.8873507976531982
3.8203179836273193
3.8300421237945557
3.54931902885437
3.954620838165283
3.717282772064209
3.567882776260376
3.7333014011383057
3.871213912963867
3.721359968185425
3.6901018619537354
3.7360732555389404
3.5461859703063965
3.6086714267730713
3.6577231884002686
3.613920211791992
3.598273277282715
3.574289560317993
3.752995014190674
3.754328966140747
3.699502944946289
3.8863210678100586
3.927884578704834
3.5567736625671387
3.7315995693206787
3.5854578018188477
3.474874496459961
3.523456573486328
3.7788758277893066
3.613250970840454
3.639592170715332
3.826683759689331
3.5305099487304688
3.5529372692108154
3.6356985569000244
3.747694253921509
3.4427337646484375
3.8014228343963623
3.940980911254883
3.409550905227661
3.7455697059631348
3.788827419281006
3.459533452987671
3.8326072692871094
3.5403518676757812
3.7439510822296143
3.796053647994995
3.5539426803588867
3.691596508026123
3.8829894065856934
3.810590982437134
3.7997329235076904
3.6372087001800537
3.743394613265991
4.028503894805908
3.5735387802124023
3.570251226425171
3.6194565296173096
3.4941916465759277
3.6147401332855225
3.6887729167938232
3.704902172088623
3.7246010303497314
3.439704418182373
3.388442277908325
3.694204807281494
3.7216529846191406
3.89673113822937
3.9578769207000732
3.625509738922119
3.588287591934204
3.517270565032959
3.599519729614258
3.785151243209839
3.412087917327881
3.5969161987304688
3.9029290676116943
3.5620174407958984
3.64324688911438
3.7422947883605957
3.394998550415039
3.7464842796325684
3.7788360118865967
3.6156859397888184
3.6915595531463623
3.826948642730713
3.652677059173584
3.545769453048706
3.559093713760376
3.621645450592041
3.6298635005950928
3.5634257793426514
3.5508084297180176
3.754495620727539
3.3401312828063965
3.6182892322540283
3.5071582794189453
3.519479274749756
3.3288323879241943
3.4284019470214844
3.5786972045898438
3.9547154903411865
3.474829912185669
3.1987388134002686
3.7135398387908936
3.6763722896575928
3.8263344764709473
3.5441315174102783
3.558077573776245
3.721287965774536
3.618173837661743
3.737182855606079
3.6557297706604004
3.3248050212860107
3.651458501815796
3.6420681476593018
3.8454678058624268
3.7166945934295654
3.4917819499969482
3.700092077255249
3.7520790100097656
3.4069724082946777
3.3501107692718506
3.453343152999878
3.629906415939331
3.467404365539551
3.612290382385254
3.4589929580688477
3.492060661315918
3.2806248664855957
3.217482566833496
3.3039393424987793
3.4002797603607178
3.432701587677002
3.8251237869262695
3.4952101707458496
3.706082344055176
3.6408584117889404
3.3931663036346436
3.200181484222412
3.472229242324829
3.547983407974243
3.5928847789764404
3.7116029262542725
3.4108622074127197
3.4820244312286377
3.7726712226867676
3.189899206161499
3.6020376682281494
3.418093681335449
3.434746026992798
3.1261062622070312
3.7877001762390137
3.391515016555786
3.360846757888794
3.4903647899627686
3.515686511993408
3.2588860988616943
3.493797779083252
3.402042865753174
3.199380397796631
3.710038661956787
3.707965135574341
3.5226354598999023
3.6423885822296143
3.5482707023620605
3.573765277862549
3.5062649250030518
3.3822360038757324
3.5221266746520996
3.5253748893737793
3.622133493423462
3.5221333503723145
3.676830768585205
3.343273639678955
3.278062105178833
3.465409755706787
3.6002426147460938
3.5511417388916016
3.443532943725586
3.3416213989257812
3.5007667541503906
3.4341440200805664
3.2073256969451904
3.308058738708496
3.297502040863037
3.403263568878174
3.387935161590576
3.279263734817505
3.485973834991455
3.616901397705078
3.3716158866882324
3.388394594192505
3.3437557220458984
2.907064914703369
3.187885284423828
3.21063494682312
3.3656318187713623
3.5206384658813477
3.235441207885742
3.2251508235931396
3.4811158180236816
3.3096299171447754
3.1564249992370605
3.541205644607544
3.331820249557495
3.64094877243042
3.381312131881714
3.3846254348754883
3.327385902404785
3.4590516090393066
3.4758541584014893
3.263059377670288
3.355865716934204
3.285621404647827
3.6205830574035645
3.1904141902923584
3.3517796993255615
3.340381145477295
3.4272334575653076
3.5571656227111816
3.3460328578948975
3.646077871322632
3.603095054626465
3.5242342948913574
3.448469638824463
3.4483067989349365
3.185445785522461
3.299009084701538
3.449575901031494
3.189908027648926
3.4054670333862305
3.3694679737091064
3.475440263748169
3.460531234741211
3.2894506454467773
3.1870176792144775
3.326211929321289
3.4614500999450684
3.1003382205963135
3.3035967350006104
3.2949776649475098
3.3618085384368896
3.406676769256592
3.5332536697387695
3.2015862464904785
3.4049735069274902
3.0573699474334717
3.2252230644226074
3.363771438598633
3.326371669769287
3.0359950065612793
3.4629859924316406
3.5302200317382812
3.2495856285095215
3.514730453491211
3.347555160522461
3.3107903003692627
3.181216239929199
2.954554796218872
3.657715082168579
3.4341719150543213
3.0855650901794434
3.1854212284088135
3.326352596282959
3.2091217041015625
3.3591084480285645
3.285665512084961
3.2327797412872314
3.242597818374634
3.3152124881744385
3.2922213077545166
3.4642093181610107
3.509246587753296
3.567296266555786
3.0640299320220947
3.3691208362579346
3.160086154937744
3.040611743927002
3.204787254333496
3.2924001216888428
2.9431161880493164
3.429591178894043
3.239306688308716
3.3690853118896484
3.109389066696167
3.4660446643829346
2.7627201080322266
3.291346311569214
3.0302224159240723
3.4663918018341064
3.6900634765625
3.3647923469543457
3.144411325454712
3.204641580581665
3.415050506591797
3.145366668701172
3.1820225715637207
3.371835231781006
3.2082464694976807
2.9396090507507324
3.2032551765441895
3.194138526916504
3.148242950439453
3.245339870452881
3.526628017425537
2.987377405166626
3.6290156841278076
3.4862804412841797
3.218500852584839
3.2647690773010254
2.969846725463867
3.1625614166259766
3.046586751937866
3.1816189289093018
3.0642573833465576
3.1922595500946045
3.0393927097320557
3.187838077545166
3.4326858520507812
2.9785194396972656
3.2439661026000977
2.9655022621154785
3.0804989337921143
3.412224292755127
3.2597856521606445
3.3164565563201904
3.1093623638153076
3.172363042831421
3.07320499420166
3.0260729789733887
3.158808708190918
3.028918504714966
3.505324125289917
3.50171160697937
3.0045180320739746
2.6715314388275146
3.2284183502197266
3.3002660274505615
3.2714943885803223
3.289355516433716
3.206650972366333
2.792990207672119
2.805152177810669
3.3447928428649902
3.139292001724243
3.1169285774230957
2.9289700984954834
3.31282377243042
3.288379430770874
3.248556137084961
3.196176052093506
2.9196603298187256
3.2782273292541504
3.3478236198425293
3.058640956878662
3.3178539276123047
3.543369770050049
3.4029643535614014
3.253516435623169
3.0976004600524902
3.259113311767578
3.27165150642395
3.1484625339508057
2.9273786544799805
3.092118740081787
3.1320080757141113
3.2121543884277344
3.2869656085968018
3.084824800491333
2.863283157348633
3.132939577102661
3.172366142272949
3.009176254272461
2.964646339416504
3.0091710090637207
3.222965955734253
2.971095561981201
3.010423421859741
2.9816956520080566
2.9668338298797607
3.2283174991607666
3.0049057006835938
3.171344757080078
2.85888671875
3.1222829818725586
3.1660077571868896
3.1052823066711426
2.9917967319488525
2.934828042984009
3.1269428730010986
2.9322755336761475
3.212867021560669
3.2054059505462646
2.8797812461853027
3.2864413261413574
2.9451334476470947
2.962155818939209
3.2409427165985107
2.9524314403533936
3.041843891143799
3.0953333377838135
3.219362735748291
2.9594316482543945
3.1729259490966797
3.0498199462890625
2.8670713901519775
3.3292837142944336
3.0211124420166016
3.0765674114227295
3.168184280395508
2.985818386077881
3.2137303352355957
3.252357006072998
2.758403778076172
3.0420050621032715
2.9657909870147705
2.693673849105835
3.072566270828247
2.9849562644958496
3.0251073837280273
2.872314214706421
3.370713710784912
3.1084773540496826
3.195970058441162
2.9862730503082275
3.035891532897949
2.7442500591278076
2.8430237770080566
3.2848060131073
3.5570507049560547
2.853214740753174
2.873648166656494
2.9455149173736572
3.106323003768921
3.2615480422973633
2.984884262084961
3.3959810733795166
2.8842010498046875
3.081028699874878
3.0905392169952393
3.112541437149048
2.8580682277679443
2.762148141860962
2.9958014488220215
3.1375908851623535
3.0485498905181885
2.927173137664795
3.1497480869293213
3.2345361709594727
3.3808374404907227
3.240574598312378
3.1483113765716553
3.04925799369812
3.0038914680480957
3.1275880336761475
3.2518832683563232
2.982280731201172
2.90647292137146
3.045264959335327
3.0012805461883545
2.9387893676757812
3.0034849643707275
2.9042410850524902
3.1476616859436035
3.0054283142089844
3.2856028079986572
3.2502732276916504
3.0378801822662354
2.7252883911132812
2.797050714492798
3.1074271202087402
2.802957057952881
2.885751962661743
2.9198381900787354
2.7186031341552734
2.7814812660217285
2.630690097808838
3.2642903327941895
3.230272054672241
2.9906105995178223
2.8678171634674072
3.042558431625366
3.3730154037475586
2.9176793098449707
2.8994300365448
2.996474504470825
2.918975353240967
3.141634464263916
2.9435746669769287
2.908498764038086
2.898256301879883
2.95458984375
2.9696035385131836
2.6892447471618652
2.650092124938965
2.8932669162750244
3.030486822128296
2.994990348815918
3.004580020904541
2.8429861068725586
2.8280367851257324
2.9990296363830566
2.9760491847991943
2.9179558753967285
2.905801296234131
2.743255138397217
3.2705984115600586
2.98783802986145
2.7466914653778076
2.910311460494995
3.2018826007843018
2.9777047634124756
3.049920082092285
2.747204542160034
2.794790029525757
3.4260666370391846
2.855132818222046
3.1844117641448975
3.136157989501953
3.195800542831421
3.0759475231170654
3.181593418121338
2.5682730674743652
3.102154493331909
3.04160475730896
3.321530818939209
2.644472360610962
2.800168991088867
2.725766181945801
3.123124361038208
3.1447439193725586
3.0755350589752197
3.033390998840332
3.167539358139038
3.085944175720215
3.0393669605255127
3.0296132564544678
3.1312906742095947
2.7984349727630615
3.238278388977051
2.9558768272399902
2.702099561691284
2.7872185707092285
2.8827993869781494
3.1000149250030518
2.5813534259796143
3.2073233127593994
2.546679735183716
2.9862284660339355
2.9743082523345947
2.754747152328491
3.1301958560943604
2.614713668823242
2.9533920288085938
2.8339884281158447
2.8934240341186523
2.777534008026123
2.935218572616577
2.6595664024353027
2.9649932384490967
2.903181314468384
2.995696783065796
2.887827157974243
3.0935041904449463
2.877066135406494
2.650190830230713
2.6149139404296875
3.041991710662842
2.7788376808166504
2.8694205284118652
2.8546836376190186
2.6541824340820312
2.7291576862335205
3.1936986446380615
2.830355167388916
2.9392576217651367
2.874009370803833
2.8222336769104004
2.5908310413360596
2.786184549331665
3.087435722351074
2.560540199279785
2.7468743324279785
2.8595805168151855
2.6952707767486572
2.976158380508423
2.792689800262451
2.6748905181884766
2.773904800415039
2.8836121559143066
2.9233462810516357
2.808509111404419
3.0060408115386963
2.5401198863983154
2.9767186641693115
2.7231783866882324
2.94323992729187
2.7220001220703125
2.868853807449341
2.879666566848755
2.6491758823394775
2.833270311355591
2.541154384613037
2.9850854873657227
2.5212953090667725
3.274110794067383
2.921327829360962
2.994483470916748
3.058767557144165
3.091259241104126
2.799321174621582
2.710707902908325
2.843751907348633
2.962852954864502
2.803297758102417
2.507378339767456
2.705348014831543
2.462294101715088
2.58682918548584
2.704096555709839
2.6851963996887207
2.477644920349121
2.7397491931915283
3.146963119506836
2.970527410507202
2.8789734840393066
2.9098575115203857
2.96305513381958
2.718832492828369
2.4769654273986816
2.626980781555176
2.7814996242523193
2.827625274658203
2.6051318645477295
3.342552900314331
2.5220160484313965
2.836865186691284
3.1054649353027344
2.8880112171173096
2.382479667663574
3.2177562713623047
2.765305280685425
2.5553276538848877
2.2671456336975098
2.8194518089294434
2.4979920387268066
3.013786792755127
2.796769380569458
2.9084200859069824
2.7336034774780273
2.6348397731781006
3.0963191986083984
2.9935832023620605
2.527951240539551
2.707608699798584
3.0317041873931885
2.9213168621063232
2.8544366359710693
2.9620699882507324
2.7259528636932373
2.561850070953369
2.6022181510925293
2.6552536487579346
2.5792410373687744
2.8840017318725586
2.6618852615356445
2.2295658588409424
2.902804374694824
2.8798515796661377
2.5660505294799805
2.5682575702667236
2.785649299621582
2.5597259998321533
2.52312970161438
2.6907100677490234
2.833678960800171
2.6318740844726562
3.118614912033081
2.9592952728271484
2.508946657180786
2.4872632026672363
2.7778210639953613
2.585047960281372
2.5078721046447754
2.804462432861328
2.3545267581939697
2.4415268898010254
3.064805269241333
3.0005640983581543
2.831331491470337
2.9597108364105225
2.7176108360290527
2.987265110015869
3.0195248126983643
2.7024729251861572
2.764796018600464
2.8848862648010254
2.961170196533203
2.5707929134368896
2.8583550453186035
2.6105892658233643
2.93563175201416
2.859870195388794
2.6924045085906982
2.5075793266296387
2.966761827468872
2.9256725311279297
2.7713167667388916
2.988962173461914
2.7357096672058105
2.8324623107910156
2.7658798694610596
2.6044065952301025
2.980217456817627
2.807866096496582
2.6246554851531982
3.0846316814422607
2.8756637573242188
2.730695962905884
2.774031400680542
3.001701831817627
2.9750683307647705
2.912051200866699
2.556877851486206
2.292807102203369
2.357543468475342
2.6620912551879883
2.6908609867095947
2.8103933334350586
2.838848352432251
2.848794937133789
2.767271041870117
2.668309450149536
2.671962261199951
2.62088680267334
2.323302984237671
2.201033115386963
3.0490024089813232
2.589581251144409
2.8586039543151855
2.5112907886505127
2.7728118896484375
2.534278154373169
2.633148670196533
2.8811380863189697
2.8493621349334717
2.7171995639801025
2.9310503005981445
2.771944284439087
2.74796724319458
2.826209545135498
2.549576759338379
2.541111946105957
2.4963178634643555
2.8240809440612793
2.6999082565307617
2.535205602645874
2.8483505249023438
2.606308698654175
2.65879487991333
2.6054532527923584
2.5101726055145264
2.592061758041382
2.8098185062408447
2.8190176486968994
2.2954812049865723
2.209146022796631
2.2707858085632324
2.298473834991455
2.697699546813965
2.4971423149108887
2.6958093643188477
2.627241849899292
2.7866744995117188
2.533989429473877
2.6449549198150635
2.658900737762451
2.3010029792785645
2.5539915561676025
2.630790948867798
2.6142337322235107
2.547855854034424
2.543743371963501
2.692354679107666
2.3768794536590576
2.6933956146240234
2.786423921585083
2.3655288219451904
2.882185935974121
2.8510117530822754
2.7253785133361816
2.730652332305908
2.736839771270752
2.785085916519165
2.5389528274536133
2.1750311851501465
2.85093092918396
2.7744874954223633
2.784433364868164
2.1762428283691406
2.5590994358062744
2.708693027496338
2.3570077419281006
2.6279661655426025
2.719735622406006
2.7010385990142822
2.390197515487671
2.415846347808838
2.6828219890594482
2.499384880065918
2.4460840225219727
2.6668081283569336
2.2094736099243164
2.4332969188690186
2.772740125656128
2.324687957763672
2.6581969261169434
2.5155136585235596
2.4781689643859863
2.2535834312438965
2.6559677124023438
2.1175665855407715
2.308156967163086
2.760077714920044
2.743256092071533
2.339165449142456
2.495682716369629
2.800098419189453
2.3245930671691895
2.5830142498016357
2.5526552200317383
2.33441162109375
2.6115684509277344
2.5368552207946777
2.5650393962860107
2.4281809329986572
2.7264347076416016
2.6470839977264404
2.6475281715393066
2.403080701828003
2.800189256668091
2.4336397647857666
2.644623279571533
2.4943480491638184
2.642557144165039
2.455920934677124
2.432206392288208
2.751598358154297
2.3235230445861816
2.6169824600219727
2.597933530807495
2.2961313724517822
2.3163113594055176
2.6375045776367188
2.3088607788085938
2.4783694744110107
2.519256830215454
2.7461025714874268
2.3668925762176514
2.7539992332458496
2.62363338470459
2.556487798690796
2.28787899017334
2.403104305267334
2.574038028717041
2.6777689456939697
2.599644422531128
2.5411765575408936
2.3558976650238037
2.5905888080596924
2.5616087913513184
2.6657726764678955
2.5133628845214844
2.7848289012908936
2.6123762130737305
2.383584499359131
2.410224437713623
2.77565598487854
2.3985729217529297
2.762138843536377
2.5678117275238037
2.50517201423645
2.5749318599700928
2.3728225231170654
2.6784236431121826
2.551786184310913
2.4047017097473145
2.8479881286621094
2.6474413871765137
2.3839855194091797
2.6538257598876953
2.2772603034973145
2.5629684925079346
2.5139999389648438
2.485640525817871
2.644338369369507
2.7320380210876465
2.2921037673950195
2.8464057445526123
2.514806032180786
2.7903428077697754
2.6930270195007324
2.3537087440490723
2.3463666439056396
2.6075215339660645
2.6962435245513916
2.6325747966766357
2.298994302749634
2.187500238418579
2.4398608207702637
2.711442232131958
2.569681167602539
2.3152730464935303
2.7916338443756104
2.234340190887451
2.4124531745910645
2.5489625930786133
2.845618963241577
2.2079482078552246
2.6234796047210693
2.3537840843200684
2.4434762001037598
2.3259098529815674
2.6049447059631348
2.3285608291625977
2.634249687194824
2.421752452850342
2.5163838863372803
2.5916523933410645
2.545093059539795
2.3839993476867676
2.6734495162963867
2.4204483032226562
2.7498204708099365
2.427901268005371
2.236027956008911
2.5474281311035156
2.8145275115966797
2.2005066871643066
2.530745029449463
2.4439940452575684
2.4395651817321777
2.3746304512023926
2.4428398609161377
2.7542479038238525
2.6379480361938477
2.602236747741699
2.401075601577759
2.4602177143096924
2.6440632343292236
2.2394657135009766
2.381551742553711
2.3819258213043213
2.611589193344116
2.5389068126678467
2.2145533561706543
2.515258550643921
2.2919881343841553
2.528571844100952
2.0478174686431885
2.391937017440796
2.817965507507324
2.576634168624878
2.3412623405456543
2.2818517684936523
2.5403435230255127
2.4479057788848877
2.5262022018432617
2.7608680725097656
2.1325035095214844
2.1240975856781006
2.838717222213745
2.460277557373047
2.7277352809906006
2.2681963443756104
2.3331644535064697
2.582736015319824
2.2857635021209717
2.2234597206115723
2.436199188232422
2.4313852787017822
2.3295352458953857
2.694007396697998
2.656231164932251
2.3312036991119385
2.4501919746398926
2.0445806980133057
2.4589107036590576
2.634849786758423
2.489819049835205
2.4602861404418945
2.223989486694336
2.244563341140747
2.404428720474243
2.50386905670166
2.3311927318573
2.577846050262451
2.7050838470458984
2.118335008621216
2.4133057594299316
2.339592695236206
2.4258997440338135
2.2752485275268555
2.7437989711761475
2.133680820465088
2.5797667503356934
2.5365819931030273
2.373899459838867
2.534770965576172
2.372310161590576
2.2496700286865234
2.587566614151001
2.0495259761810303
2.233684778213501
2.4609758853912354
2.0005154609680176
2.2364399433135986
2.2470226287841797
2.2615551948547363
2.5399577617645264
2.1790578365325928
2.620941162109375
2.5386340618133545
2.163018226623535
2.4195384979248047
2.36246919631958
2.7673943042755127
1.8356986045837402
2.3466010093688965
2.24444317817688
2.231297492980957
2.4991612434387207
2.131091594696045
2.3986759185791016
2.190406560897827
2.3696982860565186
2.4057857990264893
2.5911126136779785
2.5272974967956543
2.355989456176758
2.223700761795044
2.3521475791931152
2.2778384685516357
2.4956793785095215
3.1490025520324707
2.2029852867126465
2.442406177520752
2.3916425704956055
1.9854310750961304
2.5230770111083984
2.620727062225342
2.3347225189208984
2.3893542289733887
1.9773887395858765
2.7248167991638184
2.473358154296875
2.754467010498047
2.422245740890503
2.249382734298706
2.279818534851074
2.4259252548217773
2.751497983932495
2.0966708660125732
2.3340275287628174
2.3172731399536133
2.508341073989868
2.226504325866699
2.244889736175537
2.3884828090667725
2.0239546298980713
2.2577602863311768
2.2819831371307373
2.310901165008545
2.3412249088287354
2.117725372314453
2.36082124710083
2.2982404232025146
2.4966609477996826
2.5263381004333496
2.471193790435791
2.5688960552215576
2.399174213409424
2.2619779109954834
2.6097230911254883
2.4217100143432617
2.363589286804199
2.2597579956054688
2.2907044887542725
2.7410552501678467
2.5947229862213135
2.469794988632202
2.3109912872314453
2.2785966396331787
2.1464333534240723
2.1704769134521484
2.615121603012085
2.303238868713379
2.4818034172058105
2.053968906402588
2.457580089569092
2.4315555095672607
2.4160313606262207
2.3455944061279297
2.33497953414917
2.5659427642822266
2.5656778812408447
2.164759397506714
2.2590177059173584
2.1612462997436523
2.296168804168701
2.5181171894073486
2.4648051261901855
2.196718692779541
1.9164036512374878
2.3606274127960205
2.097087860107422
2.239487409591675
2.5089941024780273
2.695984125137329
2.2722716331481934
2.0990235805511475
2.104649305343628
2.641862154006958
2.3865716457366943
2.2517359256744385
2.585582733154297
2.6543638706207275
2.4223098754882812
2.156771183013916
2.1779732704162598
2.2514147758483887
2.471538782119751
2.317985773086548
2.286090135574341
2.62880539894104
2.5810036659240723
2.2276999950408936
2.158143997192383
2.269779682159424
2.2378315925598145
2.351541519165039
2.395998239517212
2.04923152923584
2.265864610671997
2.144897699356079
2.1237306594848633
2.544675350189209
2.1653668880462646
2.4975104331970215
2.4648842811584473
2.3222382068634033
2.3700530529022217
2.239901304244995
2.0215330123901367
2.0816752910614014
2.391382932662964
2.2924346923828125
2.2377285957336426
2.4218387603759766
2.338494300842285
2.1661148071289062
2.212181568145752
2.322603702545166
2.5849127769470215
2.3080687522888184
2.305121421813965
2.086697816848755
1.9962223768234253
2.5147197246551514
2.3697218894958496
1.9379913806915283
2.2636470794677734
2.8349132537841797
2.27639102935791
1.7777334451675415
2.149261951446533
2.497706413269043
2.0141990184783936
2.202425003051758
2.443561315536499
2.1665267944335938
2.7834765911102295
2.532290458679199
1.904963493347168
2.0928585529327393
2.665212631225586
2.1311099529266357
2.473644495010376
2.31827712059021
2.2573909759521484
2.1876418590545654
1.9047313928604126
2.207699775695801
1.9475046396255493
2.135788917541504
2.39015793800354
2.5525903701782227
2.2540855407714844
2.2838592529296875
2.180508852005005
2.197437286376953
2.028679370880127
2.4553208351135254
2.4091010093688965
2.5941426753997803
2.1270954608917236
2.3446059226989746
2.7407615184783936
2.2600181102752686
1.8614872694015503
2.1528568267822266
2.188847303390503
2.135404348373413
2.3245840072631836
2.521549701690674
2.396902322769165
2.3554229736328125
1.9889519214630127
2.1849727630615234
1.9319660663604736
2.0807604789733887
2.150484800338745
2.359389305114746
2.2094998359680176
2.075852632522583
2.2211525440216064
2.2875094413757324
2.4155755043029785
2.2125329971313477
2.374763250350952
2.0843753814697266
2.211125612258911
2.023854970932007
1.9995741844177246
2.0670814514160156
2.394915819168091
2.0560524463653564
2.4133834838867188
2.374896287918091
2.065582752227783
2.230201482772827
2.1593728065490723
1.8007277250289917
2.1623268127441406
2.2184834480285645
2.1739180088043213
2.2603952884674072
2.148681879043579
2.3537211418151855
2.179821014404297
2.23254132270813
2.538109064102173
2.316502571105957
2.1435627937316895
2.0880160331726074
2.024559259414673
2.0246241092681885
2.5084450244903564
2.2928590774536133
2.3803975582122803
2.1049606800079346
2.4198005199432373
2.100048542022705
2.044203519821167
2.3282253742218018
2.234694480895996
2.3161673545837402
2.0574965476989746
1.9706616401672363
2.0249381065368652
2.3473434448242188
1.9264955520629883
2.4189422130584717
2.100837230682373
1.9304922819137573
2.5447940826416016
2.083893060684204
1.9979275465011597
2.23746919631958
2.2174928188323975
2.0248024463653564
2.1754369735717773
1.9650349617004395
2.0929932594299316
2.191788911819458
2.0563302040100098
2.485795736312866
2.221555233001709
2.101165294647217
2.012079954147339
1.8905055522918701
2.4916257858276367
2.0924835205078125
2.100210189819336
1.9157344102859497
2.4838945865631104
2.231539011001587
2.1116127967834473
2.36236572265625
2.0787453651428223
2.0784599781036377
2.015068292617798
2.0410425662994385
2.210500717163086
1.9345777034759521
2.001934766769409
2.1425719261169434
1.5601545572280884
1.9524080753326416
2.491323709487915
2.0014724731445312
2.1198809146881104
1.9450806379318237
1.825660228729248
2.0836129188537598
1.7061197757720947
1.8853623867034912
2.4947805404663086
2.3736021518707275
2.1204869747161865
2.142465591430664
2.26115083694458
1.8804787397384644
1.8160417079925537
2.007112503051758
2.162989854812622
2.042591094970703
2.0598068237304688
2.5195682048797607
2.1787726879119873
2.08990478515625
1.8504425287246704
2.2897541522979736
2.2255873680114746
2.019627332687378
2.297192096710205
1.953323483467102
1.8123886585235596
2.202103853225708
1.9905920028686523
2.226292610168457
2.2924654483795166
1.8813302516937256
2.0212337970733643
2.035881519317627
2.2036499977111816
2.2174835205078125
1.854163408279419
2.105308771133423
1.9198122024536133
2.5964303016662598
2.2795495986938477
2.1477527618408203
2.31288743019104
2.097024440765381
1.9931936264038086
1.9939886331558228
2.1715610027313232
1.867424488067627
2.269865036010742
2.3115222454071045
2.090883493423462
1.9924969673156738
2.0721867084503174
2.013284683227539
2.355299949645996
1.8795206546783447
2.18277907371521
1.942906379699707
1.9497305154800415
2.0787363052368164
1.883953332901001
1.9637908935546875
1.9973679780960083
2.225221872329712
1.9134202003479004
1.9460878372192383
2.319110870361328
2.1016054153442383
2.227938413619995
1.8630872964859009
2.0452582836151123
2.27618145942688
1.8348134756088257
1.815148949623108
2.522834300994873
2.0933496952056885
1.794669508934021
2.061245918273926
2.0909135341644287
2.0386250019073486
2.094182252883911
1.7018492221832275
2.166045665740967
1.9820468425750732
1.7142359018325806
1.972853422164917
2.096045970916748
2.1678054332733154
2.0236082077026367
2.0610971450805664
2.31565523147583
2.2965662479400635
1.8908857107162476
2.0067920684814453
1.8903803825378418
1.4817413091659546
1.98964262008667
2.316831350326538
1.896890640258789
2.189211845397949
2.186088800430298
1.4775245189666748
1.7630343437194824
2.321840763092041
2.018723249435425
2.118394374847412
1.7555547952651978
1.8526500463485718
1.9133433103561401
1.9892812967300415
1.7338786125183105
2.258348226547241
1.9290887117385864
2.136003255844116
1.705694556236267
2.1001038551330566
2.2313432693481445
1.96403169631958
1.9391933679580688
1.8171730041503906
1.751922845840454
1.9972624778747559
1.6059396266937256
1.6560989618301392
2.034420967102051
2.3026859760284424
1.8116421699523926
1.9531548023223877
2.133624315261841
2.3132596015930176
2.2391605377197266
1.960504412651062
2.100677013397217
1.9550615549087524
2.0965216159820557
1.6823387145996094
2.401911735534668
1.9896669387817383
2.3462982177734375
2.090472936630249
1.8275439739227295
1.8144307136535645
1.956510305404663
2.094646453857422
2.0904438495635986
2.1200733184814453
2.0111820697784424
2.073580503463745
2.2777719497680664
2.302316188812256
2.004317045211792
2.2762842178344727
1.8067278861999512
2.0684001445770264
2.0255064964294434
2.0282506942749023
2.211904525756836
2.246262550354004
2.2272117137908936
2.0153207778930664
2.3398265838623047
1.9100009202957153
1.9244928359985352
1.8456164598464966
1.9412494897842407
2.0506112575531006
1.7881546020507812
1.973893165588379
1.8318755626678467
2.095353364944458
2.0491585731506348
1.9961466789245605
2.3357994556427
2.07080078125
2.024068832397461
1.9141713380813599
1.8594270944595337
1.6397647857666016
2.0172269344329834
2.3881466388702393
1.5511258840560913
2.0495245456695557
2.139996290206909
1.7631666660308838
1.7949217557907104
2.0119247436523438
1.8688983917236328
2.079514980316162
1.9219831228256226
2.1630094051361084
2.0053939819335938
1.8276671171188354
2.300741195678711
1.6041650772094727
1.9940091371536255
2.101592779159546
2.4061877727508545
2.2293715476989746
1.9511793851852417
2.050610065460205
2.3937084674835205
1.7901395559310913
1.7551195621490479
2.2527637481689453
2.1466903686523438
2.145784616470337
2.0814781188964844
1.7590892314910889
1.856358528137207
2.0067849159240723
1.9511717557907104
2.131826877593994
1.9567221403121948
1.8202253580093384
2.1933250427246094
1.9264962673187256
1.9794174432754517
2.056795835494995
1.9149878025054932
2.0118868350982666
2.133800506591797
1.8431322574615479
1.993777871131897
1.8633545637130737
2.0174503326416016
2.185659885406494
1.9836748838424683
2.0478172302246094
2.5705831050872803
1.9819140434265137
1.7221734523773193
2.056180953979492
1.9013746976852417
1.6820746660232544
1.7692561149597168
2.0700433254241943
1.9467360973358154
2.251009225845337
2.085623264312744
1.9529836177825928
2.0078697204589844
1.7435688972473145
2.2226779460906982
1.8374406099319458
2.0974137783050537
1.7953228950500488
2.0329396724700928
1.7780581712722778
1.6095060110092163
1.8106155395507812
1.9854567050933838
1.6376688480377197
1.85586416721344
1.8680782318115234
1.9166584014892578
1.936109185218811
2.071645975112915
1.6340718269348145
1.7271463871002197
1.5888875722885132
1.7953683137893677
2.241283893585205
2.003042459487915
1.9939212799072266
1.744502305984497
2.105285882949829
1.889947772026062
1.7725971937179565
2.0040881633758545
1.9378187656402588
2.0020036697387695
1.7026433944702148
1.8779057264328003
2.0026731491088867
1.834357738494873
1.8900847434997559
1.5632094144821167
1.8316813707351685
1.5577224493026733
1.9479013681411743
1.9585529565811157
1.8952771425247192
2.028334856033325
2.5976943969726562
1.771188497543335
1.7878912687301636
1.9559972286224365
1.751116156578064
2.051281213760376
1.8322036266326904
1.9743579626083374
1.8612104654312134
2.2924370765686035
1.54923677444458
1.9417740106582642
1.6322596073150635
1.9619097709655762
1.9197272062301636
1.9431012868881226
1.5793875455856323
1.770132064819336
1.8153114318847656
1.8767510652542114
1.9259459972381592
2.1092514991760254
1.8340675830841064
2.2472586631774902
1.8018097877502441
2.000610589981079
2.1077356338500977
2.065714120864868
2.2597286701202393
2.1431379318237305
1.8777275085449219
1.8608596324920654
1.8990073204040527
1.989293098449707
1.9536340236663818
2.082289218902588
1.7952321767807007
1.8259468078613281
1.6894828081130981
2.1584115028381348
1.8627194166183472
2.116520404815674
1.842835545539856
2.2369439601898193
1.6419992446899414
1.9264689683914185
1.858153223991394
1.8859225511550903
2.0378546714782715
2.167379379272461
1.6910076141357422
2.040924072265625
1.8787413835525513
2.1771090030670166
1.8831307888031006
2.172393798828125
2.1979942321777344
2.0981149673461914
1.852950930595398
2.066965341567993
1.6217602491378784
1.5661981105804443
1.6720472574234009
1.796941876411438
1.5042940378189087
1.7553558349609375
1.7574706077575684
2.6166999340057373
1.9454203844070435
1.8287190198898315
2.0693445205688477
1.8040218353271484
2.114823341369629
2.0011067390441895
1.7743991613388062
1.8824470043182373
1.9189612865447998
2.019422769546509
1.4955867528915405
1.8451098203659058
2.054513931274414
1.967041254043579
1.7951483726501465
1.6708569526672363
1.9652117490768433
1.64991295337677
1.7728667259216309
1.8465245962142944
1.630586862564087
2.037893295288086
1.4022578001022339
1.8735766410827637
1.6804914474487305
1.7482305765151978
2.010716199874878
1.508427381515503
1.929548978805542
1.9197969436645508
1.764561653137207
1.903535008430481
1.652543544769287
1.9890676736831665
1.727878212928772
1.9519703388214111
2.19673490524292
1.6468956470489502
1.8970364332199097
2.0202183723449707
1.727908730506897
1.8585700988769531
1.8899316787719727
1.9126864671707153
1.8443467617034912
1.7978092432022095
1.7845566272735596
1.715364933013916
2.194960594177246
1.922177791595459
1.5562241077423096
2.0253703594207764
1.7541335821151733
1.9094125032424927
1.4906582832336426
1.717515230178833
1.832074522972107
1.7195342779159546
2.0570685863494873
1.7868269681930542
1.9608112573623657
1.8390023708343506
1.4051162004470825
2.016239643096924
1.8688831329345703
1.8955440521240234
1.5860685110092163
1.7720975875854492
1.987623691558838
2.0326578617095947
1.6321704387664795
1.7342932224273682
1.6761298179626465
1.9047791957855225
1.8903765678405762
2.1400434970855713
1.7420604228973389
1.7577881813049316
2.0398404598236084
1.6444448232650757
1.794238567352295
2.041639804840088
1.623885989189148
1.6872323751449585
1.5335822105407715
1.8353102207183838
1.7287343740463257
2.069199800491333
1.8317837715148926
1.6049740314483643
1.978657841682434
1.6693096160888672
2.0607669353485107
1.8711462020874023
1.5482683181762695
1.6098123788833618
1.8862800598144531
1.7301998138427734
2.2268905639648438
1.885282278060913
1.622403621673584
1.9602041244506836
1.420595645904541
2.0020577907562256
1.6522032022476196
1.5175487995147705
1.5535252094268799
1.7950447797775269
1.9611772298812866
1.7962815761566162
1.7566605806350708
1.8789609670639038
2.0335378646850586
1.8523337841033936
1.6131913661956787
2.071479320526123
1.7739737033843994
1.9759846925735474
1.852013111114502
2.001997947692871
1.6739548444747925
1.9199053049087524
2.1124227046966553
1.5520596504211426
1.7998408079147339
1.7319828271865845
1.589280605316162
1.4664641618728638
1.4795457124710083
1.4598679542541504
1.8453947305679321
1.9322543144226074
1.7042725086212158
1.7362929582595825
1.8708328008651733
1.9185453653335571
1.5955870151519775
1.9734007120132446
1.562645673751831
1.7944718599319458
1.5276732444763184
1.4170985221862793
2.1193578243255615
2.2386066913604736
2.06428861618042
1.5374096632003784
1.9229848384857178
2.2389535903930664
1.7693549394607544
1.382680058479309
1.7934551239013672
1.7400130033493042
1.7699376344680786
1.6422655582427979
1.4623712301254272
1.3508211374282837
1.663058876991272
1.5851823091506958
1.6547871828079224
1.9333230257034302
1.7959057092666626
1.8116295337677002
1.5284773111343384
1.6873610019683838
1.8155832290649414
1.9334334135055542
1.9885878562927246
1.6965245008468628
1.6759042739868164
1.6671557426452637
2.19962215423584
