4.578993931450807
4.5159949896585605
4.4866547218673976
4.4623154673125125
4.439659918665581
4.416013309717788
4.38180180827675
4.351774981564573
4.3176450046431984
4.2862334556286905
4.252883153803208
4.233142493630919
4.205566504117473
4.186494976053457
4.167705355092997
4.152834154455863
4.1332680950384315
4.119877686281034
4.103980907698727
4.08938278078728
4.077358469328917
4.0616673313443314
4.051515022202221
4.0358952335689375
4.024820343917593
4.010544749781909
3.9973940974306266
3.990053230234424
3.97789111771547
3.9661017848402644
3.9586431660005807
3.9439061779500273
3.9311145507466154
3.9189233511610104
3.903572042274963
3.89525332932582
3.88202022957375
3.8736003615972026
3.8665765578789477
3.851265481670799
3.8378587622776665
3.829630194112773
3.814319802367169
3.8020548979034814
3.789235534875289
3.773658734758187
3.7639232736719235
3.7455997924365656
3.736109692422325
3.723857553108879
3.710730390475534
3.7018948400112066
3.682410074316937
3.674080172158263
3.6617544252244407
3.6522551070698692
3.635482846318608
3.6233536084289746
3.6091767595247233
3.601535016008655
3.5920980952279953
3.5790409877172213
3.5705135094235314
3.5552718657666764
3.543342230569981
3.533036079248199
3.5244881122008613
3.5099525091898105
3.5037485071460304
3.4953299702890694
3.4897006189121917
3.4795818185562366
3.4686691751870353
3.4573864552675917
3.446879460683564
3.4325164361378118
3.4315671448207574
3.412578735205219
3.409596559336728
3.399790993736833
3.393132861922769
3.3805609328667527
3.373889068508392
3.363953599844442
3.352315723133819
3.3434933753269713
3.3379571928697476
3.324883369533607
3.3222553879403702
3.311996532827997
3.303074138548673
3.2927088484434823
3.283205541198516
3.270688373719335
3.271979267944765
3.2562825591362956
3.2492831262481183
3.241020393188652
3.2360632593369547
3.226581954895078
3.2149597848467812
3.20755894897539
3.199753037194157
3.186609389836831
3.1813597163885756
3.170766511231737
3.1675803432684115
3.158933450498849
3.145796299285596
3.1455213282724173
3.1366280372185473
3.1290632922326207
3.1167881574167313
3.1142046265589918
3.100479916538424
3.090785193321345
3.0848780687507764
3.076144409606524
3.065574060620554
3.0569820861377375
3.05155596647726
3.0431010790188293
3.042564005193198
3.032971300432444
3.025619769645164
3.0114949115401948
3.008165785113869
2.998824255850614
2.986751607007078
2.9821572636094547
2.9758949471861507
2.9721050606969066
2.95944843298334
2.955631908248453
2.942435501481566
2.937362310221738
2.9343863670783277
2.9292018096465284
2.9178645482758427
2.914248464967284
2.9034959147958195
2.895624839741251
2.886821391637368
2.8822502239280956
2.8709430737263713
2.859160860786048
2.855038473368301
2.8448986955310986
2.850295817455672
2.8405647393687605
2.8318058965761033
2.823848702718535
2.8168402556568157
2.809952944440915
2.7993964737333603
2.7947754137351386
2.7809496675915732
2.782869147217792
2.769870552870319
2.7596456958814657
2.758187211078146
2.7554114910647693
2.743009846533656
2.7400249715351386
2.7229021760203955
2.7174858266435318
2.7119616434702176
2.7059156162964415
2.7036314077694397
2.68909199463437
2.6873714826296053
2.676570469461134
2.673091129878598
2.6570385990240384
2.6518603273669776
2.6511184464940025
2.642859315933169
2.6340233996091293
2.6242851320739904
2.613770128211097
2.6153231212854995
2.59951751524835
2.600532180970282
2.590745606233397
2.581575442915377
2.5739950926407524
2.574184730991988
2.567027042741361
2.5561734508065617
2.550824594924517
2.5402296973616267
2.5382791219464957
2.52943725811551
2.520907939547468
2.5129363006338132
2.516222451806373
2.503355822599757
2.4962606698350833
2.489124525538491
2.4799599492031597
2.475149114418518
2.470906810992209
2.4567747533778705
2.453944912499479
2.4518206698815233
2.4412809874090695
2.4316648196076494
2.425930845615504
2.423036104425445
2.416420986890183
2.4076940130699627
2.405788273457676
2.401241690149088
2.391053233000324
2.384461289781439
2.3761129815255284
2.373667392279486
2.3712250040010416
2.3569735285571163
2.35091238085876
2.3454311090662046
2.338210235776194
2.3285850255995455
2.327603606769191
2.3238504227165064
2.3126583331076387
2.307237397984166
2.3010681727353264
2.292022445775054
2.2889983263771856
2.276238697111759
2.27500628159784
2.2740946296230913
2.2665932080934725
2.2603595255281004
2.246398344216749
2.250715101618901
2.239449138684041
2.229718476914994
2.223509729518305
2.227415485150369
2.212237853070964
2.2074719444870032
2.205151345571289
2.2009237995537956
2.18899765130504
2.1888230805811673
2.1777597894449063
2.1829362686942604
2.1668508999487934
2.1643068526711917
2.154176152118332
2.1514982087228
2.1432953525687117
2.1424760813908197
2.1296163152550798
2.125049210722794
2.1186612178297604
2.1176681498737286
2.100179350741989
2.0978472420321705
2.0915200698101306
2.090516214328044
2.087619869757796
2.085176456005067
2.0715196929929203
2.068692274868031
2.0647075703686766
2.064067639658213
2.047195699666162
2.046270058892877
2.035204013137866
2.025797279746941
2.0331010123347992
2.0192672361803177
2.015148096529724
2.011946623282664
2.002542038707782
1.994925378686022
1.9892966544536679
1.9909221205260137
1.9824119126400375
1.9721845932628796
1.9684254757278716
1.9671674779309032
1.953368079479393
1.9542817067917047
1.9462336992363796
1.947428846450718
1.9327779936668512
1.9297790284961691
1.9228664077151463
1.9186712413492715
1.9242251068734757
1.9104738904692022
1.9050378874134835
1.9027443753788844
1.8938634247731065
1.8869706938028945
1.8767740679214069
