88.49538946151733
88.23159265518188
88.59462285041809
88.22940492630005
88.19145107269287
88.13523125648499
88.40919208526611
88.63602018356323
88.35398006439209
88.0903787612915
88.25446224212646
88.73110723495483
88.55786490440369
88.41517996788025
87.91514587402344
88.20701551437378
88.72115802764893
88.76390886306763
88.34437847137451
88.26988935470581
87.9791362285614
88.82022523880005
88.58267593383789
88.224928855896
88.14529252052307
88.40202355384827
88.50194764137268
88.65741658210754
88.24181365966797
88.27573490142822
88.26269507408142
94.89784336090088
122.28114175796509
126.28268241882324
109.03874325752258
90.0140151977539
89.63279747962952
88.97195386886597
89.72696352005005
89.54442834854126
89.3382158279419
88.70222187042236
89.53623747825623
89.35839033126831
89.8642520904541
88.21574687957764
89.0477831363678
89.4960765838623
90.13637518882751
89.99622631072998
89.25745606422424
88.53813672065735
89.59029388427734
89.67265915870667
89.56483626365662
90.09345507621765
89.51221418380737
89.69026637077332
90.69507241249084
112.10357785224915
90.58334040641785
89.33321928977966
90.11313962936401
89.7373309135437
90.76356601715088
90.75240206718445
89.06405663490295
89.74168586730957
90.40947389602661
90.06666231155396
90.15359258651733
90.98723816871643
91.15383982658386
89.84635305404663
89.50356841087341
89.16487336158752
89.38429141044617
89.6757743358612
89.79710555076599
90.41791319847107
89.61849474906921
99.22029685974121
90.8422954082489
88.68090629577637
88.67555117607117
88.24399924278259
87.98234581947327
88.12430500984192
88.67606544494629
88.36485767364502
88.10433220863342
88.00308132171631
88.08974719047546
88.65568327903748
88.47909760475159
88.17334342002869
88.20540165901184
88.11857008934021
88.7225124835968
88.48977732658386
88.11611127853394
87.91369128227234
88.15734672546387
88.58287119865417
88.44411969184875
87.92204189300537
87.99980473518372
88.24581909179688
88.79992365837097
88.21215915679932
88.1411964893341
87.94056844711304
88.20860290527344
88.58664631843567
88.49240016937256
88.0895459651947
88.14363217353821
88.00594115257263
88.67632627487183
88.56125926971436
87.85103845596313
88.01418948173523
88.50345277786255
89.14067268371582
88.90569972991943
88.00617408752441
88.13623714447021
88.51551842689514
88.51997256278992
88.32423400878906
88.12848401069641
87.83103013038635
88.21155858039856
88.55126404762268
88.26628875732422
87.99230551719666
87.97618103027344
88.18371295928955
88.57245993614197
88.21867561340332
87.9693341255188
88.26781249046326
88.69695377349854
89.66040444374084
89.29664707183838
89.04097628593445
102.08560609817505
100.19504189491272
111.07491087913513
97.33536124229431
127.88751173019409
125.81785273551941
123.66580772399902
128.6627061367035
125.97753834724426
123.00414371490479
127.21504878997803
130.03790736198425
125.5053243637085
126.39013648033142
130.2284197807312
116.89070582389832
120.38264274597168
121.16061592102051
113.09153127670288
120.09823775291443
126.46918272972107
131.39693808555603
118.01198744773865
90.00158071517944
89.7785382270813
88.71922039985657
88.27006363868713
89.2241895198822
88.53402662277222
97.67870497703552
89.45016574859619
89.20456314086914
89.42154002189636
89.13334369659424
88.38309097290039
88.79148626327515
89.12267684936523
89.17734336853027
123.28141975402832
130.06756329536438
126.36022973060608
124.42825675010681
129.14291143417358
128.86372780799866
124.5963704586029
127.44395279884338
128.99242448806763
125.46790981292725
124.34229493141174
130.9589512348175
126.7188949584961
123.49682784080505
129.47056484222412
128.41222524642944
122.7912826538086
127.06392121315002
130.058931350708
123.18361473083496
124.7316906452179
129.7165882587433
126.0735936164856
125.16956949234009
128.8466420173645
128.07904815673828
123.02647972106934
127.06964802742004
130.54997897148132
123.61965775489807
125.03723096847534
129.01321172714233
127.32821416854858
124.13890981674194
129.07825565338135
126.78180861473083
123.33077263832092
126.5889995098114
129.86185359954834
124.2614951133728
124.74111485481262
129.43028855323792
125.44588208198547
123.20671510696411
127.59930658340454
128.16396021842957
123.04274010658264
128.4725148677826
129.46115517616272
124.8203182220459
124.99439740180969
131.43765473365784
126.03704500198364
123.38098692893982
128.62832951545715
127.20760869979858
124.44914150238037
126.22671627998352
130.97081756591797
124.70695519447327
125.02708649635315
129.26870250701904
127.22549748420715
124.5427315235138
130.7805700302124
129.2870078086853
124.49507236480713
129.3661868572235
130.67418384552002
124.78404426574707
126.20088481903076
129.352863073349
125.2791657447815
124.40347528457642
129.1081748008728
125.24422430992126
123.88906407356262
128.22263836860657
129.96334195137024
124.44496321678162
126.78967952728271
130.43879556655884
124.85678887367249
125.0357072353363
128.76056146621704
127.28327059745789
124.06209087371826
127.41991233825684
129.38785791397095
123.67031574249268
125.5254533290863
129.10156083106995
124.53955721855164
125.20098805427551
128.45238780975342
125.71986961364746
123.00978493690491
129.34580898284912
128.44522333145142
123.38666272163391
126.40141987800598
129.18148183822632
124.13461518287659
124.60260677337646
130.23265385627747
127.48188924789429
123.93710136413574
128.21018242835999
129.04684257507324
124.61405897140503
127.36097240447998
130.90437269210815
123.51111125946045
125.32152056694031
130.41562724113464
126.69362568855286
