1.318
2.004
2.574
2.9579999999999997
3.29
3.524
3.9280000000000004
4.106
4.546
4.976
5.322
5.489999999999999
5.822
5.974
6.178
6.338000000000001
6.561999999999999
6.845999999999999
6.959999999999999
7.332
7.116
7.630000000000001
7.7700000000000005
7.954
8.16
8.309999999999999
8.502
8.64
8.799999999999999
9.052
9.066
9.35
9.454
9.606
9.642000000000001
9.952
10.286
10.256
10.296
10.674
10.666
10.776
11.054
11.101999999999999
11.518
11.734
11.924
12.094000000000001
12.225999999999999
12.546
12.634
12.956000000000001
13.203999999999999
13.352
13.578000000000001
13.602
13.76
14.036000000000001
14.266000000000002
14.676
14.706
14.796000000000001
14.927999999999999
15.284
15.376000000000001
15.636
15.794
15.986
16.046
16.262
16.39
16.39
16.732
16.59
16.956
17.04
17.06
17.584
17.426
17.598
17.816000000000003
18.093999999999998
18.25
18.254
18.392
18.63
18.724
18.948
18.972
19.178
19.35
19.166
19.573999999999998
19.792
20.006
20.19
20.041999999999998
20.48
20.52
20.514
20.964
20.926000000000002
21.041999999999998
21.298000000000002
21.59
21.698
21.628
21.98
22.172
21.938
22.325999999999997
22.592000000000002
22.588
22.794
23.036
23.024
23.438
23.544
23.726
23.830000000000002
23.896
24.008
24.166
24.246000000000002
24.618000000000002
24.686
24.86
25.062
25.176
25.246000000000002
25.385999999999996
25.7
25.7
26.134
26.284000000000002
26.494
26.336
26.247999999999998
26.57
26.604
26.836
27.32
27.395999999999997
27.612
27.526
27.92
27.938000000000002
28.261999999999997
27.900000000000002
28.346
28.37
28.596
28.716
28.951999999999998
28.927999999999997
29.036
29.446
29.482000000000003
29.686
29.555999999999997
29.918
30.076000000000004
30.352
30.246000000000002
30.696
30.672
30.702
31.041999999999998
31.174000000000003
31.318
31.331999999999997
31.508000000000003
31.580000000000002
32.013999999999996
31.834
32.036
32.012
32.488
32.53
33.068
33.078
33.236
33.03
33.382
33.546
33.768
33.892
33.892
33.942
34.296
34.4
34.446
34.552
34.886
34.894
35.152
35.214
35.472
35.314
35.774
35.809999999999995
36.106
36.28
36.138
36.204
36.644
36.762
37.022
36.903999999999996
37.141999999999996
37.291999999999994
37.28
37.546
37.413999999999994
37.758
37.696000000000005
37.724000000000004
37.986
38.324000000000005
38.512
38.492
38.641999999999996
38.998
38.958
38.988
39.263999999999996
39.312000000000005
39.576
39.692
39.824
40.156
40.068
40.242
40.192
40.526
40.833999999999996
40.684
40.949999999999996
40.967999999999996
41.262
41.188
41.624
41.682
41.538000000000004
41.654
42.096000000000004
42.102000000000004
42.33
42.16
42.538
42.546
42.772
42.782
43.074
43.096000000000004
43.394
43.688
43.658
43.553999999999995
44.048
44.116
44.062
44.156
44.330000000000005
44.488
44.806000000000004
44.763999999999996
44.934000000000005
44.86
45.072
45.402
45.582
45.858
45.802
46.172000000000004
46.178000000000004
46.0
46.324
46.742
46.967999999999996
46.604
46.602
47.128
47.062
47.392
47.546
47.404
47.802
47.554
47.99
48.128
48.22
48.193999999999996
48.211999999999996
48.546
48.339999999999996
48.382
48.952
49.252
49.238
