4.590135097503662
4.594918727874756
4.559542655944824
4.56762170791626
4.528929710388184
4.524102210998535
4.493149280548096
4.580745697021484
4.4924774169921875
4.46575927734375
4.511549472808838
4.53437614440918
4.520962238311768
4.444607257843018
4.5919904708862305
4.540000915527344
4.471174716949463
4.460949897766113
4.593692779541016
4.437264919281006
4.580916881561279
4.41209602355957
4.443235874176025
4.57129430770874
4.445923805236816
4.4208269119262695
4.447914123535156
4.398807525634766
4.571403980255127
4.447667121887207
4.524537086486816
4.400136470794678
4.373967170715332
4.381091117858887
4.454376697540283
4.362976551055908
4.427890300750732
4.515689373016357
4.393023490905762
4.430171489715576
4.456428527832031
4.331083297729492
4.433002471923828
4.313146114349365
4.472632884979248
4.328945159912109
4.472706317901611
4.276168346405029
4.316711902618408
4.36701774597168
4.28529691696167
4.288090705871582
4.356220245361328
4.260829925537109
4.348720550537109
4.386279106140137
4.3955278396606445
4.275870323181152
4.285959720611572
4.364317417144775
4.3442864418029785
4.324081897735596
4.277646541595459
4.245450496673584
4.2771687507629395
4.418766021728516
4.289092540740967
4.206166744232178
4.2974019050598145
4.311723709106445
4.336724281311035
4.429266929626465
4.202479362487793
4.314233303070068
4.25317907333374
4.160650253295898
4.209056854248047
4.308107852935791
4.394149303436279
4.162058353424072
4.114968299865723
4.2483625411987305
4.188169956207275
4.209105491638184
4.235382556915283
4.244720935821533
4.281980514526367
4.105539798736572
4.165599346160889
4.22260856628418
4.260998249053955
4.234705448150635
3.9684925079345703
4.239401340484619
4.170395374298096
4.16982364654541
4.084463596343994
4.113664150238037
4.085607528686523
4.270832061767578
4.126976490020752
4.151634693145752
4.1797051429748535
4.163674354553223
4.2320733070373535
4.32889986038208
4.096707344055176
4.261727333068848
4.3357744216918945
4.196106910705566
4.16953182220459
4.311506748199463
4.222476005554199
4.106200695037842
4.292191028594971
4.222490310668945
4.185517311096191
4.232532978057861
4.161985874176025
4.229116916656494
4.19724178314209
4.118866443634033
4.079627513885498
4.0042266845703125
4.068607330322266
3.9498071670532227
4.086985111236572
4.0715789794921875
4.09732723236084
4.174621105194092
4.1223554611206055
4.024661064147949
4.003981590270996
3.9275972843170166
4.086886405944824
3.9381039142608643
4.081838130950928
4.089818000793457
4.094501495361328
3.9319937229156494
4.047130107879639
4.17485237121582
4.095088958740234
4.128827095031738
3.955068826675415
4.005117893218994
4.267734050750732
4.080374240875244
4.096909523010254
3.98647403717041
4.069912433624268
4.145339488983154
4.184792518615723
3.988697052001953
4.046762466430664
3.9699764251708984
4.162102222442627
3.9065022468566895
4.189361095428467
4.32157039642334
3.933615207672119
4.107192516326904
3.8769097328186035
4.130015850067139
4.066224098205566
4.219991207122803
4.128893852233887
3.9596047401428223
4.306005954742432
4.4900102615356445
3.9974358081817627
4.112537384033203
3.8467462062835693
3.9729793071746826
4.085151672363281
4.1098198890686035
4.076484680175781
4.077320575714111
3.884629487991333
3.7783544063568115
4.052855014801025
3.8003268241882324
3.929765224456787
3.9727683067321777
4.102855682373047
4.104398727416992
4.151941299438477
4.080722808837891
3.9202728271484375
4.041323661804199
4.091062545776367
3.8154780864715576
4.042572975158691
4.053255081176758
4.091688632965088
4.159820556640625
3.9508121013641357
3.831697463989258
3.9047672748565674
3.9630372524261475
4.026988983154297
3.842209577560425
4.035491943359375
4.052563667297363
3.8481674194335938
4.086531162261963
3.810434103012085
4.071087837219238
4.044806480407715
4.116429328918457
3.8218252658843994
3.933002471923828
4.158371448516846
3.930558204650879
4.145506381988525
4.000919818878174
4.075739860534668
4.061400890350342
3.9432687759399414
4.0829176902771
4.058117866516113
3.863239288330078
4.016327381134033
3.932250738143921
3.9000132083892822
3.709068775177002
4.091223239898682
3.863569736480713
3.9133999347686768
3.9402167797088623
3.7955212593078613
3.980203628540039
3.87748384475708
3.9255595207214355
3.9144339561462402
4.029074668884277
3.9942803382873535
3.8449976444244385
3.807882785797119
4.067572593688965
3.7676563262939453
3.885528564453125
4.097135066986084
3.8064370155334473
3.8909590244293213
3.927248001098633
4.120981216430664
3.6617510318756104
4.061716079711914
3.981045961380005
3.872959613800049
3.7689599990844727
3.945197582244873
3.8496055603027344
4.076136589050293
3.90376353263855
3.9202187061309814
3.83526873588562
4.008218288421631
3.9915990829467773
3.9897055625915527
3.6248621940612793
3.765319347381592
3.8708252906799316
3.624152898788452
3.692169427871704
4.157620906829834
3.9177722930908203
3.714714765548706
3.8581905364990234
3.8113906383514404
3.8647446632385254
3.9059431552886963
3.859376907348633
4.0012969970703125
3.6664459705352783
3.9477455615997314
3.9894795417785645
3.713655471801758
3.67659592628479
3.682849645614624
3.6980504989624023
3.946458578109741
3.6300203800201416
3.885343551635742
3.8198137283325195
4.134095191955566
3.826199531555176
3.747572183609009
3.869025468826294
3.695223331451416
4.010618209838867
3.776078462600708
3.836005687713623
3.7652204036712646
4.044936656951904
3.6665260791778564
3.8398237228393555
3.702674150466919
3.8481383323669434
3.6425087451934814
3.755284070968628
3.8759779930114746
3.7181200981140137
3.717900037765503
4.038131237030029
3.9146153926849365
3.708369016647339
3.5277881622314453
3.678122043609619
3.8016841411590576
3.8011088371276855
4.0746073722839355
3.578409433364868
3.9135546684265137
3.5866787433624268
3.7605648040771484
4.001771450042725
3.8824241161346436
3.790863037109375
3.8972527980804443
3.971982479095459
3.919917583465576
3.8565282821655273
3.766895294189453
3.7520153522491455
3.729590892791748
3.854410409927368
3.775425672531128
3.569578170776367
3.7392303943634033
3.618743658065796
3.7633755207061768
3.914213180541992
4.010391712188721
3.686983585357666
3.7845993041992188
3.820067882537842
3.664287567138672
3.6406102180480957
4.145717620849609
4.0284905433654785
3.6104328632354736
3.640091896057129
3.689723253250122
3.9920332431793213
3.8299808502197266
3.4916038513183594
3.6893460750579834
3.6812522411346436
3.7032852172851562
3.6691925525665283
3.7963452339172363
3.871184825897217
3.622276544570923
3.7119293212890625
3.889726400375366
3.6338818073272705
3.77006459236145
3.59794020652771
3.7462265491485596
3.6787495613098145
3.8084793090820312
3.6151227951049805
3.669774293899536
3.7318739891052246
3.7579355239868164
3.7378368377685547
3.512805461883545
3.6022396087646484
3.5585379600524902
3.690682888031006
3.854625940322876
3.807184934616089
3.537631034851074
3.6741790771484375
3.640890598297119
3.681809663772583
3.6393649578094482
3.8788676261901855
3.666132926940918
3.865166664123535
3.7712960243225098
3.3625433444976807
3.6638431549072266
3.7218663692474365
3.513557195663452
3.594791889190674
3.6304588317871094
3.369480609893799
3.8596158027648926
3.490549087524414
3.417046070098877
3.4421133995056152
3.5676631927490234
3.6292896270751953
3.4168813228607178
3.681222677230835
3.5293030738830566
3.6543948650360107
3.644685745239258
3.6105358600616455
3.5765633583068848
3.5681307315826416
3.4562366008758545
3.3497018814086914
3.5236783027648926
3.485774278640747
3.613978624343872
3.394477605819702
3.6691205501556396
3.6358959674835205
3.6031312942504883
3.720803737640381
3.5943214893341064
3.709662675857544
3.7317869663238525
3.770235538482666
3.785456895828247
3.494054079055786
3.4884464740753174
3.6697838306427
3.538367748260498
3.4877891540527344
3.9724268913269043
3.4254376888275146
3.2948615550994873
3.6068665981292725
3.3850181102752686
3.756131887435913
3.5579004287719727
3.4378910064697266
3.419290781021118
3.742962598800659
3.5583181381225586
3.4935317039489746
3.6211647987365723
3.816833972930908
3.719590425491333
3.8075268268585205
3.353757381439209
3.5725507736206055
3.795607566833496
3.8577053546905518
3.809485912322998
3.7188637256622314
3.5998575687408447
3.551607847213745
3.7320029735565186
3.619642972946167
3.350431203842163
3.6198906898498535
3.5190694332122803
3.5634307861328125
3.5749263763427734
3.470205783843994
3.5478601455688477
3.8134846687316895
3.375206470489502
3.7225139141082764
3.463907480239868
3.474480152130127
3.724210023880005
3.4118266105651855
3.4043831825256348
3.4507365226745605
3.6956307888031006
3.4745993614196777
3.5846610069274902
3.615467071533203
3.5006508827209473
3.5036559104919434
3.6042914390563965
3.648587942123413
3.5166893005371094
3.3962152004241943
3.646380662918091
3.647374153137207
3.6648993492126465
3.3865573406219482
3.523310422897339
3.2254531383514404
3.713060140609741
3.71870493888855
3.5600528717041016
3.4171347618103027
3.2505154609680176
3.725919723510742
3.393186330795288
3.681854724884033
3.569762706756592
3.296823263168335
3.4088032245635986
3.2705929279327393
3.390517473220825
3.4704787731170654
3.4815616607666016
3.525158405303955
3.6062276363372803
3.760249376296997
3.350696325302124
3.2077279090881348
3.521387815475464
3.546769142150879
3.5878922939300537
3.246215343475342
3.4470772743225098
3.3547861576080322
3.3239758014678955
3.5755863189697266
3.4251441955566406
3.283806800842285
3.767975091934204
3.3948163986206055
3.5902538299560547
3.39551043510437
3.192471504211426
3.4266679286956787
3.555612802505493
3.4127278327941895
3.5383007526397705
3.3735578060150146
3.367194175720215
3.415750503540039
3.5711145401000977
3.4276676177978516
3.3971142768859863
3.3679442405700684
3.3908917903900146
3.320308208465576
3.2980635166168213
3.5799999237060547
3.7236552238464355
3.524380683898926
3.3491275310516357
3.2765979766845703
3.4416847229003906
3.197585105895996
3.4076342582702637
3.3029305934906006
3.3236618041992188
3.4087021350860596
3.526003360748291
3.4140548706054688
3.3202266693115234
3.2552621364593506
3.427218198776245
3.4139797687530518
3.340858221054077
3.3136537075042725
3.864436149597168
3.350323438644409
3.3220901489257812
3.2299771308898926
3.4001195430755615
3.330679416656494
3.379833459854126
3.2449193000793457
3.481022596359253
3.5809786319732666
3.588475227355957
3.592822790145874
3.2457499504089355
3.452883720397949
3.275696039199829
3.125487804412842
3.2933056354522705
3.5721521377563477
3.2222607135772705
3.1558730602264404
3.4319422245025635
3.435286283493042
3.356476306915283
3.257598400115967
3.1425018310546875
3.372140407562256
3.3192267417907715
3.468578815460205
3.4478278160095215
3.2409369945526123
3.6690335273742676
3.518691062927246
3.088858127593994
3.3125014305114746
3.1800522804260254
3.662658452987671
3.6233444213867188
3.2582831382751465
3.3492026329040527
3.1188244819641113
3.5469913482666016
3.0496771335601807
3.6027164459228516
3.38096022605896
3.3514256477355957
3.5178964138031006
3.2312097549438477
3.229468584060669
3.446307897567749
3.229754686355591
3.4335436820983887
3.4308457374572754
3.21697735786438
3.377195358276367
3.347182273864746
3.3481531143188477
3.4264187812805176
3.2636795043945312
3.2531445026397705
3.4283289909362793
3.7232158184051514
3.3063161373138428
3.2770915031433105
3.393183946609497
2.925325393676758
3.238736867904663
3.383760690689087
3.430577516555786
3.4319653511047363
3.5826635360717773
3.2388854026794434
3.270451307296753
3.28163743019104
3.286957263946533
3.0375359058380127
3.1771771907806396
3.351193904876709
3.2986621856689453
3.2004404067993164
3.5718626976013184
3.4516849517822266
2.9361839294433594
3.048318386077881
3.119853973388672
3.2894442081451416
2.9348063468933105
3.44474458694458
3.2709057331085205
3.4648172855377197
3.234433650970459
3.1096017360687256
3.382274866104126
3.2419488430023193
3.100146770477295
3.135342597961426
3.4692888259887695
3.4263622760772705
3.263913631439209
3.5068390369415283
3.1089425086975098
3.0807690620422363
3.1792304515838623
3.4166715145111084
3.174443483352661
3.0749588012695312
3.5574090480804443
3.3079748153686523
3.4447171688079834
3.627185344696045
3.2777843475341797
3.1780195236206055
3.0858492851257324
3.543945789337158
2.9885928630828857
3.3399314880371094
3.0805611610412598
3.4696342945098877
3.5753841400146484
3.4212591648101807
3.2303061485290527
2.9909636974334717
3.2398529052734375
3.591251850128174
2.9047021865844727
3.0269887447357178
3.516775369644165
3.2790374755859375
3.1666388511657715
2.864938259124756
3.3156933784484863
3.161426544189453
3.0721356868743896
3.211036443710327
3.0547935962677
3.0187292098999023
3.343289375305176
3.2823638916015625
3.211137533187866
3.651695966720581
3.3176028728485107
3.5845119953155518
3.091801404953003
2.911776304244995
3.0582921504974365
3.3070993423461914
3.1183524131774902
3.1146130561828613
3.2204275131225586
2.9082632064819336
3.377697229385376
3.058307647705078
3.3259615898132324
2.993530035018921
3.363259792327881
3.001976490020752
3.264533042907715
3.058791160583496
2.976374626159668
3.2816288471221924
3.1578054428100586
3.2430496215820312
2.9965686798095703
3.4718616008758545
3.1075050830841064
3.2630844116210938
3.305276870727539
3.5641956329345703
3.370173454284668
3.3685827255249023
3.0660016536712646
3.082179307937622
3.4746460914611816
3.2609634399414062
3.339148998260498
3.13853120803833
3.334368944168091
3.1818647384643555
2.8740599155426025
3.142139196395874
3.5648715496063232
3.048921823501587
3.165350914001465
3.2961783409118652
3.2277679443359375
2.985584020614624
3.1986255645751953
3.2307162284851074
3.1669113636016846
3.3232035636901855
3.315335750579834
2.887207269668579
3.3561103343963623
3.047403335571289
3.3222668170928955
2.9921717643737793
3.102318286895752
3.2263283729553223
2.8949873447418213
3.1761536598205566
3.1492693424224854
3.119466781616211
3.287903308868408
3.1538338661193848
3.204780340194702
3.360182285308838
3.2906558513641357
3.134749412536621
3.188105344772339
2.9821341037750244
3.1944239139556885
3.111199378967285
3.3197073936462402
3.1331534385681152
3.0628433227539062
3.132058620452881
3.212798833847046
2.9318952560424805
2.9382164478302
2.916469097137451
2.945068120956421
3.409928560256958
2.8593780994415283
3.0666520595550537
3.0114030838012695
3.047886848449707
3.194808006286621
3.0629429817199707
3.18166184425354
2.997695207595825
3.0821280479431152
3.1179425716400146
2.9019157886505127
3.0334174633026123
3.063509702682495
3.1098031997680664
3.145203113555908
3.196146249771118
3.2045443058013916
2.7635040283203125
3.3289670944213867
3.2055881023406982
3.1712496280670166
3.3106093406677246
3.440589666366577
3.323418140411377
3.190875768661499
2.9958698749542236
3.1777923107147217
3.115265130996704
3.1328773498535156
3.0456483364105225
3.5710387229919434
2.8423736095428467
3.5963706970214844
3.033043146133423
3.3597004413604736
2.833329916000366
3.0729293823242188
2.674912214279175
3.1607913970947266
3.0051612854003906
3.418148994445801
2.9599461555480957
2.843052387237549
3.2099995613098145
3.0180702209472656
3.009049892425537
2.9596807956695557
2.880150556564331
3.0947799682617188
3.352757453918457
3.0216262340545654
2.9473586082458496
3.0224368572235107
2.937251329421997
2.642444133758545
2.9233622550964355
3.329132080078125
3.297569513320923
3.0405514240264893
3.0814969539642334
2.8371331691741943
3.2616989612579346
3.1130709648132324
2.6906962394714355
3.042349338531494
3.168670654296875
2.831955671310425
2.8931939601898193
2.980266571044922
3.066420316696167
3.0880818367004395
3.0642688274383545
3.123351812362671
2.822514295578003
3.1533713340759277
2.651087522506714
2.902475357055664
2.992135524749756
3.071016550064087
3.2444381713867188
3.1360960006713867
3.445387363433838
3.1299479007720947
2.693390130996704
3.2601664066314697
2.7832634449005127
3.222902536392212
3.2928707599639893
3.1907382011413574
2.7753746509552
3.19288969039917
2.848914384841919
3.316588878631592
3.2772817611694336
3.2376205921173096
3.1030161380767822
2.8777449131011963
3.0986146926879883
3.0191593170166016
3.006566047668457
2.961068868637085
3.1115434169769287
2.940436363220215
3.155852794647217
2.8872933387756348
3.0722830295562744
2.93615460395813
3.083393096923828
2.6722776889801025
2.9085302352905273
3.0098321437835693
3.186753511428833
3.1727213859558105
3.126798391342163
2.6939682960510254
2.582397699356079
3.093573570251465
3.0019354820251465
3.0899569988250732
3.0204222202301025
3.0154106616973877
3.286768674850464
2.8675143718719482
2.967433452606201
2.818174362182617
2.5828399658203125
3.0661346912384033
2.9471216201782227
2.8278732299804688
2.7860493659973145
2.7823073863983154
3.0209434032440186
3.3055293560028076
2.8889009952545166
2.710848331451416
2.975559949874878
2.8918018341064453
3.1955060958862305
2.94331693649292
2.9852757453918457
2.865767478942871
3.1531009674072266
3.541433334350586
3.1963460445404053
2.999755620956421
2.919146776199341
3.3108980655670166
3.137138605117798
2.939286947250366
3.1260602474212646
3.0279834270477295
2.693796396255493
3.007765054702759
3.0584113597869873
2.8616225719451904
3.1900081634521484
3.0245847702026367
2.7796823978424072
3.2636849880218506
2.867037296295166
2.7153868675231934
2.8307719230651855
3.0985207557678223
3.053567886352539
2.8935983180999756
3.044952154159546
3.108607530593872
2.84439754486084
3.0351884365081787
3.077296495437622
2.6252148151397705
2.9924404621124268
3.0276236534118652
3.0077364444732666
3.126896381378174
2.7912230491638184
2.9460854530334473
3.0995898246765137
3.0759057998657227
2.9012839794158936
2.957369804382324
2.9176828861236572
2.944183826446533
3.1779398918151855
2.935563087463379
2.841681718826294
2.8823740482330322
2.8909225463867188
3.0400314331054688
3.034240484237671
3.2850239276885986
2.9667727947235107
2.888641595840454
3.161301374435425
2.992217779159546
2.8664376735687256
2.9014999866485596
2.739739418029785
2.914010524749756
2.5194013118743896
3.1199469566345215
2.913034677505493
3.043170213699341
2.954514265060425
2.7853951454162598
2.6673481464385986
2.8626410961151123
2.742387056350708
2.9744417667388916
3.2220256328582764
2.833550453186035
3.0571484565734863
2.969581365585327
2.8298239707946777
2.7734787464141846
2.6834285259246826
3.224858283996582
2.9982423782348633
2.7384634017944336
3.0822536945343018
2.970958948135376
3.183333396911621
2.6847825050354004
2.8994040489196777
2.8315460681915283
2.9340434074401855
2.6764819622039795
2.944328784942627
2.938153028488159
2.707551956176758
2.8536977767944336
3.1123666763305664
2.788591146469116
2.909101724624634
3.113276481628418
2.8040149211883545
2.776934862136841
3.2351038455963135
2.8126471042633057
3.208122730255127
2.8781135082244873
3.078242063522339
2.8688368797302246
3.310859441757202
2.9216530323028564
2.750162124633789
2.8638195991516113
2.8740556240081787
2.9466872215270996
2.808046817779541
2.600956916809082
2.895401954650879
3.1555564403533936
2.889065980911255
2.4927544593811035
2.6622867584228516
2.612799882888794
2.895235300064087
2.777719020843506
2.7526307106018066
2.5346243381500244
2.6034677028656006
2.709169864654541
2.904275894165039
3.027756452560425
3.350790023803711
2.7468392848968506
2.6636369228363037
2.7926106452941895
2.9186902046203613
2.494605302810669
3.1104888916015625
2.6264781951904297
2.8699679374694824
2.5126588344573975
2.824108600616455
3.040961503982544
2.7621147632598877
2.6219089031219482
3.091595411300659
2.5936474800109863
2.8535349369049072
2.7497761249542236
3.079442262649536
2.8789730072021484
2.8220014572143555
2.775266408920288
2.9620792865753174
3.082484245300293
2.6911332607269287
2.6279940605163574
2.6086020469665527
3.145326852798462
2.989518404006958
2.8817012310028076
2.7920355796813965
2.741433620452881
2.780059337615967
2.771327257156372
2.6570725440979004
2.649005889892578
2.5796282291412354
2.8673834800720215
3.0418410301208496
2.93949294090271
2.8899855613708496
2.785207509994507
2.578244209289551
2.652099609375
3.1305840015411377
2.581247568130493
2.54585337638855
2.829925298690796
2.7466881275177
2.7247226238250732
3.0873889923095703
2.793144464492798
2.5224337577819824
2.6297264099121094
3.083840847015381
2.874218702316284
2.5818355083465576
2.8323311805725098
2.982593536376953
2.5813894271850586
2.4317805767059326
2.7846953868865967
2.8583173751831055
2.5422863960266113
2.8582472801208496
2.6741151809692383
2.862684965133667
2.784231424331665
2.5337536334991455
2.843229055404663
2.8188517093658447
2.547988176345825
2.7228846549987793
2.666353940963745
2.684990406036377
2.7646396160125732
3.047304391860962
2.665771484375
2.74468994140625
2.437509298324585
2.694888114929199
2.8354198932647705
2.997342109680176
2.892531633377075
3.028977870941162
2.9395651817321777
2.43068265914917
3.1654231548309326
2.793694496154785
2.7889318466186523
2.6390841007232666
2.826073169708252
2.7788922786712646
2.710188865661621
2.659541368484497
2.6136820316314697
3.304872989654541
2.9551169872283936
2.753420352935791
2.587411403656006
2.9098763465881348
2.6527721881866455
2.967930793762207
2.7566163539886475
2.6052334308624268
3.069817066192627
2.6388792991638184
2.5066421031951904
2.908951997756958
2.683382272720337
2.5214600563049316
2.828488349914551
2.958843946456909
2.5721797943115234
2.706979751586914
2.9900331497192383
2.408571243286133
2.8051702976226807
2.4412167072296143
2.5797603130340576
2.7959141731262207
2.932525873184204
2.8973679542541504
2.459284543991089
2.6400482654571533
2.5591659545898438
2.6669435501098633
2.916212797164917
2.6046338081359863
2.68650484085083
2.6931231021881104
2.536782741546631
3.2148799896240234
3.14792537689209
2.643340826034546
2.823026657104492
2.891711950302124
2.4632174968719482
2.492417812347412
2.7867703437805176
2.3869690895080566
2.4784419536590576
2.5335280895233154
2.9716994762420654
2.794743061065674
2.769838333129883
2.7694435119628906
2.941250801086426
2.889465093612671
2.6175954341888428
2.8818016052246094
2.775588035583496
2.6711325645446777
2.7447123527526855
2.7104406356811523
2.7932796478271484
2.5773518085479736
2.70307993888855
2.7043542861938477
2.84179949760437
3.03737735748291
2.603851318359375
2.5108795166015625
2.796469211578369
2.6067214012145996
2.9286186695098877
2.4739866256713867
2.6489007472991943
2.5084359645843506
2.833965539932251
2.392089366912842
2.911372423171997
2.4878642559051514
2.8105716705322266
2.5414884090423584
2.7995269298553467
3.031724691390991
2.931818723678589
2.4968488216400146
2.6333701610565186
2.6998345851898193
2.5884697437286377
2.9093077182769775
2.8486175537109375
2.8072962760925293
2.730015516281128
2.846001625061035
2.7232229709625244
2.9606449604034424
2.2794063091278076
2.278489828109741
2.7405200004577637
2.604163646697998
2.8007092475891113
2.6605188846588135
2.605081796646118
2.5536561012268066
2.469341516494751
2.8112261295318604
2.804717779159546
2.2548129558563232
2.5755839347839355
2.7242605686187744
2.5757477283477783
2.4771175384521484
2.5707767009735107
2.600135326385498
2.7890405654907227
2.6440162658691406
2.6638479232788086
2.2307984828948975
2.5940985679626465
2.6238629817962646
2.415693759918213
2.5322506427764893
2.690030813217163
2.4987969398498535
2.4503352642059326
2.5303525924682617
2.456169843673706
2.639216661453247
2.6986958980560303
2.6432735919952393
2.5145480632781982
2.7152113914489746
2.229128837585449
2.386171579360962
2.5955264568328857
2.706517457962036
2.4958107471466064
2.8453915119171143
2.680337429046631
2.5138354301452637
2.510932683944702
2.661832332611084
3.022900342941284
2.4945614337921143
2.6092090606689453
2.5938913822174072
2.5815107822418213
2.8797261714935303
2.9241347312927246
2.820946455001831
2.6081855297088623
2.4496989250183105
2.6081395149230957
2.6561126708984375
2.112889051437378
2.463928461074829
2.6135523319244385
2.7380590438842773
2.4517335891723633
2.6627447605133057
2.4776737689971924
2.341277599334717
2.5925235748291016
2.901132583618164
2.6574316024780273
2.607358932495117
2.422701120376587
2.498159408569336
2.351154327392578
2.960155963897705
2.7889275550842285
2.3494694232940674
2.493412733078003
1.8582494258880615
2.7540581226348877
2.6531147956848145
2.6295695304870605
2.8234784603118896
2.5407590866088867
2.715991497039795
2.8525969982147217
2.7363853454589844
2.3496155738830566
2.531858444213867
2.470059633255005
2.6015024185180664
2.3932089805603027
2.522632598876953
2.492933988571167
2.527204990386963
2.710331439971924
2.293292760848999
2.227839231491089
2.303528308868408
2.8823020458221436
2.4028351306915283
2.652747631072998
2.7203218936920166
2.6537468433380127
2.903026819229126
2.433218479156494
2.0722098350524902
2.3750433921813965
2.64577054977417
2.285651445388794
2.4552063941955566
2.599531650543213
3.3014190196990967
2.7914888858795166
2.671912908554077
2.3660144805908203
2.7478644847869873
2.6368699073791504
2.616905689239502
2.3671224117279053
2.755744218826294
2.8223063945770264
2.430813789367676
2.4000120162963867
2.5961217880249023
2.4769113063812256
2.5060389041900635
2.663951873779297
2.581310510635376
2.29260516166687
2.459414005279541
2.629586696624756
2.5240299701690674
2.5658745765686035
2.303516387939453
2.655402898788452
2.4966681003570557
2.759434700012207
2.4834859371185303
2.6041197776794434
3.006373167037964
2.4294795989990234
2.2738404273986816
2.550034761428833
2.3082873821258545
2.2828762531280518
2.745976209640503
2.863276243209839
2.6321403980255127
2.7431328296661377
2.8054542541503906
2.3035390377044678
2.6245553493499756
2.5801966190338135
2.4674813747406006
2.6236424446105957
2.6985650062561035
2.2352547645568848
2.7465076446533203
2.574098587036133
2.797043561935425
2.5175044536590576
2.417692184448242
2.7872698307037354
2.4379892349243164
1.9388371706008911
2.674021005630493
2.6865293979644775
2.6389524936676025
2.508150577545166
2.6647825241088867
2.6056923866271973
2.306086778640747
2.229337215423584
3.03606915473938
2.518759250640869
2.4108645915985107
2.398174524307251
2.987236261367798
2.2852213382720947
2.3566641807556152
2.464888334274292
2.6139748096466064
2.698949098587036
2.534618854522705
2.489243984222412
2.2220544815063477
2.8027069568634033
2.430697202682495
2.422055959701538
2.3881356716156006
2.732046365737915
2.2762482166290283
2.6193974018096924
2.078857421875
2.6507978439331055
2.433966636657715
2.3841755390167236
2.769965887069702
2.1955976486206055
2.648634195327759
2.432403326034546
2.5522618293762207
2.4743285179138184
2.46610164642334
2.344238042831421
2.44035005569458
2.5060932636260986
3.1095187664031982
2.2159643173217773
2.175523519515991
2.5888047218322754
2.888174295425415
2.4175684452056885
2.0810964107513428
2.622133493423462
2.6916744709014893
2.4540088176727295
2.1865077018737793
2.4712600708007812
2.294647693634033
2.4214537143707275
2.590193748474121
1.9006929397583008
2.3130218982696533
2.6903293132781982
2.298213005065918
2.6041359901428223
2.1247849464416504
2.579925537109375
2.6998465061187744
2.546504497528076
2.5716071128845215
2.5585992336273193
2.4697751998901367
2.5520846843719482
2.365112543106079
2.3063430786132812
2.386397123336792
2.2525634765625
2.4576785564422607
2.216742992401123
2.399353504180908
2.814703941345215
2.476292371749878
2.302250862121582
2.579406976699829
2.265789270401001
2.5864882469177246
2.5984010696411133
2.4163498878479004
2.4443702697753906
2.444561243057251
2.633335590362549
2.557011604309082
2.3781919479370117
2.179954767227173
2.5546228885650635
2.692286252975464
2.9424734115600586
2.2259984016418457
2.6800501346588135
2.017141580581665
2.71547532081604
2.558807373046875
2.271542549133301
2.297645330429077
2.467121124267578
2.3814287185668945
2.580195903778076
2.4495980739593506
2.5997445583343506
2.4927501678466797
2.532977342605591
2.5045359134674072
2.1482999324798584
2.4274168014526367
2.0428271293640137
2.039799451828003
2.734996795654297
2.2924513816833496
2.681035041809082
2.7909061908721924
2.365483283996582
2.157083034515381
2.3191895484924316
2.031076431274414
2.2797048091888428
2.3419272899627686
2.5423038005828857
3.1484386920928955
2.196221113204956
2.288733959197998
2.2615318298339844
2.2710957527160645
2.315093755722046
2.0220162868499756
2.163478136062622
2.304035186767578
2.2714896202087402
2.54267954826355
2.3950817584991455
2.4299354553222656
2.373756170272827
2.5371713638305664
2.3966903686523438
2.70582914352417
2.5431771278381348
2.1972787380218506
2.3956518173217773
2.6989524364471436
2.354315757751465
2.3524668216705322
2.4283528327941895
2.561495065689087
2.5497994422912598
2.278157949447632
2.433258533477783
2.518702268600464
2.3013460636138916
2.2364323139190674
2.328268051147461
2.2485485076904297
2.309391498565674
2.2591311931610107
2.370882987976074
2.421700954437256
2.4149067401885986
2.085381269454956
2.4325010776519775
2.3332929611206055
2.257685661315918
2.837698221206665
2.1757259368896484
2.1930439472198486
2.340693473815918
2.4720051288604736
2.346223831176758
2.5285274982452393
2.201216697692871
2.5014355182647705
2.384904146194458
2.53613543510437
2.757106065750122
2.16528058052063
2.2394888401031494
2.0300724506378174
2.3407180309295654
2.3048336505889893
2.5034890174865723
2.082689046859741
2.577831745147705
2.4053661823272705
2.5051896572113037
2.3577089309692383
2.0948657989501953
2.0544114112854004
2.3308300971984863
2.367928981781006
1.9884943962097168
2.429713249206543
2.216003656387329
2.4767394065856934
2.10713267326355
2.322294235229492
2.4330809116363525
2.0234551429748535
2.0702390670776367
2.0993857383728027
2.3570642471313477
2.276569128036499
2.233271837234497
2.5750820636749268
2.1565921306610107
2.4414591789245605
2.1421945095062256
2.081552028656006
2.5373878479003906
2.782729148864746
2.3994452953338623
2.235954999923706
2.499169111251831
2.2148094177246094
2.618713140487671
2.042604684829712
2.2252817153930664
2.3853533267974854
2.419288396835327
2.107945680618286
2.520714282989502
2.312051296234131
1.7774561643600464
2.017380714416504
2.376037120819092
2.399684190750122
2.1129181385040283
2.174936294555664
2.061171054840088
2.6267552375793457
1.8977091312408447
1.8982702493667603
2.3946380615234375
2.298462390899658
2.538362979888916
2.40917706489563
2.2092127799987793
2.1193387508392334
2.4287378787994385
2.1538712978363037
2.063326597213745
2.3101413249969482
2.299018621444702
2.275907278060913
2.5570762157440186
2.060598134994507
2.363502025604248
2.2673304080963135
2.289576768875122
2.503272771835327
1.8294073343276978
2.0725035667419434
2.2737035751342773
2.047567129135132
2.1829440593719482
2.578104257583618
2.351846218109131
2.389537811279297
2.3349881172180176
2.252331495285034
2.377328634262085
1.904111385345459
2.104384183883667
2.2763636112213135
2.4476802349090576
2.503551483154297
2.3633036613464355
2.4618332386016846
2.4652841091156006
2.5266873836517334
2.422421932220459
2.0034470558166504
2.0766522884368896
2.509620189666748
2.4953460693359375
1.9610685110092163
2.312472105026245
2.11844801902771
2.156278133392334
2.1525886058807373
2.2107369899749756
2.1762049198150635
2.228867292404175
2.50671124458313
1.851668119430542
2.203364610671997
2.136488437652588
2.1535887718200684
2.1805989742279053
2.447580099105835
2.2008442878723145
2.0886223316192627
2.1956770420074463
2.168375253677368
2.2648208141326904
2.1981186866760254
2.1171915531158447
2.3132855892181396
1.9284014701843262
2.212787389755249
2.719571828842163
2.1853320598602295
2.220060110092163
2.129930019378662
2.4457814693450928
1.9554814100265503
1.9632717370986938
2.268799304962158
2.070065498352051
2.0629820823669434
2.0957577228546143
2.236375093460083
2.3293237686157227
1.9326303005218506
2.549923896789551
2.1404831409454346
2.5084946155548096
2.123875379562378
2.1652297973632812
2.347691059112549
2.0810582637786865
2.441944122314453
1.899646520614624
2.5357658863067627
1.9961334466934204
2.231937885284424
2.247530460357666
2.118756055831909
2.588773012161255
2.1520638465881348
1.9795324802398682
2.2303824424743652
2.1259758472442627
2.2921323776245117
1.6688610315322876
1.7907953262329102
2.3359899520874023
1.9924343824386597
1.9097493886947632
2.4850637912750244
1.9694795608520508
2.3938097953796387
1.9806478023529053
2.136110544204712
2.687187910079956
2.1439871788024902
2.012580394744873
2.069267511367798
2.089217185974121
1.9711036682128906
1.9128260612487793
1.8300518989562988
2.267035484313965
2.280093193054199
2.2501938343048096
2.201601982116699
2.1093590259552
2.2642159461975098
1.9739909172058105
2.8663229942321777
2.2503433227539062
2.0068233013153076
1.9258813858032227
2.226167917251587
2.004197359085083
2.0136613845825195
2.2984941005706787
2.2611188888549805
2.5490336418151855
1.8401740789413452
2.360337734222412
2.179417371749878
2.030646800994873
2.167475461959839
2.155667543411255
1.9071546792984009
2.092428207397461
2.145658493041992
2.4150705337524414
2.042208671569824
2.211060047149658
2.005448818206787
2.3438165187835693
2.5310585498809814
2.2429022789001465
2.1709489822387695
2.174229145050049
2.1956169605255127
2.0612680912017822
2.134850025177002
2.0261247158050537
2.4878792762756348
2.2862117290496826
2.4444642066955566
2.108537197113037
2.2336363792419434
2.020800828933716
1.9840139150619507
2.332683563232422
1.961069107055664
2.285914659500122
2.1704204082489014
2.1355693340301514
1.8440232276916504
2.088968276977539
2.111091136932373
2.3195338249206543
2.2993993759155273
1.9051358699798584
2.096088409423828
2.1775217056274414
2.166229486465454
1.999089002609253
2.256289005279541
2.1472151279449463
2.397303819656372
2.145411968231201
1.9951578378677368
2.270847797393799
2.17439603805542
2.439250946044922
2.0144705772399902
2.1040093898773193
1.9668400287628174
2.564187526702881
2.203723192214966
1.8702524900436401
2.14023494720459
2.067997694015503
1.9188719987869263
2.454517126083374
1.7478450536727905
2.0595836639404297
2.0691847801208496
2.08332896232605
1.7723428010940552
2.155346632003784
2.2003417015075684
2.0045714378356934
2.0696775913238525
2.13684344291687
1.9329107999801636
2.191323757171631
2.384864568710327
2.270646572113037
2.0578012466430664
2.0749754905700684
2.1201558113098145
2.673274040222168
2.0148816108703613
2.043877124786377
1.8919661045074463
1.9570600986480713
2.181882858276367
2.0222198963165283
1.8249428272247314
2.1062843799591064
2.1546714305877686
2.021240234375
1.9550374746322632
1.7615679502487183
2.1000821590423584
2.7184484004974365
2.0389254093170166
2.030351161956787
1.8442388772964478
2.107959032058716
2.2025043964385986
1.8321553468704224
2.256072759628296
2.0735065937042236
2.1442008018493652
1.8487255573272705
1.9993423223495483
2.1252520084381104
1.7276185750961304
1.827993392944336
2.056217908859253
2.448030710220337
1.8316371440887451
1.908917784690857
1.9708082675933838
2.279855251312256
1.7822206020355225
2.160513401031494
2.1339035034179688
2.147085666656494
2.131535530090332
2.21030855178833
1.9357765913009644
1.8544327020645142
1.7748839855194092
1.694907546043396
1.8611665964126587
2.1514968872070312
2.2822320461273193
2.3945980072021484
1.9536582231521606
2.1888084411621094
2.4683403968811035
1.9763506650924683
2.0209033489227295
2.0440468788146973
2.2429702281951904
1.9336885213851929
2.0719797611236572
2.3664989471435547
1.7886695861816406
2.2506539821624756
1.8140020370483398
1.7231371402740479
2.112687587738037
1.7563602924346924
1.5564509630203247
2.0170648097991943
1.8800256252288818
1.7560343742370605
1.8570551872253418
2.012300491333008
2.2008509635925293
1.9910452365875244
2.273698091506958
2.2927944660186768
2.386383056640625
2.2241296768188477
2.157524824142456
2.0261566638946533
2.2556495666503906
1.944743275642395
2.356025457382202
2.1834750175476074
1.7425521612167358
1.8680834770202637
2.3665971755981445
2.0634710788726807
2.0914833545684814
2.3160929679870605
1.8767269849777222
2.273098945617676
1.992903709411621
2.1003975868225098
2.16745662689209
2.0000972747802734
1.7762647867202759
1.756179928779602
2.6321043968200684
2.2750508785247803
1.8031736612319946
2.3726553916931152
2.313774824142456
2.1769185066223145
2.2475314140319824
1.819535255432129
1.9078686237335205
2.1664576530456543
2.0559396743774414
2.133127212524414
1.8985143899917603
1.9735045433044434
1.9454293251037598
1.8590680360794067
2.392987012863159
1.998977541923523
1.9183831214904785
1.736872673034668
1.89546537399292
1.9210305213928223
1.9400769472122192
1.8614139556884766
1.8546286821365356
1.9851034879684448
2.087021589279175
1.834168553352356
2.119313955307007
1.7906931638717651
2.2666497230529785
2.0278215408325195
1.9803402423858643
1.9606629610061646
2.503894329071045
2.4532558917999268
2.2280614376068115
1.8227381706237793
1.9675334692001343
2.370807647705078
1.7715760469436646
2.310802459716797
2.1210124492645264
1.8729608058929443
1.7894563674926758
1.772882103919983
1.7975407838821411
1.8028934001922607
2.0784852504730225
1.9290274381637573
2.2555458545684814
1.8301599025726318
1.5668734312057495
2.176229953765869
1.732695460319519
2.0335569381713867
2.253843069076538
1.8848412036895752
2.0417368412017822
2.1381187438964844
1.6143425703048706
2.1258597373962402
2.089276075363159
2.278463840484619
2.331650733947754
1.8401389122009277
2.132817029953003
1.9404921531677246
2.099348545074463
1.947091817855835
1.8533499240875244
2.4719624519348145
1.6455165147781372
2.0496912002563477
1.8564592599868774
2.2143774032592773
2.0925045013427734
2.3424265384674072
1.8144381046295166
2.252747058868408
1.95559561252594
2.2966673374176025
2.0094637870788574
2.3606371879577637
2.186976671218872
1.688439130783081
2.307267904281616
1.6297444105148315
1.9500517845153809
2.1061525344848633
2.2351677417755127
1.8161085844039917
2.0201635360717773
1.9892996549606323
1.6326700448989868
2.3944180011749268
1.7716529369354248
2.1183993816375732
1.8735768795013428
1.7794992923736572
2.171189546585083
1.5336600542068481
2.1188149452209473
1.7580463886260986
2.110560894012451
1.669015645980835
1.6165815591812134
1.5822396278381348
1.4873485565185547
1.7121303081512451
1.9050828218460083
2.46406888961792
2.445841073989868
1.9644653797149658
1.614258050918579
1.841087818145752
1.6387224197387695
1.6782081127166748
2.1569724082946777
1.7566063404083252
1.731834888458252
1.9195400476455688
1.9172947406768799
1.681429147720337
1.9845225811004639
1.9469294548034668
1.770011305809021
1.965920090675354
2.4158997535705566
1.9952749013900757
2.0472919940948486
1.9654152393341064
2.005732774734497
1.8482270240783691
1.5326082706451416
2.300171136856079
1.8462421894073486
1.6499406099319458
1.9365639686584473
1.7645169496536255
1.8093507289886475
1.7025223970413208
1.8830673694610596
1.8042283058166504
1.5509209632873535
1.604994773864746
1.7944928407669067
2.003323793411255
1.873380184173584
1.6341893672943115
1.6270571947097778
2.2692513465881348
1.628517985343933
2.016141414642334
2.1547861099243164
1.8259551525115967
1.6258724927902222
1.7471916675567627
2.0122411251068115
2.152740240097046
1.5574021339416504
2.205265760421753
