218.75236558914185
218.62143230438232
218.46702408790588
218.5003845691681
218.64508509635925
218.60091066360474
218.62289953231812
218.51784324645996
218.67161536216736
218.35777306556702
218.7309410572052
218.45574116706848
218.62241125106812
218.42070293426514
218.77382516860962
218.41184329986572
218.70306277275085
218.46512532234192
218.70514702796936
218.55219221115112
244.3966372013092
234.32729840278625
218.71733403205872
218.47939777374268
218.54897952079773
218.5380072593689
218.69038820266724
218.57186841964722
218.59223127365112
218.53139901161194
218.49550247192383
218.59865283966064
218.46244835853577
218.66399717330933
218.44641375541687
218.74386167526245
218.3801212310791
218.8000886440277
218.4046037197113
218.70975518226624
218.41029953956604
218.6089653968811
218.45026111602783
218.61243104934692
218.48496627807617
218.53781390190125
218.50260281562805
218.58996510505676
218.48599004745483
218.5989110469818
218.68302011489868
218.5253005027771
218.66371321678162
218.47036981582642
218.6937301158905
218.4866485595703
218.66431951522827
218.60260248184204
218.78357696533203
218.4253373146057
218.63262486457825
218.41567277908325
218.64137387275696
218.39898228645325
218.70101189613342
218.47727870941162
218.64748549461365
218.51081705093384
218.58201241493225
218.60954213142395
218.51133251190186
218.6582155227661
218.52040553092957
218.5952491760254
218.4334123134613
218.6795618534088
218.4122064113617
218.60608220100403
218.3171911239624
218.64205288887024
218.3017599582672
218.6791832447052
218.3631296157837
218.55949211120605
218.47009873390198
218.58921074867249
218.5610122680664
218.4451825618744
218.5908761024475
218.51485753059387
218.5690655708313
218.64088010787964
218.66120791435242
218.48514771461487
218.5662751197815
218.43284463882446
218.62608647346497
218.4634244441986
218.70858502388
218.45063161849976
218.68133544921875
218.490398645401
218.73446345329285
218.34216499328613
218.59787034988403
218.49446940422058
218.54129791259766
218.4535903930664
218.63230729103088
218.478905916214
218.52424359321594
218.51038026809692
218.4354703426361
218.61786556243896
218.44707775115967
218.70148587226868
218.47953510284424
218.63857650756836
218.43999552726746
218.89792466163635
219.40614247322083
220.56397032737732
218.5651249885559
218.69110679626465
218.52066016197205
218.65736842155457
218.4501965045929
218.77367877960205
218.46573662757874
218.57528448104858
218.60668635368347
218.59500241279602
218.6090247631073
218.58068704605103
218.59095907211304
218.50791025161743
218.662211894989
218.67777013778687
218.57207489013672
218.4119894504547
218.6300356388092
218.5162365436554
218.66323804855347
218.42206954956055
218.73091292381287
218.3771448135376
218.66936802864075
218.45038557052612
218.58503317832947
218.3673231601715
218.46025252342224
218.54503297805786
218.9797661304474
219.26979613304138
218.50210762023926
218.5150270462036
218.51621985435486
218.5939393043518
218.48998975753784
218.6864230632782
218.52687430381775
218.78560280799866
218.37329053878784
218.80829071998596
218.39699792861938
218.74060010910034
218.4239547252655
218.66212368011475
218.39535284042358
218.64485025405884
218.45754480361938
218.6531388759613
218.54525685310364
218.665842294693
218.58175802230835
218.58419132232666
218.71739411354065
255.13855957984924
264.98467803001404
264.0235323905945
265.88729310035706
263.3014271259308
266.61815881729126
263.70451045036316
264.96281123161316
266.6806797981262
263.0355317592621
248.91759705543518
256.54922103881836
252.67413973808289
223.30829906463623
218.59250664710999
218.57738590240479
218.5789771080017
218.77664995193481
218.43170356750488
218.67866683006287
218.43100214004517
218.7647294998169
218.469172000885
218.70257472991943
218.50816226005554
218.7833592891693
218.44918179512024
218.68801188468933
218.49743723869324
218.66706609725952
218.55228424072266
218.64554023742676
218.53154611587524
218.66514039039612
218.60658431053162
218.55375838279724
218.58934831619263
218.54642486572266
218.6536250114441
218.4417109489441
218.75151419639587
218.45252537727356
218.70895433425903
218.46548438072205
218.91630792617798
218.45159101486206
218.71771383285522
218.4663519859314
218.67484211921692
218.46909737586975
218.7393753528595
218.79762625694275
218.64410972595215
218.64705777168274
218.71946001052856
218.51794910430908
218.61525297164917
218.6409764289856
218.5337429046631
218.68588733673096
218.45964288711548
218.73252487182617
218.48906087875366
218.79213047027588
218.44816303253174
218.66961860656738
218.47183537483215
218.92862629890442
218.49629974365234
218.72295022010803
218.48179721832275
218.5842044353485
218.53995060920715
218.55911564826965
218.50074076652527
218.52709531784058
219.09059500694275
218.56221199035645
218.77509808540344
218.59413361549377
218.70598769187927
218.44333791732788
218.67101335525513
218.4828269481659
218.79782724380493
218.51741766929626
218.78206992149353
218.37103295326233
218.69789171218872
218.44151949882507
218.7029333114624
218.5073344707489
218.69365739822388
218.43087768554688
218.60476541519165
218.66208934783936
218.53037524223328
218.58451223373413
218.64960098266602
218.76344752311707
218.87194657325745
218.8570098876953
218.49060773849487
218.6232922077179
218.5500156879425
218.76707863807678
218.40284037590027
218.8341863155365
218.44486451148987
218.7479407787323
218.46818566322327
218.6734528541565
218.47167420387268
218.50485014915466
218.59283328056335
218.66613221168518
218.57113933563232
218.61541509628296
218.53571915626526
218.56381678581238
218.71130895614624
218.47722697257996
218.82225251197815
