4.605147838592529
4.635858058929443
4.537688255310059
4.5070719718933105
4.499295711517334
4.430077075958252
4.46560001373291
4.538880825042725
4.47640323638916
4.539755821228027
4.526149272918701
4.546777725219727
4.47743558883667
4.371402263641357
4.42494010925293
4.486551284790039
4.406609058380127
4.410441875457764
4.475943565368652
4.350810527801514
4.3758039474487305
4.4222822189331055
4.456329345703125
4.532740592956543
4.38876485824585
4.365228652954102
4.496987819671631
4.418954849243164
4.392238616943359
4.372722148895264
4.253162860870361
4.316443920135498
4.434136390686035
4.37843656539917
4.449057102203369
4.36123514175415
4.253242492675781
4.3770833015441895
4.40849494934082
4.305179595947266
4.396115303039551
4.340365886688232
4.275625705718994
4.211360454559326
4.235917568206787
4.341660022735596
4.394865989685059
4.13751220703125
4.375118255615234
4.228963851928711
4.207752227783203
4.231977939605713
4.265414714813232
4.304269313812256
4.0308918952941895
4.129470348358154
4.153604507446289
4.229779243469238
4.272411346435547
4.290799140930176
4.149518966674805
4.086061000823975
4.217216968536377
3.9850525856018066
4.167905330657959
4.202270030975342
4.34091854095459
4.2335052490234375
4.2247467041015625
4.20707893371582
4.117274284362793
4.12911319732666
4.109332084655762
4.149994373321533
4.010993003845215
3.903790235519409
4.09177303314209
4.167131423950195
4.022485256195068
4.212981700897217
4.096254825592041
4.219637870788574
4.130712509155273
4.028586387634277
4.129085063934326
4.075710773468018
4.246362209320068
4.148466110229492
4.1889214515686035
4.155972480773926
4.052196502685547
3.9678807258605957
4.1100687980651855
4.167038440704346
4.080387592315674
4.101591110229492
4.059878349304199
4.14774751663208
3.9541804790496826
4.009110450744629
4.014823913574219
3.9993972778320312
4.047481060028076
3.9612221717834473
4.079856872558594
4.028950214385986
4.336643695831299
4.212939262390137
4.0188727378845215
3.9857394695281982
4.160686016082764
3.90690541267395
3.970315456390381
4.030290603637695
4.135377883911133
4.046095371246338
4.0081939697265625
3.9549403190612793
3.7661561965942383
4.112407207489014
4.289992809295654
4.0273613929748535
4.040290355682373
4.023715972900391
4.135426044464111
4.133309841156006
4.119207859039307
4.037258625030518
3.8865461349487305
3.909909725189209
4.04956579208374
3.9696567058563232
3.9652762413024902
3.897327184677124
3.732503890991211
3.967519998550415
3.8743581771850586
3.8767597675323486
3.9263157844543457
3.7023372650146484
3.931159019470215
3.9891319274902344
3.8831076622009277
3.638245105743408
3.8476812839508057
3.839898109436035
3.760850191116333
3.6747326850891113
3.8425393104553223
3.8751747608184814
4.107439041137695
3.9969897270202637
3.982151985168457
3.8204078674316406
4.01188850402832
3.8181443214416504
4.087912082672119
3.7394766807556152
4.02553653717041
3.8053836822509766
3.8888936042785645
3.7497847080230713
4.062616348266602
3.6637299060821533
3.583569288253784
3.947610855102539
3.8366377353668213
3.6843488216400146
3.7074286937713623
3.873959541320801
3.7451906204223633
3.8096518516540527
3.8315205574035645
3.87184476852417
4.092037200927734
3.7317395210266113
3.8010709285736084
3.793062210083008
3.9074857234954834
3.717690944671631
3.6609420776367188
3.777294635772705
3.760782241821289
3.6706128120422363
3.97615647315979
3.4171700477600098
3.5961878299713135
3.9453623294830322
3.72849440574646
3.8976659774780273
3.6355223655700684
3.795064926147461
3.736257791519165
3.779249668121338
3.660470485687256
3.61700177192688
3.9192352294921875
3.528362512588501
3.578807830810547
3.806905746459961
3.7749874591827393
3.468137264251709
3.657118082046509
3.685981035232544
3.908396005630493
3.672222137451172
3.851127862930298
3.7986016273498535
3.428650379180908
3.5813848972320557
3.775972843170166
3.704883098602295
3.7342519760131836
3.6475095748901367
3.6177332401275635
3.5647270679473877
3.6672544479370117
3.716869592666626
3.7002758979797363
3.6891894340515137
3.7655205726623535
3.84455943107605
3.697877883911133
3.432832717895508
3.5432417392730713
3.6608259677886963
3.461552619934082
3.6072912216186523
3.5839920043945312
3.5420849323272705
3.5436437129974365
3.371354579925537
3.728020191192627
3.1358020305633545
3.7742679119110107
3.7716593742370605
3.5260534286499023
3.381239175796509
3.420403003692627
3.8589346408843994
3.8622000217437744
3.457435131072998
3.7158684730529785
3.4115347862243652
3.8051035404205322
3.7928600311279297
3.761815309524536
3.2771315574645996
3.5772972106933594
3.4793877601623535
3.4989023208618164
3.625608205795288
3.2885336875915527
3.7301721572875977
3.5701794624328613
3.621393918991089
3.633056163787842
3.5079896450042725
3.62695050239563
3.37796688079834
3.5238101482391357
3.521188735961914
3.9088006019592285
3.607170820236206
3.530479669570923
3.4072933197021484
3.639577627182007
3.3086955547332764
3.545255184173584
3.567486524581909
3.1987111568450928
3.691378355026245
3.3195114135742188
3.38303279876709
3.479574680328369
3.59810209274292
3.4185614585876465
3.531038522720337
3.248237371444702
3.6333608627319336
3.4577693939208984
3.439790964126587
3.717139482498169
3.6864771842956543
3.625782012939453
3.6169216632843018
3.554378032684326
3.223473310470581
3.3464088439941406
3.387054681777954
3.3124678134918213
3.423381805419922
3.4031894207000732
3.4407169818878174
3.4772512912750244
3.7165684700012207
3.5558691024780273
3.524895429611206
3.5993919372558594
3.3772244453430176
3.126065969467163
3.3600656986236572
3.4283692836761475
3.3537344932556152
3.4124064445495605
3.397207498550415
3.3821330070495605
3.231252908706665
3.334825277328491
3.3676507472991943
3.5790305137634277
3.21907377243042
3.4410040378570557
3.436985969543457
3.11246395111084
3.5517425537109375
3.5240182876586914
3.2099382877349854
3.0818610191345215
3.1808290481567383
3.44964861869812
3.258680820465088
3.62062668800354
3.2556660175323486
3.135745048522949
3.058110237121582
2.945572853088379
3.412137985229492
3.5153822898864746
3.5227794647216797
3.2960338592529297
3.392591953277588
3.3464810848236084
3.8054769039154053
3.134654998779297
3.217298984527588
3.2829532623291016
3.4330461025238037
3.1285204887390137
3.4068238735198975
3.47115421295166
3.508965253829956
3.267415761947632
3.0520455837249756
3.041961908340454
2.958482265472412
3.2382731437683105
3.2826709747314453
3.149695873260498
3.121126413345337
3.3118607997894287
3.211848258972168
3.1721231937408447
3.160451650619507
3.3192012310028076
3.3314452171325684
3.107769012451172
2.949491262435913
3.2565670013427734
3.2758615016937256
3.7796404361724854
3.3503620624542236
3.5262961387634277
3.4600777626037598
3.5764102935791016
2.9439942836761475
3.54011607170105
3.0514075756073
3.005235433578491
3.5110347270965576
3.2514584064483643
3.1954598426818848
3.2304677963256836
2.963698625564575
3.1454241275787354
3.4212963581085205
3.1516356468200684
3.281273126602173
3.180501699447632
3.143388032913208
2.9179906845092773
3.074448823928833
3.2405102252960205
3.2887818813323975
3.1540164947509766
3.2337732315063477
2.937103033065796
2.973705768585205
3.0553138256073
3.2479186058044434
3.4156875610351562
3.070829391479492
3.485522747039795
2.87031888961792
3.2822582721710205
3.089852809906006
3.6572823524475098
3.3471827507019043
3.2266011238098145
3.173128843307495
3.1176373958587646
2.923109531402588
3.420856475830078
2.8418636322021484
3.432216167449951
3.2991833686828613
3.1625936031341553
3.479379653930664
3.123889684677124
3.315596580505371
3.5515940189361572
3.3421125411987305
2.9600484371185303
3.111612319946289
3.0543336868286133
3.2160754203796387
2.8738889694213867
3.092109441757202
3.768415927886963
3.0547428131103516
3.1293632984161377
2.8804709911346436
2.949134349822998
3.427544355392456
3.0831639766693115
3.035529136657715
2.9050304889678955
2.8880038261413574
3.003072738647461
2.992206335067749
3.4232656955718994
2.794872760772705
2.8118462562561035
3.1346945762634277
3.0616283416748047
3.0474586486816406
3.2366840839385986
2.961132287979126
3.191138982772827
2.9836084842681885
3.2577524185180664
3.298408031463623
3.1540040969848633
3.1443092823028564
2.6997861862182617
3.114090919494629
3.003290891647339
2.98593807220459
2.8465585708618164
2.8251352310180664
3.314464569091797
2.7829782962799072
3.389704465866089
3.075218439102173
3.1902403831481934
2.8099730014801025
2.8591744899749756
3.4408764839172363
3.1923329830169678
3.098708152770996
2.854491949081421
2.9958107471466064
3.0550875663757324
3.145467758178711
2.7884914875030518
2.9197981357574463
3.152693748474121
3.029383420944214
3.16019868850708
2.9820196628570557
2.9828925132751465
2.873551607131958
3.0579330921173096
2.8665807247161865
2.9739530086517334
2.746751546859741
2.6465375423431396
2.932713270187378
3.2315447330474854
2.8310885429382324
3.0267157554626465
3.108854055404663
2.844021797180176
2.9132742881774902
2.6995689868927
3.409576416015625
2.9043679237365723
3.135497570037842
2.8829050064086914
3.207153081893921
2.744292736053467
2.8913605213165283
2.832867383956909
2.9928722381591797
2.869368314743042
2.7817068099975586
2.612239122390747
2.6769275665283203
3.0105113983154297
3.1346445083618164
2.867002010345459
2.9880220890045166
2.838146209716797
2.692375421524048
2.606950044631958
2.908555507659912
2.591916561126709
3.1052966117858887
2.9545421600341797
2.7427356243133545
2.6892786026000977
2.6626574993133545
3.0863380432128906
2.983104944229126
2.9216201305389404
2.8646602630615234
2.777310371398926
2.9221692085266113
2.92503023147583
2.810971736907959
2.849724531173706
2.7519195079803467
2.8158066272735596
2.6787242889404297
3.1055328845977783
2.676219940185547
2.8563220500946045
2.671572208404541
3.2125046253204346
3.0946879386901855
2.6700360774993896
2.9046645164489746
2.915525436401367
2.8267486095428467
3.046919107437134
2.7230777740478516
2.825655460357666
2.762587070465088
2.9222912788391113
2.839918613433838
3.0649471282958984
2.79048228263855
3.216521739959717
2.802300453186035
2.7847061157226562
2.680264472961426
3.1407721042633057
2.63427472114563
2.7503573894500732
2.81107759475708
2.842782497406006
3.0556671619415283
3.161978006362915
2.919261932373047
2.8701727390289307
3.1667473316192627
2.7905170917510986
2.9959964752197266
2.6802175045013428
2.4051241874694824
3.0722415447235107
2.5635886192321777
2.685194730758667
2.631768226623535
2.8524458408355713
2.9586565494537354
2.939845323562622
3.0744922161102295
2.641514301300049
2.8784730434417725
2.892519235610962
2.9693541526794434
2.9092652797698975
2.561336040496826
2.6950299739837646
2.581361770629883
2.70969557762146
2.8422818183898926
2.7760159969329834
3.18143630027771
2.632927894592285
2.6812636852264404
2.8749587535858154
2.802467107772827
2.4571499824523926
2.814981698989868
2.4850986003875732
2.4185376167297363
2.5024635791778564
2.838979721069336
2.728184461593628
3.0816855430603027
2.709399700164795
2.7278406620025635
2.520703077316284
2.9075398445129395
2.6505448818206787
2.5597517490386963
2.7367653846740723
2.820962429046631
2.542505979537964
2.7152116298675537
2.6493473052978516
2.6868197917938232
2.4676167964935303
2.618966817855835
3.146604537963867
3.035874366760254
2.484361410140991
2.791348695755005
2.784027576446533
2.4851014614105225
2.6078684329986572
2.6537551879882812
2.6505422592163086
2.8767788410186768
2.519534111022949
2.5522077083587646
2.423466205596924
2.4523305892944336
2.5874440670013428
2.74949049949646
2.7039198875427246
2.734468460083008
2.440469980239868
2.3728809356689453
2.7212133407592773
2.7510266304016113
2.442207098007202
2.741377115249634
2.959400177001953
2.4459478855133057
2.4372057914733887
2.9399662017822266
2.7207841873168945
2.5153493881225586
3.0949759483337402
2.6386821269989014
2.3132388591766357
2.5502521991729736
2.457035779953003
3.036358594894409
2.433844804763794
2.298985481262207
2.6289525032043457
2.573249578475952
2.3649821281433105
2.713320732116699
2.6752560138702393
2.487046957015991
2.73234224319458
2.765305519104004
2.6016433238983154
2.642045497894287
2.9782068729400635
2.537647247314453
2.6485838890075684
2.6394505500793457
2.368732452392578
2.408414363861084
2.5396249294281006
2.5251712799072266
2.4837114810943604
2.845576286315918
2.4351792335510254
2.369138479232788
2.5564234256744385
2.5600597858428955
2.8328588008880615
2.410883665084839
2.212172508239746
2.382887363433838
2.667635202407837
2.6659131050109863
2.639688491821289
2.6907525062561035
2.72456693649292
2.5691895484924316
2.658759117126465
2.461317300796509
2.35347056388855
2.4188756942749023
2.6770215034484863
2.526677370071411
2.369718074798584
2.181330680847168
2.4284305572509766
2.780449867248535
2.4299845695495605
2.474229335784912
2.529451608657837
2.610085964202881
2.431875467300415
2.7619829177856445
2.4595727920532227
2.2625091075897217
2.6175107955932617
2.146834373474121
2.429762363433838
2.7320244312286377
2.5119247436523438
2.3692290782928467
2.689580202102661
2.4440934658050537
2.754401445388794
2.6521735191345215
2.688711643218994
2.3783740997314453
2.726677179336548
2.5592141151428223
2.7760462760925293
2.748777389526367
2.7518699169158936
2.5955302715301514
2.3907735347747803
3.0570218563079834
2.4730701446533203
2.3848180770874023
2.1774868965148926
2.820122241973877
2.357377767562866
2.6194186210632324
2.079402208328247
2.174351215362549
2.5737416744232178
2.6863560676574707
2.1805479526519775
2.2294187545776367
2.2140052318573
2.903815746307373
2.5614051818847656
2.30010986328125
2.268580913543701
2.420741081237793
2.376209020614624
2.5139050483703613
2.2928435802459717
2.558500289916992
2.4667720794677734
2.8949520587921143
2.6261401176452637
2.4196269512176514
2.3815128803253174
2.290802001953125
2.2048308849334717
2.569338083267212
2.4920494556427
2.514495372772217
2.4693591594696045
2.5452628135681152
2.4365100860595703
2.4784886837005615
2.3517203330993652
2.5219759941101074
2.5732927322387695
2.550752639770508
2.1911251544952393
2.3485329151153564
2.1548545360565186
2.5024867057800293
2.220405101776123
2.493103504180908
2.2346384525299072
2.436291217803955
2.381999969482422
2.4270570278167725
2.2689154148101807
2.812614917755127
2.5185346603393555
2.6802926063537598
2.393587827682495
2.434410810470581
2.325683116912842
2.39487886428833
2.307272434234619
1.9629520177841187
2.706096649169922
2.372441053390503
2.734076738357544
2.1098639965057373
2.40899920463562
2.816826343536377
1.9191844463348389
2.2911596298217773
2.616823196411133
2.471055269241333
2.2380428314208984
2.4452016353607178
2.3059089183807373
2.496049404144287
1.9618726968765259
2.1367499828338623
2.4451215267181396
2.388524293899536
1.976757287979126
2.019652843475342
2.0124871730804443
2.3575806617736816
2.594453811645508
2.0011894702911377
2.2211835384368896
2.089108467102051
2.4498848915100098
2.396745443344116
1.9269647598266602
2.2021894454956055
2.1375417709350586
2.28872013092041
2.2161107063293457
2.238585948944092
2.0186305046081543
2.414074182510376
2.15787410736084
1.9713730812072754
2.082005262374878
2.2976431846618652
2.4516756534576416
2.3683278560638428
2.373694896697998
2.5035483837127686
2.0647032260894775
1.8418915271759033
1.960064172744751
2.5160017013549805
1.9663174152374268
2.3485445976257324
2.3097426891326904
2.2544772624969482
2.3050732612609863
2.419226884841919
2.1383039951324463
2.1254827976226807
2.2442164421081543
2.323225736618042
2.224273443222046
2.3431098461151123
1.978057861328125
2.5165205001831055
1.8551994562149048
2.3207919597625732
2.7051239013671875
2.42683744430542
1.9394466876983643
2.254204273223877
2.8601226806640625
2.1015331745147705
2.0922577381134033
2.348743200302124
2.278007984161377
2.3890976905822754
2.360302448272705
1.977513313293457
2.3947951793670654
2.2002923488616943
2.383143424987793
2.054464340209961
2.3790462017059326
1.8225823640823364
2.0197436809539795
2.68192720413208
2.4544677734375
2.5194931030273438
2.149012804031372
2.2172887325286865
1.9456243515014648
1.9695781469345093
2.107228994369507
2.8269665241241455
2.3246357440948486
2.481243133544922
1.9735448360443115
1.9977761507034302
2.207761526107788
2.4987869262695312
2.474496364593506
2.22320818901062
2.1355693340301514
2.2529852390289307
2.4861202239990234
2.285294771194458
1.7710679769515991
2.285933017730713
2.209263801574707
2.4699695110321045
2.2784698009490967
2.381479263305664
2.2725682258605957
2.045994758605957
2.162522792816162
1.9331849813461304
2.0725810527801514
2.1993749141693115
2.0392656326293945
1.991021752357483
1.9841055870056152
2.2772445678710938
2.0586745738983154
1.9196269512176514
2.1283323764801025
2.4130423069000244
2.1927647590637207
2.560662269592285
2.496720552444458
1.959919810295105
2.3039467334747314
2.0230367183685303
1.9190058708190918
2.5613772869110107
2.316749334335327
2.1834189891815186
2.1076865196228027
2.073014974594116
2.2522003650665283
1.9659441709518433
1.955341100692749
2.2709813117980957
1.9820184707641602
1.5946121215820312
2.1247334480285645
2.124779462814331
2.074885606765747
1.8840235471725464
1.9742640256881714
2.4659688472747803
2.1792244911193848
2.1411778926849365
1.8400790691375732
1.746132254600525
2.378685712814331
1.9207382202148438
1.8969907760620117
1.8136138916015625
2.2678093910217285
2.0507869720458984
1.980863094329834
1.9745928049087524
2.154564142227173
2.2019121646881104
2.0741238594055176
2.6438581943511963
2.4312896728515625
2.0318641662597656
1.9463437795639038
1.6884783506393433
1.8915208578109741
2.1822214126586914
1.862958312034607
2.019803047180176
1.9762258529663086
1.7869317531585693
2.2347793579101562
2.3794822692871094
2.208942174911499
2.3334951400756836
2.0502119064331055
2.3459694385528564
1.9183686971664429
2.2624123096466064
2.155254364013672
2.090041160583496
2.253516674041748
1.968337893486023
2.143068552017212
2.018157482147217
1.8870277404785156
2.1743571758270264
1.9510371685028076
2.4242982864379883
2.507648229598999
2.2840287685394287
1.8833746910095215
1.84457528591156
2.223945140838623
1.9641172885894775
1.366503119468689
2.070277690887451
1.7878040075302124
2.2472102642059326
2.086509943008423
1.859264612197876
2.1308975219726562
2.0019757747650146
1.9902855157852173
2.0308520793914795
1.9298334121704102
2.141425132751465
1.9765293598175049
2.0884339809417725
1.7121005058288574
2.1176817417144775
1.9188529253005981
1.940794825553894
1.8771055936813354
1.9609479904174805
2.5275065898895264
1.979090690612793
1.7540552616119385
1.9646798372268677
2.083543539047241
2.1676628589630127
1.8495519161224365
2.072713613510132
1.9285136461257935
1.7625646591186523
1.8647745847702026
1.643146276473999
2.0948565006256104
2.093348979949951
1.8005778789520264
2.193864583969116
1.9131443500518799
1.8275513648986816
1.8099784851074219
2.462053060531616
1.8473116159439087
2.321943521499634
1.7632700204849243
1.6551414728164673
1.9596349000930786
1.849266529083252
2.223255157470703
1.8096915483474731
1.764802098274231
2.220308780670166
2.2449560165405273
1.747443675994873
2.094344139099121
2.015702247619629
2.1554691791534424
1.886873483657837
2.0291600227355957
1.9018282890319824
1.9337396621704102
2.0584897994995117
1.7526745796203613
1.970460295677185
1.9967114925384521
1.6870800256729126
2.201111316680908
1.7372881174087524
2.0235908031463623
1.9630506038665771
1.69026780128479
1.7222013473510742
1.8095911741256714
1.8878273963928223
2.151120185852051
2.059861183166504
2.0696396827697754
1.8254315853118896
1.8799859285354614
2.164546251296997
1.9669660329818726
1.8998044729232788
1.8850188255310059
2.2963035106658936
2.1314914226531982
1.9888761043548584
1.7989422082901
1.7886892557144165
1.865676999092102
1.9053512811660767
2.0376837253570557
1.7577253580093384
1.6957260370254517
2.148794412612915
1.9288133382797241
2.1671934127807617
1.9441794157028198
2.161644458770752
1.5959079265594482
1.8423757553100586
2.03564453125
2.149864435195923
2.1610264778137207
1.8607864379882812
2.110264778137207
1.707587718963623
2.329843282699585
1.807594656944275
1.6823827028274536
2.071354627609253
2.144200086593628
1.7495553493499756
1.7760570049285889
1.781990885734558
1.7643554210662842
1.9528461694717407
2.074481964111328
2.229397773742676
1.9091715812683105
2.203396797180176
2.031010627746582
1.9502731561660767
1.4452792406082153
1.878448486328125
1.655548095703125
1.6808826923370361
1.5110235214233398
1.9316048622131348
1.6916487216949463
1.4701509475708008
1.7129946947097778
1.879180908203125
1.6820220947265625
1.907260537147522
1.9811762571334839
2.1173510551452637
2.03016996383667
1.627826452255249
2.068821430206299
2.233441114425659
1.556321620941162
2.000638961791992
1.886481761932373
1.8320480585098267
1.813041090965271
1.7576247453689575
1.8547216653823853
1.9595623016357422
1.9932514429092407
1.5276321172714233
1.8315770626068115
1.9768143892288208
1.960274338722229
1.8358515501022339
2.2732014656066895
1.4657319784164429
1.4322165250778198
2.2131433486938477
1.709600806236267
1.6402928829193115
1.6247661113739014
1.7416174411773682
1.3675899505615234
1.6351903676986694
1.5496515035629272
2.042365074157715
1.8009694814682007
1.8420170545578003
1.6260583400726318
2.150078058242798
1.9699078798294067
1.830201506614685
1.674031138420105
1.6946043968200684
1.6737847328186035
1.533151388168335
1.8104932308197021
2.2215521335601807
1.503873586654663
1.65668523311615
1.5275838375091553
1.7308392524719238
1.7727471590042114
1.8392828702926636
1.6227118968963623
1.5348764657974243
2.0657734870910645
1.8597956895828247
1.9573554992675781
1.8743646144866943
1.6108837127685547
1.9177769422531128
2.041494369506836
1.7559784650802612
1.633969783782959
1.929368257522583
1.7593646049499512
1.737324595451355
1.6584044694900513
1.752792477607727
1.6851376295089722
1.736402153968811
1.5520503520965576
1.742629885673523
1.949320912361145
1.339025855064392
1.725540041923523
1.6381632089614868
2.0540647506713867
1.8400152921676636
1.4814740419387817
1.672353744506836
1.614493489265442
1.8944644927978516
1.249077558517456
1.6540035009384155
1.5935406684875488
1.6203035116195679
1.8014627695083618
2.150026321411133
1.7708799839019775
1.503403663635254
1.7189863920211792
1.7609740495681763
1.9669300317764282
1.490596890449524
1.9127126932144165
1.5449821949005127
1.5866327285766602
1.3407076597213745
1.6390061378479004
1.7228350639343262
2.0895280838012695
1.8062752485275269
1.7530337572097778
1.5827453136444092
1.915647268295288
1.66184663772583
1.9393366575241089
1.5704517364501953
2.1397314071655273
1.8464860916137695
1.91017746925354
1.8396600484848022
1.8314273357391357
1.5377929210662842
1.6066094636917114
1.9845592975616455
1.972601056098938
1.6485618352890015
1.7366688251495361
1.7953547239303589
1.459456205368042
1.5073111057281494
1.6709532737731934
1.727156639099121
1.4590435028076172
1.5136573314666748
1.4684795141220093
1.4754847288131714
1.6820446252822876
1.5491995811462402
1.4606208801269531
1.592862606048584
1.4112374782562256
1.4082845449447632
1.3703546524047852
1.6506052017211914
1.6863861083984375
1.7623811960220337
1.5642679929733276
1.3641858100891113
1.658846139907837
1.791743278503418
1.7218273878097534
2.0510666370391846
1.6528364419937134
1.5754621028900146
1.594282865524292
1.8358737230300903
1.5616066455841064
1.587523341178894
1.5422160625457764
1.6305644512176514
1.7584818601608276
1.798620343208313
1.3145835399627686
1.6773244142532349
2.0545425415039062
1.6588940620422363
1.5134676694869995
1.6666616201400757
1.5769309997558594
1.860379934310913
1.6406333446502686
1.71849524974823
1.3023310899734497
1.381081461906433
1.7777519226074219
1.4213192462921143
1.5624582767486572
1.6450179815292358
1.5390498638153076
1.6560088396072388
1.731040120124817
1.4405508041381836
1.7426401376724243
1.7472925186157227
1.8535916805267334
1.6667026281356812
1.4100346565246582
1.9947751760482788
1.4723528623580933
1.4680848121643066
1.5574427843093872
1.4458822011947632
1.5946171283721924
1.6831903457641602
1.387020468711853
1.4330755472183228
1.5308523178100586
1.7571269273757935
1.7094008922576904
1.2685153484344482
1.648361325263977
1.6271840333938599
1.706992506980896
1.7769638299942017
1.9185333251953125
1.7437207698822021
1.6148293018341064
1.6307803392410278
1.823733925819397
1.4264920949935913
1.7013241052627563
1.1928926706314087
1.4440091848373413
1.5730897188186646
1.4334368705749512
1.5085173845291138
1.4290530681610107
1.6336500644683838
1.3284019231796265
1.391087532043457
1.5973974466323853
1.6851158142089844
1.172465205192566
1.3728880882263184
1.5600833892822266
1.6088659763336182
1.361258864402771
1.3213995695114136
1.7563484907150269
1.238623857498169
1.7821298837661743
1.6541359424591064
1.3528066873550415
1.4202618598937988
1.4347105026245117
1.6457806825637817
1.2936086654663086
1.5068230628967285
1.499739646911621
1.9856884479522705
1.5339845418930054
1.6983637809753418
1.2572860717773438
1.3494417667388916
1.382885456085205
1.2932101488113403
1.6186113357543945
1.3496274948120117
1.5474883317947388
1.3937807083129883
1.119261384010315
1.4634813070297241
1.5718255043029785
1.473327398300171
1.765798568725586
1.3337687253952026
1.4237713813781738
1.5218373537063599
1.2802859544754028
1.2347478866577148
1.3522402048110962
1.767851710319519
1.3491004705429077
1.7631295919418335
1.4630382061004639
1.1396428346633911
1.2906746864318848
1.3365813493728638
1.5063738822937012
1.8169440031051636
1.264958143234253
1.6122050285339355
1.4792817831039429
1.3551843166351318
1.538385033607483
1.385596752166748
1.2781087160110474
1.5757670402526855
1.7221659421920776
1.6248856782913208
1.3691755533218384
1.2485648393630981
1.3243643045425415
1.5972681045532227
1.5475139617919922
1.5178148746490479
1.316723346710205
1.7336766719818115
1.4640223979949951
1.8538215160369873
1.3484218120574951
1.1461176872253418
1.6787307262420654
1.1920700073242188
1.6340466737747192
1.6006431579589844
0.9657772779464722
1.2822574377059937
1.2531355619430542
1.3247044086456299
1.3677383661270142
1.5466301441192627
1.5434253215789795
1.507413625717163
1.655663013458252
1.180977463722229
1.7492073774337769
1.6313838958740234
1.3130241632461548
1.3162407875061035
1.4800422191619873
1.3461756706237793
1.301531434059143
1.3869751691818237
1.118420958518982
1.291991114616394
1.083099603652954
1.2800660133361816
1.527799129486084
1.6312223672866821
1.2553683519363403
1.274630069732666
1.629520297050476
1.4475964307785034
1.3258670568466187
1.4615556001663208
1.3936662673950195
1.1794068813323975
1.341015100479126
1.335990309715271
1.0915493965148926
1.0905271768569946
1.2845537662506104
1.2316720485687256
1.3622232675552368
1.5255519151687622
1.5979846715927124
1.1258370876312256
1.4096870422363281
1.2326234579086304
1.424107551574707
1.2099714279174805
1.2440221309661865
1.3547642230987549
1.6210156679153442
1.3736740350723267
1.3149340152740479
1.3327834606170654
1.2391858100891113
1.424648642539978
1.0661221742630005
1.4687798023223877
1.5113497972488403
1.3484474420547485
1.397304654121399
1.5295449495315552
1.4311505556106567
1.2761902809143066
1.8293123245239258
1.057013750076294
1.2933820486068726
1.5755536556243896
1.123150110244751
1.5743615627288818
1.2760674953460693
1.248305320739746
1.5269169807434082
1.096786379814148
1.6246246099472046
1.1228764057159424
1.1840171813964844
1.2829515933990479
1.3395062685012817
1.5031555891036987
1.3293260335922241
1.4433135986328125
1.4281281232833862
1.4113349914550781
1.4312466382980347
1.3647290468215942
0.9985548257827759
1.2012971639633179
1.2220479249954224
1.3761652708053589
1.4674360752105713
1.5899035930633545
1.254626750946045
1.1381512880325317
1.4030050039291382
1.533864974975586
1.5406644344329834
1.1164501905441284
1.0264590978622437
1.4645839929580688
1.6011546850204468
1.333469271659851
1.2595162391662598
1.150842547416687
1.4285465478897095
0.8780718445777893
1.406141757965088
1.3714447021484375
1.5032835006713867
1.1641533374786377
1.0896888971328735
1.1204453706741333
1.533450722694397
1.3396451473236084
1.2847529649734497
1.152028203010559
1.2813457250595093
1.192665696144104
1.2228130102157593
1.2564747333526611
1.2856358289718628
1.128446340560913
1.3831682205200195
1.1438597440719604
1.3331586122512817
1.577271819114685
0.8733718395233154
1.0885851383209229
1.2739605903625488
1.2122513055801392
1.4330475330352783
1.4389206171035767
1.3874863386154175
1.651387095451355
1.3215789794921875
1.441297173500061
1.2025809288024902
0.9014414548873901
1.1009047031402588
1.3801259994506836
1.3327243328094482
1.2864303588867188
1.4680919647216797
1.2232496738433838
1.426583170890808
1.0304532051086426
1.323325514793396
1.2486567497253418
1.1891893148422241
1.3606618642807007
1.4157254695892334
1.0897847414016724
1.2746368646621704
1.7242660522460938
1.4208261966705322
1.4156426191329956
1.1265881061553955
1.0483759641647339
1.081990361213684
1.3452246189117432
1.391264796257019
1.1004735231399536
1.0835862159729004
1.4560569524765015
1.1321349143981934
1.266819953918457
1.1842516660690308
1.0586320161819458
1.3888401985168457
1.144924283027649
1.1620659828186035
1.093870997428894
1.0531988143920898
0.938201367855072
1.1589864492416382
1.148797869682312
1.1861023902893066
0.9618869423866272
1.4069242477416992
0.93096923828125
1.248883605003357
0.9408069849014282
1.6433459520339966
1.0687201023101807
1.2213162183761597
1.1114383935928345
1.1841435432434082
1.0467848777770996
1.23946213722229
1.5570701360702515
1.4212363958358765
1.2117533683776855
1.1464189291000366
1.192651629447937
1.0780082941055298
1.213421106338501
1.2439897060394287
1.30424964427948
1.1920340061187744
1.301958680152893
1.2420061826705933
1.2694977521896362
0.656618595123291
1.1145411729812622
1.5577061176300049
1.3289562463760376
1.030417561531067
1.1875289678573608
1.2171080112457275
0.9653400182723999
0.8162561655044556
0.9879876971244812
1.3056304454803467
1.2188080549240112
0.9733047485351562
1.0479068756103516
1.397347092628479
1.1954234838485718
1.4107694625854492
1.1938732862472534
1.197300672531128
0.9909876585006714
1.1153029203414917
1.19640052318573
1.1130998134613037
1.2388582229614258
1.1788113117218018
1.1727782487869263
1.0097057819366455
1.0492569208145142
1.2172681093215942
0.9380544424057007
0.8186161518096924
1.2010334730148315
1.335447072982788
0.9928428530693054
1.1273216009140015
1.228486180305481
1.3609833717346191
1.0909886360168457
1.321946620941162
1.2728241682052612
1.138238787651062
1.2286491394042969
1.157554268836975
1.1391805410385132
0.9447264075279236
1.2628804445266724
0.9646344780921936
1.048715353012085
1.0507819652557373
0.812888503074646
0.8034396767616272
1.0877712965011597
1.2284088134765625
0.8925468921661377
1.021610975265503
1.1321841478347778
0.8137966394424438
1.200059413909912
0.9605205655097961
1.364683985710144
1.2721266746520996
0.9837402105331421
0.9720156192779541
0.9958983659744263
1.0556730031967163
0.959080159664154
1.1991262435913086
0.8698289394378662
1.3695011138916016
1.1865999698638916
1.2496765851974487
1.392652153968811
0.9492669701576233
1.2656203508377075
1.002134084701538
1.0427459478378296
1.2125170230865479
0.8880851864814758
0.9042592644691467
1.0085831880569458
0.9717838764190674
1.3527400493621826
1.2401657104492188
1.1450318098068237
1.23103928565979
0.9764068126678467
0.9209727644920349
0.9999518394470215
0.953563928604126
1.1594194173812866
0.9316724538803101
0.8812246918678284
1.0648876428604126
1.0557039976119995
1.144814372062683
0.8935511112213135
0.8713312745094299
1.0067245960235596
1.3255126476287842
0.9686172008514404
1.084998369216919
0.8258424997329712
0.8184717297554016
1.108744502067566
1.0802206993103027
1.3768876791000366
1.0387606620788574
1.0762602090835571
1.3310718536376953
0.9664762020111084
1.1608935594558716
1.6625880002975464
1.0554701089859009
0.7936785817146301
1.3274389505386353
0.804371178150177
0.8927479982376099
1.1134672164916992
0.9425300359725952
1.0649659633636475
1.2706159353256226
0.9335893392562866
0.789238452911377
1.1314197778701782
0.8816744685173035
0.8151564598083496
0.7979106307029724
1.0289571285247803
0.9062126278877258
0.757378339767456
0.9920204877853394
1.137876033782959
1.4362634420394897
0.8287416696548462
0.7746087312698364
0.7401337623596191
1.134829044342041
0.8728567361831665
0.833820641040802
1.0773271322250366
1.0795834064483643
0.982491672039032
1.0777803659439087
0.8871622681617737
0.9226120114326477
1.1294256448745728
1.3153786659240723
1.1334645748138428
0.8715894222259521
1.032476544380188
1.2126613855361938
0.9141033291816711
1.1403776407241821
1.083356261253357
1.048389196395874
1.0534261465072632
0.9094473719596863
1.124955177307129
0.743553638458252
1.0220540761947632
0.8299515247344971
0.9463906288146973
1.0590803623199463
0.9123964905738831
0.7960410714149475
0.8123635053634644
1.0965739488601685
0.8547818660736084
1.0403733253479004
0.8888928294181824
1.0740967988967896
0.9291192889213562
0.8833455443382263
1.0757862329483032
0.8662182688713074
0.9771219491958618
1.0676075220108032
1.2308682203292847
1.0987547636032104
1.006147027015686
1.0708763599395752
0.8479013442993164
0.7625570297241211
1.010349988937378
1.06527841091156
1.0177479982376099
0.8965003490447998
1.1414954662322998
0.8810901045799255
1.0506802797317505
0.9775181412696838
1.0235673189163208
1.2998697757720947
0.8179362416267395
0.7690364122390747
0.9897846579551697
0.9889369606971741
1.065982699394226
1.0224692821502686
0.8167062997817993
0.6656991839408875
0.9205650091171265
0.8737562894821167
0.9500211477279663
0.9492445588111877
0.8087098598480225
1.1416219472885132
0.947395920753479
0.9992544054985046
0.9982385039329529
1.119118571281433
0.5833008885383606
0.9673470258712769
1.1711769104003906
0.6509329676628113
0.8721840381622314
0.9303486943244934
0.8921427726745605
0.8538305759429932
0.736573338508606
1.2084721326828003
0.8377133011817932
0.8875929713249207
1.1949955224990845
1.1760097742080688
0.7800168395042419
0.8340268731117249
0.889155387878418
0.8700783252716064
0.7179344892501831
0.9624249935150146
0.8131865859031677
0.7176392078399658
1.0125402212142944
0.709100067615509
1.247800588607788
0.9091074466705322
1.2945834398269653
1.0886647701263428
0.8308285474777222
0.824169397354126
0.7436243295669556
0.9975914359092712
1.0489959716796875
1.210269570350647
0.7631011009216309
0.8442046642303467
0.9532546997070312
0.9420737028121948
0.7422071695327759
0.7594768404960632
0.853329062461853
0.9544216394424438
0.929767370223999
0.7901524901390076
1.040268063545227
0.8886570930480957
0.7026099562644958
0.8603321313858032
0.7377660274505615
1.162898063659668
0.8289301991462708
0.8037453889846802
0.5742624402046204
0.93971186876297
0.7811664342880249
1.039268136024475
0.7477054595947266
0.7714442610740662
0.7969077825546265
1.003246545791626
0.7880735993385315
0.8080153465270996
0.7934659719467163
1.1296746730804443
0.8121711611747742
0.6159056425094604
1.1082727909088135
0.8445417881011963
0.7403522729873657
0.9256179332733154
0.759373128414154
0.8538629412651062
0.8260013461112976
0.904657781124115
0.8556632995605469
0.7519294619560242
0.9225327968597412
0.8634727597236633
0.6229106783866882
0.6725120544433594
0.9708671569824219
0.6935717463493347
1.2558515071868896
0.9833670258522034
0.9620365500450134
0.8330323696136475
0.6202585697174072
1.0311719179153442
1.0266532897949219
0.7843026518821716
0.6794397234916687
1.1189992427825928
0.8761924505233765
0.9307751655578613
0.787591278553009
1.0203447341918945
0.7850537896156311
0.7487289905548096
0.9956498146057129
0.5572512149810791
0.786634087562561
0.6591707468032837
0.6931658983230591
0.6892256736755371
0.5933032631874084
0.7802029848098755
0.7713590860366821
0.9961510896682739
0.8035260438919067
0.6799814105033875
0.7029062509536743
0.7697505950927734
0.8121485114097595
0.7274059653282166
0.6739393472671509
0.833948016166687
0.8547709584236145
0.8483553528785706
0.8398277163505554
0.8181058168411255
1.0052708387374878
1.0009726285934448
0.6979840993881226
1.0563281774520874
0.47009146213531494
0.6850709915161133
0.9145452976226807
0.6901180148124695
1.0404529571533203
0.8921125531196594
0.9047756195068359
0.7338505983352661
0.5266773700714111
0.47010698914527893
1.1024476289749146
0.5501360297203064
0.9232599139213562
0.6230688691139221
0.9255883693695068
0.6777176856994629
0.7379817962646484
0.9228146076202393
0.8021194338798523
0.6863811612129211
0.8208208084106445
0.7104821801185608
0.5926682353019714
0.7680584192276001
0.939650297164917
0.480534166097641
0.9095467925071716
0.9613564014434814
0.7414583563804626
0.7871056199073792
0.8275530934333801
0.8050268888473511
0.8702808022499084
0.665583610534668
0.7961491942405701
0.5928163528442383
0.982666015625
0.7908258438110352
0.4708392918109894
0.6497354507446289
0.660844087600708
0.8229265213012695
0.6637935042381287
0.7658786773681641
0.4757184684276581
0.8245501518249512
0.7724911570549011
0.6575260162353516
0.6171399354934692
0.7289220094680786
0.5475188493728638
0.9135408401489258
0.7995610237121582
0.8680751323699951
0.8187655210494995
0.8925524353981018
0.7818894982337952
0.9953120946884155
0.7522367835044861
0.6395739316940308
0.6223819851875305
0.8452939391136169
0.663191020488739
0.6382471323013306
0.8822299838066101
0.645020604133606
0.7093187570571899
0.7239989638328552
0.7694723606109619
0.7134294509887695
0.6058199405670166
0.49719539284706116
0.5656352043151855
0.9602800607681274
0.5817120671272278
0.5391790270805359
0.5796786546707153
0.5914800763130188
1.177208423614502
0.5629425644874573
0.912280261516571
0.43806323409080505
0.6246288418769836
0.6284452676773071
0.7293429374694824
0.47956210374832153
0.6070950031280518
0.5733222961425781
0.6086006164550781
0.757645308971405
0.8290727734565735
0.6573876142501831
0.5217037200927734
0.6985978484153748
0.7955330014228821
0.5361796021461487
0.7605118751525879
0.638641357421875
0.636159360408783
0.5965185165405273
0.8201508522033691
0.644723653793335
0.5132825970649719
0.9081814289093018
0.5459855794906616
0.595951497554779
0.9083531498908997
0.7845833897590637
0.5767049193382263
0.8800742030143738
0.7022546529769897
0.5880743861198425
0.7310312986373901
0.7121840715408325
0.5566956400871277
0.6462215781211853
0.561333954334259
0.6421579718589783
0.7481358647346497
0.766145646572113
0.7892665266990662
0.6508876085281372
0.6657895445823669
0.9958131909370422
0.42778605222702026
0.7519245743751526
0.45000091195106506
0.7958804965019226
0.7122946381568909
0.7596510052680969
0.5994395017623901
0.5913193225860596
0.6201332211494446
0.6855401396751404
0.621695339679718
0.5957369804382324
0.5302854776382446
0.5628618597984314
0.5387656092643738
0.6409586668014526
0.6903545260429382
0.8232597708702087
0.7582681179046631
0.6466944217681885
0.6519924402236938
0.7008277773857117
0.6682046055793762
0.3924522399902344
0.641070544719696
0.5847309231758118
0.5946908593177795
0.7101499438285828
0.6831710934638977
0.6985231637954712
0.520670473575592
0.7141299247741699
0.6902031898498535
0.5332362651824951
0.62555330991745
0.5288275480270386
0.5060893893241882
0.8009727001190186
0.7023960947990417
0.5224801301956177
0.7380836606025696
0.6254104971885681
0.5435066223144531
0.3917679190635681
0.766218364238739
0.9134887456893921
0.7676460146903992
0.8645347356796265
0.5302082300186157
