1.836
2.48
3.076
3.418
3.93
4.308
4.884
5.296
5.572
5.924
6.392
6.876
7.056
7.538
7.906000000000001
8.288
8.696
9.218
9.564
9.916
10.108
10.436
10.884
11.28
11.372
11.86
12.112
12.454
12.753999999999998
13.224
13.536000000000001
13.728000000000002
14.354
14.632000000000001
15.143999999999998
15.198
15.665999999999999
16.006
16.476
16.85
17.142
17.166
17.82
18.25
18.584
19.02
19.228
19.276
19.72
20.338
20.580000000000002
20.796
21.09
21.52
21.812
22.162000000000003
22.23
22.692
22.686
23.374
23.618
23.948
24.176000000000002
24.766
24.44
25.018
25.541999999999998
26.057999999999996
25.875999999999998
26.386
26.674
26.979999999999997
27.258
27.624
27.755999999999997
28.304000000000002
28.439999999999998
28.766000000000002
28.871999999999996
29.39
29.584
29.706
30.206
30.182
30.508000000000003
30.715999999999998
31.218
31.441999999999997
31.666
32.23
32.302
32.666000000000004
33.044000000000004
33.129999999999995
33.488
33.73
33.948
34.184
34.611999999999995
35.024
35.33
35.392
35.76
35.896
36.126000000000005
36.480000000000004
36.446
36.686
37.308
37.669999999999995
37.488
37.96
38.35
38.388
38.696000000000005
39.244
39.33
39.698
39.696
40.262
40.26
40.23
40.738
41.214
41.166000000000004
41.742000000000004
41.8
42.032000000000004
42.546
42.620000000000005
43.26
43.152
43.62
43.716
44.134
44.17
44.507999999999996
44.9
44.718
45.166000000000004
45.786
45.576
46.1
46.142
46.550000000000004
46.92
47.006
47.306
47.524
48.065999999999995
48.08
48.370000000000005
48.902
48.71
49.192
49.058
49.498
50.092000000000006
50.09400000000001
50.304
50.434
51.160000000000004
50.944
51.542
51.885999999999996
51.870000000000005
51.888
52.466
52.751999999999995
52.794
53.32599999999999
53.282
53.568000000000005
53.837999999999994
54.24
54.504
54.800000000000004
54.732
55.047999999999995
55.47800000000001
55.608000000000004
55.638
56.11000000000001
56.24
56.42
56.806
57.07600000000001
57.211999999999996
57.598000000000006
57.830000000000005
57.888
58.556
58.29
58.76
58.87
58.996
59.541999999999994
59.256
60.238
60.218
60.364
60.866
60.586
61.44199999999999
60.998
61.452
61.952
62.244
62.43
62.727999999999994
62.566
63.132
63.480000000000004
63.641999999999996
63.648
63.839999999999996
63.775999999999996
64.27199999999999
64.754
64.912
65.01599999999999
65.41
65.634
65.312
65.956
66.352
66.434
66.658
66.878
67.08800000000001
67.75
67.792
68.16799999999999
68.078
68.286
68.552
68.692
69.132
69.164
69.57799999999999
69.798
69.986
69.994
70.486
70.756
71.178
71.122
70.97
71.50800000000001
71.178
72.072
71.906
72.378
72.52
73.012
72.98400000000001
73.24000000000001
73.42999999999999
73.476
73.72800000000001
73.668
74.044
74.556
74.83999999999999
74.616
75.048
75.056
75.40599999999999
75.58399999999999
76.01
76.188
75.912
76.512
76.422
76.80399999999999
77.27000000000001
77.34400000000001
77.29599999999999
77.45400000000001
77.828
77.866
78.29
78.346
78.618
79.018
79.184
79.006
79.664
79.664
79.804
79.774
80.098
80.33200000000001
80.43400000000001
80.734
80.934
80.83399999999999
80.994
81.11
81.65599999999999
