4.554764279319198
4.4804531454735095
4.443325354924897
4.406979545607896
4.368957945148049
4.3325063145678975
4.300712186662133
4.26694068609906
4.239069877073283
4.202006755582512
4.165866658510759
4.131538870389504
4.099152247009375
4.074444144583114
4.0503724197597455
4.025566512361512
3.9951619958633655
3.97569686006707
3.9486620191418
3.926789830712711
3.9003960604557903
3.8782721010925214
3.853192465384598
3.8264443566427206
3.8080885446894808
3.779767959014229
3.758354328782357
3.7359776487740715
3.7113058710342175
3.6895442222390336
3.6669450409881903
3.6433904869172276
3.6256894333588194
3.5978045445269027
3.5774256548918117
3.5554391624372634
3.52968594912068
3.507172054341992
3.48870424632831
3.467199633493448
3.4494489156986443
3.4300421500754785
3.4067001830586388
3.3935649410233166
3.3709801017780743
3.349765954420085
3.331134677847938
3.3188283010516937
3.3032615017098235
3.278269159824342
3.2611405331155527
3.2427256762828973
3.224514208486318
3.209608978322705
3.189272910127859
3.175080907619213
3.162613217178208
3.141567692732262
3.123780901169838
3.105040992922185
3.0936569765095823
3.077017662775181
3.0583865831575126
3.03424145986357
3.0301536611278954
3.010276716078639
2.9901941307365436
2.970367395969303
2.9647447986675957
2.9418500792949707
2.9235805513913675
2.912957895442348
2.895537008105032
2.8812888272278143
2.8633273946659643
2.845223343890646
2.8387994165615655
2.813658381971862
2.8057528651888717
2.798486766302982
2.7771017517884977
2.7651778148568193
2.748740414524322
2.738881742253023
2.721241952818068
2.7127397066491947
2.6935069871985395
2.675756355685651
2.6670317503497425
2.649452782043106
2.641974219275862
2.6324750901488088
2.604998821797578
2.599242707042743
2.586629499559817
2.5753173277811015
2.5657404813620137
2.5486066789578294
2.5319158924205225
2.5195157213894
2.503928608296777
2.4942860362474875
2.475334504376287
2.4675435134212074
2.4549179856124743
2.4472617282891824
2.4348537892941624
2.423719605826356
2.409392221809348
2.392386688905604
2.383337776679212
2.369158124222475
2.3538945814227814
2.3477486242418704
2.3339400738096603
2.3145348098881713
2.311057233139682
2.290196505653889
2.291632268739783
2.271794623883484
2.2633523474568906
2.2577430223260087
2.2358875690823625
2.224516341753323
2.2137053142423215
2.199916427397667
2.186297455254723
2.188115960344329
2.165286541747315
2.157468096679434
2.1383813535770795
2.131708623503175
2.1183960561252313
2.114362931160061
2.106013320443575
2.0860406071938518
2.0766007944446088
2.0667573774562165
2.057400411809497
2.0471752282908504
2.032157515016053
2.020159303837115
2.0142410335028567
1.999126932047822
1.9871677698381722
1.9727259212747559
1.9733601741473694
1.9582788300941059
1.9388732702835747
1.9325655839022469
1.9238993548371297
1.9108542992025994
1.9003004463737274
1.8911920273700333
1.8814220701337165
1.8706933823997711
1.8571136796565921
1.8542951092390758
1.8371516795414489
1.8217279231151962
1.818161439407817
1.7980365535182417
1.7958197505272868
1.7867702742671723
1.7745819494242558
1.761100314919601
1.7598648266414243
1.743222853716682
1.7292529234800802
1.7231232498003088
1.7080854436625605
1.6996362668169125
1.6936345522665917
1.6839759996175157
1.6658062724506153
1.6518320336061365
1.6468195669791277
1.6413089933297824
1.6309007498461876
1.617615734829622
1.612886990122783
1.6031238779692394
1.5905246888585103
1.5744701200129125
1.5747597986627417
1.5563227525147636
1.5433131945712486
1.5423718549101555
1.527355937320558
1.5135565910802777
1.507711990333884
1.4958849197153545
1.491746823196216
1.4785498862376298
1.4749935917994554
1.46092070200864
1.4556760101976907
1.4492475650347103
1.427839197389915
1.4253823294511536
1.413783037753971
1.3957111362148733
1.3980956098155293
1.3804867516088364
1.385455188925004
1.3654092108959432
1.3536906051056465
1.3493682011923827
1.3397874587484637
1.3239383762297423
1.3270489758695179
1.3166666093384822
1.2948327505832438
1.2922010044460102
1.2854296424047416
1.2726452072410632
1.268671913143924
1.2596766782538664
1.2419993007731864
1.2387926210375393
1.234966629149054
1.2142349780368074
1.2139504776738794
1.2127925749782407
1.1892348692545196
1.183119835451131
1.1771070278056748
1.1686363698881301
1.1610161184959704
1.1472631472608317
1.1347286599828763
1.1341368747336784
1.1162292582299702
1.1157765153728787
1.1072579381411032
1.1022379202458559
1.0872515907982732
1.0803436132343225
1.0816895353519702
1.0590862163802242
1.0513824110140886
1.0493553571993737
1.0468707554937933
1.027857441807647
1.0227127544715275
1.010525473319661
1.0042748204277605
1.0015296109039764
0.9900060764435307
0.9955528080463409
0.9729384356142615
0.9729694443590501
0.9575032025499417
0.9508784968224938
0.9403939757810529
0.9362549994455274
0.9303948360178477
0.9205700134682229
0.9088749546376641
0.9090243342434964
0.9064884495247355
0.8931160394645408
0.8847277815765737
0.8686318713838183
0.8700900113643588
0.8588830348475814
0.8559971287884676
0.8484913122547252
0.8387135679993178
0.8343251273226555
0.8233859773410861
0.8224553527200923
0.8122534777807153
0.8065109811246852
0.8008942233250879
0.7868713960623193
0.7834051415286101
0.7814813872127582
0.7708280437513996
0.7613602324443705
0.7541015218667058
0.752176592874405
0.7457750802454741
0.7400545945100467
0.7238128107145924
0.716853494229524
0.7168519982825154
0.7058805846573447
0.7005949474661551
0.6965567926921503
0.6903438497611019
0.6878904990299278
0.6764526270768222
0.6727591410774709
0.6644992693077267
0.6602468119786523
0.6601156000514774
0.6521349151421081
0.6463525979720113
0.6336898604012511
